   t     nR      nF
0.000000  1.254189  1.200000
0.050000  1.241647  1.209151
0.100000  1.228220  1.217531
0.150000  1.214861  1.225867
0.200000  1.200780  1.233335
0.250000  1.186771  1.240764
0.300000  1.172207  1.247239
0.350000  1.157716  1.253683
0.400000  1.142838  1.259103
0.450000  1.128032  1.264498
0.500000  1.113002  1.268816
0.550000  1.098042  1.273118
0.600000  1.083012  1.276306
0.650000  1.068050  1.279484
0.700000  1.053162  1.281530
0.750000  1.038337  1.283574
0.800000  1.023717  1.284482
0.850000  1.009156  1.285396
0.900000  0.994916  1.285188
0.950000  0.980729  1.284992
1.000000  0.966966  1.283703
1.050000  0.953250  1.282430
1.100000  0.940044  1.280105
1.150000  0.926878  1.277803
1.200000  0.914295  1.274499
1.250000  0.901746  1.271222
1.300000  0.889837  1.267005
1.350000  0.877958  1.262818
1.400000  0.866763  1.257758
1.450000  0.855592  1.252731
1.500000  0.845140  1.246904
1.550000  0.834706  1.241111
1.600000  0.825014  1.234595
1.650000  0.815337  1.228114
1.700000  0.806415  1.220988
1.750000  0.797505  1.213897
1.800000  0.789357  1.206239
1.850000  0.781217  1.198617
1.900000  0.773840  1.190505
1.950000  0.766469  1.182428
2.000000  0.759858  1.173937
2.050000  0.753250  1.165480
2.100000  0.747393  1.156682
2.150000  0.741538  1.147916
2.200000  0.736425  1.138880
2.250000  0.731311  1.129875
2.300000  0.726927  1.120665
2.350000  0.722541  1.111485
2.400000  0.718871  1.102162
2.450000  0.715199  1.092866
2.500000  0.712230  1.083487
2.550000  0.709257  1.074133
2.600000  0.706972  1.064749
2.650000  0.704683  1.055389
2.700000  0.703069  1.046049
2.750000  0.701450  1.036730
2.800000  0.700492  1.027478
2.850000  0.699530  1.018245
2.900000  0.699216  1.009120
2.950000  0.698897  1.000015
3.000000  0.699215  0.991054
3.050000  0.699528  0.982111
3.100000  0.700466  0.973348
3.150000  0.701400  0.964602
3.200000  0.702949  0.956066
3.250000  0.704493  0.947546
3.300000  0.706644  0.939266
3.350000  0.708790  0.931000
3.400000  0.711535  0.922999
3.450000  0.714274  0.915011
3.500000  0.717605  0.907312
3.550000  0.720931  0.899626
3.600000  0.724842  0.892249
3.650000  0.728747  0.884884
3.700000  0.733231  0.877847
3.750000  0.737709  0.870822
3.800000  0.742760  0.864143
3.850000  0.747806  0.857474
3.900000  0.753419  0.851168
3.950000  0.759025  0.844871
4.000000  0.765193  0.838952
4.050000  0.771355  0.833043
4.100000  0.778072  0.827524
4.150000  0.784782  0.822014
4.200000  0.792040  0.816909
4.250000  0.799290  0.811813
4.300000  0.807081  0.807133
4.350000  0.814864  0.802462
4.400000  0.823178  0.798219
4.450000  0.831483  0.793985
4.500000  0.840308  0.790191
4.550000  0.849123  0.786405
4.600000  0.858445  0.783072
4.650000  0.867756  0.779747
4.700000  0.877557  0.776885
4.750000  0.887347  0.774031
4.800000  0.897608  0.771653
4.850000  0.907857  0.769283
4.900000  0.918554  0.767400
4.950000  0.929237  0.765525
5.000000  0.940342  0.764150
5.050000  0.951431  0.762782
5.100000  0.962912  0.761927
5.150000  0.974374  0.761079
5.200000  0.986192  0.760757
5.250000  0.997989  0.760442
5.300000  1.010100  0.760665
5.350000  1.022187  0.760896
5.400000  1.034541  0.761678
5.450000  1.046868  0.762467
5.500000  1.059407  0.763822
5.550000  1.071918  0.765183
5.600000  1.084577  0.767124
5.650000  1.097206  0.769070
5.700000  1.109915  0.771609
5.750000  1.122590  0.774154
5.800000  1.135268  0.777304
5.850000  1.147909  0.780458
5.900000  1.160470  0.784230
5.950000  1.172990  0.788005
6.000000  1.185337  0.792409
6.050000  1.197640  0.796815
6.100000  1.209671  0.801858
6.150000  1.221655  0.806902
6.200000  1.233261  0.812589
6.250000  1.244817  0.818275
6.300000  1.255882  0.824609
6.350000  1.266896  0.830939
6.400000  1.277301  0.837915
6.450000  1.287652  0.844886
6.500000  1.297274  0.852497
6.550000  1.306841  0.860100
6.600000  1.315557  0.868332
6.650000  1.324217  0.876552
6.700000  1.331904  0.885384
6.750000  1.339537  0.894200
6.800000  1.346076  0.903600
6.850000  1.352564  0.912982
6.900000  1.357846  0.922914
6.950000  1.363079  0.932821
7.000000  1.367003  0.943235
7.050000  1.370883  0.953620
7.100000  1.373361  0.964456
7.150000  1.375802  0.975258
7.200000  1.376765  0.986446
7.250000  1.377698  0.997596
7.300000  1.377096  1.009053
7.350000  1.376473  1.020469
7.400000  1.374279  1.032104
7.450000  1.372073  1.043693
7.500000  1.368284  1.055404
7.550000  1.364493  1.067065
7.600000  1.359133  1.078740
7.650000  1.353782  1.090362
7.700000  1.346900  1.101885
7.750000  1.340038  1.113353
7.800000  1.331710  1.124600
7.850000  1.323414  1.135791
7.900000  1.313739  1.146640
7.950000  1.304107  1.157432
8.000000  1.293208  1.167759
8.050000  1.282361  1.178031
8.100000  1.270378  1.187717
8.150000  1.258455  1.197351
8.200000  1.245543  1.206284
8.250000  1.232696  1.215170
8.300000  1.219019  1.223250
8.350000  1.205411  1.231288
8.400000  1.191139  1.238426
8.450000  1.176939  1.245527
8.500000  1.162242  1.251649
8.550000  1.147618  1.257741
8.600000  1.132663  1.262788
8.650000  1.117781  1.267814
8.700000  1.102728  1.271748
8.750000  1.087744  1.275667
8.800000  1.072742  1.278464
8.850000  1.057806  1.281254
8.900000  1.042991  1.282908
8.950000  1.028237  1.284562
9.000000  1.013731  1.285084
9.050000  0.999281  1.285613
9.100000  0.985190  1.285029
9.150000  0.971150  1.284458
9.200000  0.957565  1.282805
9.250000  0.944025  1.281172
9.300000  0.931022  1.278502
9.350000  0.918057  1.275857
9.400000  0.905697  1.272230
9.450000  0.893369  1.268630
9.500000  0.881698  1.264113
9.550000  0.870055  1.259627
9.600000  0.859109  1.254292
9.650000  0.848186  1.248990
9.700000  0.837990  1.242915
9.750000  0.827812  1.236874
9.800000  0.818381  1.230137
9.850000  0.808964  1.223434
9.900000  0.800306  1.216113
9.950000  0.791658  1.208828
10.000000  0.783774  1.201003
10.050000  0.775897  1.193212
10.100000  0.768783  1.184958
10.150000  0.761673  1.176739
10.200000  0.755321  1.168132
10.250000  0.748972  1.159557
10.300000  0.743371  1.150667
10.350000  0.737771  1.141808
10.400000  0.732909  1.132702
10.450000  0.728046  1.123626
10.500000  0.723908  1.114367
10.550000  0.719769  1.105137
10.600000  0.716341  1.095786
10.650000  0.712910  1.086461
10.700000  0.710177  1.077071
10.750000  0.707440  1.067706
10.800000  0.705387  1.058329
10.850000  0.703330  1.048975
10.900000  0.701943  1.039657
10.950000  0.700551  1.030360
11.000000  0.699816  1.021144
11.050000  0.699076  1.011948
11.100000  0.698980  1.002873
11.150000  0.698880  0.993817
11.200000  0.699412  0.984918
11.250000  0.699940  0.976036
11.300000  0.701090  0.967346
11.350000  0.702235  0.958671
11.400000  0.703992  0.950218
11.450000  0.705744  0.941780
11.500000  0.708101  0.933591
11.550000  0.710452  0.925415
11.600000  0.713400  0.917513
11.650000  0.716342  0.909625
11.700000  0.719874  0.902032
11.750000  0.723400  0.894452
11.800000  0.727509  0.887188
11.850000  0.731613  0.879935
11.900000  0.736293  0.873018
11.950000  0.740968  0.866111
12.000000  0.746214  0.859557
12.050000  0.751454  0.853013
12.100000  0.757259  0.846836
12.150000  0.763059  0.840669
12.200000  0.769417  0.834885
12.250000  0.775769  0.829109
12.300000  0.782674  0.823730
12.350000  0.789573  0.818360
12.400000  0.797016  0.813398
12.450000  0.804453  0.808445
12.500000  0.812426  0.803912
12.550000  0.820391  0.799389
12.600000  0.828884  0.795298
12.650000  0.837368  0.791215
12.700000  0.846367  0.787577
12.750000  0.855356  0.783947
12.800000  0.864847  0.780774
12.850000  0.874327  0.777608
12.900000  0.884292  0.774910
12.950000  0.894244  0.772220
13.000000  0.904661  0.770010
13.050000  0.915064  0.767808
13.100000  0.925908  0.766097
13.150000  0.936736  0.764394
13.200000  0.947978  0.763196
13.250000  0.959202  0.762005
13.300000  0.970806  0.761330
13.350000  0.982391  0.760664
13.400000  0.994318  0.760527
13.450000  1.006224  0.760397
13.500000  1.018428  0.760811
13.550000  1.030608  0.761231
13.600000  1.043036  0.762209
13.650000  1.055437  0.763193
13.700000  1.068029  0.764747
13.750000  1.080592  0.766308
13.800000  1.093282  0.768453
13.850000  1.105939  0.770603
13.900000  1.118652  0.773351
13.950000  1.131329  0.776104
14.000000  1.143982  0.779466
14.050000  1.156596  0.782833
14.100000  1.169099  0.786822
14.150000  1.181560  0.790813
14.200000  1.193816  0.795437
14.250000  1.206026  0.800062
14.300000  1.217929  0.805327
14.350000  1.229784  0.810592
14.400000  1.241222  0.816502
14.450000  1.252610  0.822411
14.500000  1.263467  0.828967
14.550000  1.274272  0.835519
14.600000  1.284426  0.842717
14.650000  1.294527  0.849907
14.700000  1.303856  0.857736
14.750000  1.313131  0.865555
14.800000  1.321510  0.873998
14.850000  1.329836  0.882428
14.900000  1.337146  0.891461
14.950000  1.344402  0.900478
15.000000  1.350525  0.910069
15.050000  1.356598  0.919639
15.100000  1.361427  0.929745
15.150000  1.366209  0.939826
15.200000  1.369648  0.950396
15.250000  1.373045  0.960935
15.300000  1.375012  0.971904
15.350000  1.376944  0.982838
15.400000  1.377375  0.994133
15.450000  1.377779  1.005387
15.500000  1.376633  1.016921
15.550000  1.375468  1.028412
15.600000  1.372725  1.040090
15.650000  1.369973  1.051720
15.700000  1.365639  1.063436
15.750000  1.361308  1.075101
15.800000  1.355416  1.086743
15.850000  1.349537  1.098330
15.900000  1.342146  1.109777
15.950000  1.334779  1.121168
16.000000  1.325973  1.132298
16.050000  1.317201  1.143371
16.100000  1.307088  1.154058
16.150000  1.297019  1.164690
16.200000  1.285727  1.174814
16.250000  1.274489  1.184885
16.300000  1.262164  1.194329
16.350000  1.249900  1.203722
16.400000  1.236701  1.212377
16.450000  1.223568  1.220986
16.500000  1.209661  1.228756
16.550000  1.195825  1.236484
16.600000  1.181382  1.243284
16.650000  1.167011  1.250049
16.700000  1.152201  1.255810
16.750000  1.137464  1.261544
16.800000  1.122451  1.266215
16.850000  1.107511  1.270867
16.900000  1.092452  1.274413
16.950000  1.077463  1.277948
17.000000  1.062505  1.280353
17.050000  1.047611  1.282754
17.100000  1.032883  1.284017
17.150000  1.018215  1.285284
17.200000  1.003835  1.285422
17.250000  0.989509  1.285570
17.300000  0.975578  1.284613
17.350000  0.961694  1.283671
17.400000  0.948297  1.281662
17.450000  0.934942  1.279674
17.500000  0.922149  1.276667
17.550000  0.909393  1.273685
17.600000  0.897260  1.269743
17.650000  0.885159  1.265829
17.700000  0.873730  1.261021
17.750000  0.862327  1.256244
17.800000  0.851634  1.250644
17.850000  0.840961  1.245077
17.900000  0.831024  1.238763
17.950000  0.821103  1.232483
18.000000  0.811934  1.225533
18.050000  0.802778  1.218619
18.100000  0.794384  1.211113
18.150000  0.785999  1.203642
18.200000  0.778378  1.195658
18.250000  0.770763  1.187709
18.300000  0.763910  1.179322
18.350000  0.757061  1.170969
18.400000  0.750967  1.162254
18.450000  0.744874  1.153571
18.500000  0.739527  1.144595
18.550000  0.734181  1.135651
18.600000  0.729568  1.126483
18.650000  0.724954  1.117344
18.700000  0.721061  1.108044
18.750000  0.717166  1.098771
18.800000  0.713978  1.089397
18.850000  0.710786  1.080050
18.900000  0.708288  1.070655
18.950000  0.705786  1.061286
19.000000  0.703962  1.051921
19.050000  0.702135  1.042579
19.100000  0.700973  1.033288
19.150000  0.699806  1.024018
19.200000  0.699292  1.014844
19.250000  0.698773  1.005688
19.300000  0.698895  0.996667
19.350000  0.699011  0.987664
19.400000  0.699757  0.978831
19.450000  0.700498  0.970014
19.500000  0.701857  0.961399
19.550000  0.703212  0.952800
19.600000  0.705177  0.944433
19.650000  0.707136  0.936079
19.700000  0.709697  0.927984
19.750000  0.712252  0.919902
19.800000  0.715402  0.912102
19.850000  0.718546  0.904314
19.900000  0.722277  0.896831
19.950000  0.726003  0.889358
20.000000  0.730310  0.882210
20.050000  0.734611  0.875072
20.100000  0.739487  0.868276
20.150000  0.744357  0.861490
20.200000  0.749797  0.855062
20.250000  0.755231  0.848643
20.300000  0.761228  0.842598
20.350000  0.767219  0.836563
20.400000  0.773767  0.830914
20.450000  0.780309  0.825275
20.500000  0.787401  0.820036
20.550000  0.794486  0.814806
20.600000  0.802115  0.809989
20.650000  0.809735  0.805180
20.700000  0.817890  0.800797
20.750000  0.826036  0.796422
20.800000  0.834706  0.792484
20.850000  0.843367  0.788554
20.900000  0.852539  0.785073
20.950000  0.861701  0.781600
21.000000  0.871358  0.778587
21.050000  0.881005  0.775583
21.100000  0.891130  0.773050
21.150000  0.901242  0.770525
21.200000  0.911811  0.768484
21.250000  0.922366  0.766451
21.300000  0.933353  0.764914
21.350000  0.944324  0.763385
21.400000  0.955697  0.762364
21.450000  0.967052  0.761351
21.500000  0.978776  0.760859
21.550000  0.990479  0.760374
21.600000  1.002510  0.760424
21.650000  1.014519  0.760482
21.700000  1.026810  0.761087
21.750000  1.039075  0.761699
21.800000  1.051571  0.762873
21.850000  1.064039  0.764053
21.900000  1.076677  0.765808
21.950000  1.089284  0.767570
22.000000  1.101995  0.769920
22.050000  1.114672  0.772276
22.100000  1.127378  0.775234
22.150000  1.140048  0.778196
22.200000  1.152665  0.781773
22.250000  1.165242  0.785353
22.300000  1.177677  0.789559
22.350000  1.190068  0.793768
22.400000  1.202220  0.798612
22.450000  1.214325  0.803456
22.500000  1.226087  0.808944
22.550000  1.237799  0.814430
22.600000  1.249056  0.820564
22.650000  1.260263  0.826695
22.700000  1.270897  0.833473
22.750000  1.281479  0.840247
22.800000  1.291369  0.847664
22.850000  1.301205  0.855074
22.900000  1.310227  0.863117
22.950000  1.319195  0.871150
23.000000  1.327225  0.879801
23.050000  1.335202  0.888438
23.100000  1.342121  0.897670
23.150000  1.348988  0.906883
23.200000  1.354682  0.916659
23.250000  1.360327  0.926413
23.300000  1.364693  0.936688
23.350000  1.369013  0.946936
23.400000  1.371957  0.957654
23.450000  1.374862  0.968340
23.500000  1.376310  0.979433
23.550000  1.377725  0.990490
23.600000  1.377620  1.001881
23.650000  1.377491  1.013231
23.700000  1.375798  1.024830
23.750000  1.374089  1.036384
23.800000  1.370798  1.048092
23.850000  1.367502  1.059751
23.900000  1.362627  1.071460
23.950000  1.357758  1.083116
24.000000  1.351342  1.094710
24.050000  1.344943  1.106248
24.100000  1.337052  1.117605
24.150000  1.329190  1.128906
24.200000  1.319918  1.139903
24.250000  1.310685  1.150843
24.300000  1.300147  1.161356
24.350000  1.289658  1.171813
24.400000  1.277989  1.181721
24.450000  1.266377  1.191576
24.500000  1.253729  1.200766
24.550000  1.241143  1.209906
24.600000  1.227676  1.218271
24.650000  1.214278  1.226592
24.700000  1.200162  1.234041
24.750000  1.186117  1.241451
24.800000  1.171523  1.247904
24.850000  1.157001  1.254326
24.900000  1.142097  1.259720
24.950000  1.127266  1.265090
25.000000  1.112214  1.269381
25.050000  1.097234  1.273654
25.100000  1.082188  1.276811
25.150000  1.067210  1.279959
25.200000  1.052311  1.281973
25.250000  1.037475  1.283984
25.300000  1.022848  1.284860
25.350000  1.008280  1.285740
25.400000  0.994037  1.285498
25.450000  0.979848  1.285268
25.500000  0.966085  1.283944
25.550000  0.952370  1.282638
25.600000  0.939168  1.280279
25.650000  0.926006  1.277942
25.700000  0.913430  1.274605
25.750000  0.900889  1.271295
25.800000  0.888990  1.267045
25.850000  0.877120  1.262826
25.900000  0.865937  1.257735
25.950000  0.854778  1.252676
26.000000  0.844338  1.246820
26.050000  0.833918  1.240997
26.100000  0.824241  1.234453
26.150000  0.814579  1.227944
26.200000  0.805673  1.220792
26.250000  0.796779  1.213675
26.300000  0.788648  1.205993
26.350000  0.780525  1.198347
26.400000  0.773167  1.190213
26.450000  0.765813  1.182114
26.500000  0.759220  1.173603
26.550000  0.752630  1.165125
26.600000  0.746792  1.156310
26.650000  0.740956  1.147526
26.700000  0.735861  1.138474
26.750000  0.730766  1.129453
26.800000  0.726401  1.120229
26.850000  0.722035  1.111034
26.900000  0.718384  1.101699
26.950000  0.714731  1.092392
27.000000  0.711781  1.083002
27.050000  0.708827  1.073638
27.100000  0.706561  1.064245
27.150000  0.704292  1.054876
27.200000  0.702696  1.045529
27.250000  0.701097  1.036204
27.300000  0.700158  1.026945
27.350000  0.699215  1.017708
27.400000  0.698920  1.008579
27.450000  0.698620  0.999469
27.500000  0.698957  0.990505
27.550000  0.699289  0.981560
27.600000  0.700247  0.972795
27.650000  0.701199  0.964047
27.700000  0.702768  0.955512
27.750000  0.704331  0.946992
27.800000  0.706501  0.938712
27.850000  0.708666  0.930447
27.900000  0.711430  0.922448
27.950000  0.714189  0.914462
28.000000  0.717539  0.906766
28.050000  0.720884  0.899082
28.100000  0.724814  0.891709
28.150000  0.728739  0.884348
28.200000  0.733242  0.877316
28.250000  0.737740  0.870295
28.300000  0.742811  0.863621
28.350000  0.747876  0.856958
28.400000  0.753509  0.850658
28.450000  0.759135  0.844367
28.500000  0.765323  0.838455
28.550000  0.771505  0.832552
28.600000  0.778242  0.827041
28.650000  0.784972  0.821539
28.700000  0.792251  0.816442
28.750000  0.799522  0.811353
28.800000  0.807334  0.806682
28.850000  0.815137  0.802020
28.900000  0.823472  0.797786
28.950000  0.831798  0.793561
29.000000  0.840643  0.789778
29.050000  0.849479  0.786002
29.100000  0.858822  0.782679
29.150000  0.868154  0.779364
29.200000  0.877976  0.776514
29.250000  0.887787  0.773671
29.300000  0.898070  0.771305
29.350000  0.908339  0.768946
29.400000  0.919057  0.767076
29.450000  0.929761  0.765213
29.500000  0.940887  0.763851
29.550000  0.951996  0.762496
29.600000  0.963497  0.761655
29.650000  0.974979  0.760821
29.700000  0.986816  0.760513
29.750000  0.998633  0.760212
29.800000  1.010762  0.760450
29.850000  1.022869  0.760696
29.900000  1.035240  0.761494
29.950000  1.047586  0.762299
30.000000  1.060141  0.763670
30.050000  1.072668  0.765048
30.100000  1.085344  0.767006
30.150000  1.097988  0.768970
30.200000  1.110711  0.771527
30.250000  1.123399  0.774090
30.300000  1.136089  0.777258
30.350000  1.148742  0.780432
30.400000  1.161312  0.784223
30.450000  1.173841  0.788019
30.500000  1.186195  0.792443
30.550000  1.198506  0.796869
30.600000  1.210541  0.801934
30.650000  1.222529  0.806999
30.700000  1.234136  0.812709
30.750000  1.245693  0.818417
30.800000  1.256755  0.824773
30.850000  1.267766  0.831126
30.900000  1.278165  0.838126
30.950000  1.288510  0.845120
31.000000  1.298121  0.852756
31.050000  1.307678  0.860383
31.100000  1.316378  0.868639
31.150000  1.325024  0.876884
31.200000  1.332692  0.885740
31.250000  1.340305  0.894580
31.300000  1.346821  0.904005
31.350000  1.353285  0.913411
31.400000  1.358539  0.923367
31.450000  1.363744  0.933299
31.500000  1.367635  0.943736
31.550000  1.371483  0.954145
31.600000  1.373924  0.965003
31.650000  1.376329  0.975828
31.700000  1.377251  0.987037
31.750000  1.378144  0.998208
31.800000  1.377498  1.009685
31.850000  1.376831  1.021119
31.900000  1.374590  1.032772
31.950000  1.372338  1.044378
32.000000  1.368500  1.056104
32.050000  1.364661  1.067779
32.100000  1.359251  1.079467
32.150000  1.353850  1.091101
32.200000  1.346917  1.102632
32.250000  1.340005  1.114107
32.300000  1.331627  1.125360
32.350000  1.323280  1.136556
32.400000  1.313556  1.147405
32.450000  1.303875  1.158199
32.500000  1.292929  1.168522
32.550000  1.282035  1.178791
32.600000  1.270008  1.188470
32.650000  1.258040  1.198097
32.700000  1.245086  1.207019
32.750000  1.232198  1.215894
32.800000  1.218484  1.223959
32.850000  1.204839  1.231981
32.900000  1.190534  1.239100
32.950000  1.176301  1.246183
33.000000  1.161575  1.252283
33.050000  1.146923  1.258353
33.100000  1.131944  1.263376
33.150000  1.117038  1.268376
33.200000  1.101966  1.272282
33.250000  1.086963  1.276174
33.300000  1.071946  1.278941
33.350000  1.056996  1.281702
33.400000  1.042171  1.283324
33.450000  1.027407  1.284948
33.500000  1.012895  1.285437
33.550000  0.998439  1.285935
33.600000  0.984346  1.285317
33.650000  0.970304  1.284713
33.700000  0.956720  1.283028
33.750000  0.943181  1.281362
33.800000  0.930183  1.278659
33.850000  0.917222  1.275981
33.900000  0.904869  1.272322
33.950000  0.892548  1.268691
34.000000  0.880887  1.264143
34.050000  0.869253  1.259625
34.100000  0.858319  1.254261
34.150000  0.847407  1.248930
34.200000  0.837225  1.242827
34.250000  0.827060  1.236758
34.300000  0.817643  1.229993
34.350000  0.808241  1.223265
34.400000  0.799598  1.215919
34.450000  0.790966  1.208609
34.500000  0.783098  1.200761
34.550000  0.775237  1.192947
34.600000  0.768140  1.184673
34.650000  0.761047  1.176432
34.700000  0.754713  1.167806
34.750000  0.748380  1.159213
34.800000  0.742797  1.150305
34.850000  0.737215  1.141429
34.900000  0.732371  1.132308
34.950000  0.727526  1.123217
35.000000  0.723407  1.113945
35.050000  0.719285  1.104702
35.100000  0.715876  1.095339
35.150000  0.712463  1.086003
35.200000  0.709748  1.076603
35.250000  0.707030  1.067229
35.300000  0.704995  1.057843
35.350000  0.702956  1.048481
35.400000  0.701587  1.039156
35.450000  0.700213  1.029853
35.500000  0.699497  1.020632
35.550000  0.698775  1.011431
35.600000  0.698698  1.002352
35.650000  0.698616  0.993292
35.700000  0.699166  0.984390
35.750000  0.699712  0.975506
35.800000  0.700880  0.966814
35.850000  0.702043  0.958139
35.900000  0.703819  0.949685
35.950000  0.705590  0.941247
36.000000  0.707965  0.933059
36.050000  0.710334  0.924884
36.100000  0.713300  0.916984
36.150000  0.716261  0.909097
36.200000  0.719811  0.901507
36.250000  0.723356  0.893930
36.300000  0.727484  0.886669
36.350000  0.731606  0.879420
36.400000  0.736306  0.872508
36.450000  0.740999  0.865605
36.500000  0.746264  0.859056
36.550000  0.751524  0.852517
36.600000  0.757348  0.846346
36.650000  0.763167  0.840185
36.700000  0.769545  0.834407
36.750000  0.775916  0.828638
36.800000  0.782841  0.823266
36.850000  0.789759  0.817903
36.900000  0.797222  0.812949
36.950000  0.804678  0.808003
37.000000  0.812672  0.803479
37.050000  0.820657  0.798964
37.100000  0.829170  0.794882
37.150000  0.837674  0.790808
37.200000  0.846693  0.787180
37.250000  0.855703  0.783560
37.300000  0.865214  0.780396
37.350000  0.874714  0.777240
37.400000  0.884699  0.774553
37.450000  0.894672  0.771874
37.500000  0.905109  0.769675
37.550000  0.915533  0.767484
37.600000  0.926397  0.765786
37.650000  0.937245  0.764095
37.700000  0.948507  0.762909
37.750000  0.959751  0.761730
37.800000  0.971375  0.761069
37.850000  0.982979  0.760416
37.900000  0.994925  0.760293
37.950000  1.006850  0.760177
38.000000  1.019072  0.760605
38.050000  1.031270  0.761040
38.100000  1.043715  0.762033
38.150000  1.056134  0.763032
38.200000  1.068742  0.764603
38.250000  1.081321  0.766180
38.300000  1.094026  0.768341
38.350000  1.106698  0.770509
38.400000  1.119423  0.773274
38.450000  1.132113  0.776044
38.500000  1.144778  0.779425
38.550000  1.157403  0.782811
38.600000  1.169915  0.786819
38.650000  1.182385  0.790829
38.700000  1.194647  0.795473
38.750000  1.206864  0.800118
38.800000  1.218770  0.805404
38.850000  1.230629  0.810690
38.900000  1.242067  0.816622
38.950000  1.253456  0.822552
39.000000  1.264310  0.829131
39.050000  1.275111  0.835705
39.100000  1.285259  0.842925
39.150000  1.295353  0.850139
39.200000  1.304671  0.857991
39.250000  1.313935  0.865833
39.300000  1.322300  0.874300
39.350000  1.330611  0.882753
39.400000  1.337901  0.891810
39.450000  1.345138  0.900851
39.500000  1.351238  0.910466
39.550000  1.357287  0.920059
39.600000  1.362088  0.930189
39.650000  1.366843  0.940293
39.700000  1.370249  0.950886
39.750000  1.373614  0.961447
39.800000  1.375545  0.972438
39.850000  1.377441  0.983394
39.900000  1.377832  0.994708
39.950000  1.378197  1.005983
40.000000  1.377008  1.017536
40.050000  1.375800  1.029045
40.100000  1.373012  1.040739
40.150000  1.370215  1.052385
40.200000  1.365834  1.064116
40.250000  1.361455  1.075794
40.300000  1.355515  1.087447
40.350000  1.349588  1.099045
40.400000  1.342148  1.110499
40.450000  1.334732  1.121898
40.500000  1.325878  1.133032
40.550000  1.317058  1.144108
40.600000  1.306898  1.154796
40.650000  1.296783  1.165429
40.700000  1.285445  1.175549
40.750000  1.274162  1.185616
40.800000  1.261795  1.195052
40.850000  1.249489  1.204438
40.900000  1.236250  1.213082
40.950000  1.223079  1.221680
41.000000  1.209137  1.229434
41.050000  1.195266  1.237147
41.100000  1.180792  1.243928
41.150000  1.166390  1.250675
41.200000  1.151553  1.256414
41.250000  1.136790  1.262127
41.300000  1.121755  1.266773
41.350000  1.106792  1.271400
41.400000  1.091717  1.274920
41.450000  1.076710  1.278427
41.500000  1.061738  1.280804
41.550000  1.046831  1.283176
41.600000  1.032094  1.284409
41.650000  1.017418  1.285646
41.700000  1.003032  1.285753
41.750000  0.988701  1.285870
41.800000  0.974768  1.284881
41.850000  0.960884  1.283908
41.900000  0.947488  1.281868
41.950000  0.934135  1.279848
42.000000  0.921346  1.276810
42.050000  0.908595  1.273797
42.100000  0.896469  1.269824
42.150000  0.884375  1.265880
42.200000  0.872956  1.261042
42.250000  0.861562  1.256236
42.300000  0.850879  1.250607
42.350000  0.840218  1.245013
42.400000  0.830293  1.238671
42.450000  0.820385  1.232365
42.500000  0.811230  1.225390
42.550000  0.802088  1.218451
42.600000  0.793708  1.210921
42.650000  0.785338  1.203427
42.700000  0.777732  1.195422
42.750000  0.770133  1.187451
42.800000  0.763296  1.179044
42.850000  0.756463  1.170672
42.900000  0.750386  1.161938
42.950000  0.744310  1.153237
43.000000  0.738980  1.144246
43.050000  0.733650  1.135286
43.100000  0.729055  1.126103
43.150000  0.724458  1.116950
43.200000  0.720582  1.107637
43.250000  0.716704  1.098352
43.300000  0.713533  1.088967
43.350000  0.710359  1.079609
43.400000  0.707878  1.070206
43.450000  0.705393  1.060827
43.500000  0.703588  1.051454
43.550000  0.701777  1.042104
43.600000  0.700633  1.032807
43.650000  0.699483  1.023532
43.700000  0.698987  1.014352
43.750000  0.698485  1.005192
43.800000  0.698624  0.996167
43.850000  0.698758  0.987160
43.900000  0.699521  0.978325
43.950000  0.700279  0.969506
44.000000  0.701657  0.960890
44.050000  0.703029  0.952290
44.100000  0.705011  0.943922
44.150000  0.706988  0.935568
44.200000  0.709566  0.927474
44.250000  0.712139  0.919393
44.300000  0.715307  0.911594
44.350000  0.718468  0.903809
44.400000  0.722218  0.896327
44.450000  0.725961  0.888858
44.500000  0.730286  0.881712
44.550000  0.734605  0.874578
44.600000  0.739500  0.867786
44.650000  0.744388  0.861004
44.700000  0.749846  0.854581
44.750000  0.755298  0.848168
44.800000  0.761314  0.842128
44.850000  0.767324  0.836098
44.900000  0.773891  0.830456
44.950000  0.780451  0.824822
45.000000  0.787563  0.819590
45.050000  0.794667  0.814367
45.100000  0.802314  0.809557
45.150000  0.809954  0.804756
45.200000  0.818128  0.800381
45.250000  0.826294  0.796014
45.300000  0.834983  0.792084
45.350000  0.843664  0.788163
45.400000  0.852855  0.784691
45.450000  0.862037  0.781227
45.500000  0.871714  0.778225
45.550000  0.881380  0.775229
45.600000  0.891525  0.772707
45.650000  0.901657  0.770193
45.700000  0.912246  0.768163
45.750000  0.922820  0.766140
45.800000  0.933827  0.764615
45.850000  0.944817  0.763097
45.900000  0.956210  0.762088
45.950000  0.967585  0.761087
46.000000  0.979327  0.760608
46.050000  0.991049  0.760136
46.100000  1.003098  0.760200
46.150000  1.015126  0.760270
46.200000  1.027434  0.760890
46.250000  1.039718  0.761516
46.300000  1.052230  0.762704
46.350000  1.064714  0.763899
46.400000  1.077368  0.765670
46.450000  1.089991  0.767448
46.500000  1.102716  0.769814
46.550000  1.115407  0.772186
46.600000  1.128126  0.775161
46.650000  1.140808  0.778141
46.700000  1.153436  0.781735
46.750000  1.166024  0.785334
46.800000  1.178467  0.789558
46.850000  1.190867  0.793786
46.900000  1.203024  0.798649
46.950000  1.215136  0.803513
47.000000  1.226900  0.809021
47.050000  1.238615  0.814528
47.100000  1.249873  0.820682
47.150000  1.261079  0.826834
47.200000  1.271710  0.833634
47.250000  1.282289  0.840429
47.300000  1.292172  0.847869
47.350000  1.302001  0.855301
47.400000  1.311012  0.863367
47.450000  1.319968  0.871423
47.500000  1.327984  0.880097
47.550000  1.335945  0.888756
47.600000  1.342845  0.898011
47.650000  1.349693  0.907247
47.700000  1.355364  0.917047
47.750000  1.360985  0.926823
47.800000  1.365323  0.937121
47.850000  1.369616  0.947391
47.900000  1.372528  0.958131
47.950000  1.375402  0.968839
48.000000  1.376814  0.979953
48.050000  1.378194  0.991031
48.100000  1.378051  1.002441
48.150000  1.377882  1.013810
48.200000  1.376148  1.025427
48.250000  1.374398  1.036999
48.300000  1.371062  1.048722
48.350000  1.367722  1.060397
48.400000  1.362802  1.072118
48.450000  1.357888  1.083787
48.500000  1.351425  1.095391
48.550000  1.344979  1.106939
48.600000  1.337041  1.118303
48.650000  1.329133  1.129610
48.700000  1.319815  1.140610
48.750000  1.310536  1.151554
48.800000  1.299953  1.162066
48.850000  1.289419  1.172523
48.900000  1.277707  1.182427
48.950000  1.266053  1.192278
49.000000  1.253364  1.201460
49.050000  1.240739  1.210592
49.100000  1.227235  1.218946
49.150000  1.213800  1.227256
49.200000  1.199651  1.234689
49.250000  1.185573  1.242085
49.300000  1.170950  1.248519
49.350000  1.156400  1.254922
49.400000  1.141470  1.260295
49.450000  1.126615  1.265644
49.500000  1.111543  1.269910
49.550000  1.096542  1.274160
49.600000  1.081480  1.277291
49.650000  1.066486  1.280413
49.700000  1.051574  1.282399
49.750000  1.036726  1.284383
49.800000  1.022092  1.285229
49.850000  1.007515  1.286081
49.900000  0.993268  1.285809
49.950000  0.979074  1.285549
50.000000  0.965311  1.284195
50.050000  0.951594  1.282858
50.100000  0.938394  1.280469
50.150000  0.925235  1.278102
50.200000  0.912663  1.274735
50.250000  0.900126  1.271395
50.300000  0.888234  1.267117
50.350000  0.876371  1.262868
50.400000  0.865197  1.257749
50.450000  0.854047  1.252663
50.500000  0.843619  1.246779
50.550000  0.833209  1.240930
50.600000  0.823544  1.234361
50.650000  0.813894  1.227826
50.700000  0.805002  1.220650
50.750000  0.796120  1.213510
50.800000  0.788004  1.205806
50.850000  0.779895  1.198137
50.900000  0.772551  1.189983
50.950000  0.765213  1.181863
51.000000  0.758635  1.173334
51.050000  0.752060  1.164838
51.100000  0.746238  1.156005
51.150000  0.740417  1.147205
51.200000  0.735339  1.138137
51.250000  0.730260  1.129101
51.300000  0.725911  1.119864
51.350000  0.721560  1.110655
51.400000  0.717927  1.101309
51.450000  0.714290  1.091989
51.500000  0.711356  1.082589
51.550000  0.708418  1.073214
51.600000  0.706169  1.063813
51.650000  0.703916  1.054436
51.700000  0.702337  1.045081
51.750000  0.700754  1.035749
51.800000  0.699832  1.026485
51.850000  0.698906  1.017241
51.900000  0.698627  1.008107
51.950000  0.698344  0.998993
52.000000  0.698698  0.990026
52.050000  0.699046  0.981077
52.100000  0.700020  0.972311
52.150000  0.700990  0.963561
52.200000  0.702575  0.955024
52.250000  0.704155  0.946502
52.300000  0.706342  0.938223
52.350000  0.708524  0.929957
52.400000  0.711305  0.921959
52.450000  0.714080  0.913974
52.500000  0.717447  0.906280
52.550000  0.720809  0.898598
52.600000  0.724757  0.891227
52.650000  0.728698  0.883868
52.700000  0.733219  0.876839
52.750000  0.737734  0.869821
52.800000  0.742823  0.863152
52.850000  0.747906  0.856492
52.900000  0.753556  0.850197
52.950000  0.759200  0.843911
53.000000  0.765406  0.838004
53.050000  0.771606  0.832106
53.100000  0.778361  0.826601
53.150000  0.785109  0.821105
53.200000  0.792406  0.816014
53.250000  0.799696  0.810932
53.300000  0.807526  0.806268
53.350000  0.815348  0.801613
53.400000  0.823701  0.797387
53.450000  0.832046  0.793170
53.500000  0.840911  0.789394
53.550000  0.849766  0.785627
53.600000  0.859127  0.782312
53.650000  0.868478  0.779006
53.700000  0.878320  0.776165
53.750000  0.888150  0.773332
53.800000  0.898452  0.770975
53.850000  0.908740  0.768626
53.900000  0.919478  0.766766
53.950000  0.930200  0.764914
54.000000  0.941345  0.763563
54.050000  0.952474  0.762219
54.100000  0.963993  0.761390
54.150000  0.975494  0.760567
54.200000  0.987350  0.760271
54.250000  0.999185  0.759983
54.300000  1.011332  0.760234
54.350000  1.023456  0.760492
54.400000  1.035844  0.761304
54.450000  1.048207  0.762123
54.500000  1.060779  0.763509
54.550000  1.073322  0.764901
54.600000  1.086013  0.766874
54.650000  1.098672  0.768853
54.700000  1.111408  0.771426
54.750000  1.124110  0.774004
54.800000  1.136813  0.777189
54.850000  1.149477  0.780379
54.900000  1.162057  0.784188
54.950000  1.174597  0.788001
55.000000  1.186959  0.792443
55.050000  1.199277  0.796888
55.100000  1.211318  0.801971
55.150000  1.223311  0.807055
55.200000  1.234921  0.812785
55.250000  1.246481  0.818513
55.300000  1.257543  0.824890
55.350000  1.268553  0.831263
55.400000  1.278948  0.838284
55.450000  1.289289  0.845299
55.500000  1.298893  0.852956
55.550000  1.308443  0.860604
55.600000  1.317133  0.868883
55.650000  1.325767  0.877149
55.700000  1.333420  0.886028
55.750000  1.341018  0.894890
55.800000  1.347515  0.904338
55.850000  1.353960  0.913766
55.900000  1.359191  0.923744
55.950000  1.364373  0.933698
56.000000  1.368237  0.944157
56.050000  1.372057  0.954587
56.100000  1.374468  0.965467
56.150000  1.376841  0.976313
56.200000  1.377729  0.987542
56.250000  1.378587  0.998732
56.300000  1.377904  1.010228
56.350000  1.377199  1.021681
56.400000  1.374918  1.033351
56.450000  1.372625  1.044973
56.500000  1.368745  1.056714
56.550000  1.364863  1.068404
56.600000  1.359408  1.080103
56.650000  1.353964  1.091749
56.700000  1.346986  1.103289
56.750000  1.340030  1.114774
56.800000  1.331606  1.126033
56.850000  1.323215  1.137235
56.900000  1.313447  1.148087
56.950000  1.303722  1.158883
57.000000  1.292733  1.169206
57.050000  1.281796  1.179474
57.100000  1.269728  1.189148
57.150000  1.257720  1.198770
57.200000  1.244728  1.207685
57.250000  1.231803  1.216551
57.300000  1.218053  1.224605
57.350000  1.204374  1.232616
57.400000  1.190038  1.239720
57.450000  1.175774  1.246788
57.500000  1.161021  1.252869
57.550000  1.146342  1.258921
57.600000  1.131340  1.263923
57.650000  1.116411  1.268903
57.700000  1.101319  1.272786
57.750000  1.086298  1.276654
57.800000  1.071266  1.279396
57.850000  1.056301  1.282131
57.900000  1.041465  1.283727
57.950000  1.026690  1.285324
58.000000  1.012171  1.285786
58.050000  0.997708  1.286255
58.100000  0.983611  1.285609
58.150000  0.969565  1.284977
58.200000  0.955981  1.283262
58.250000  0.942441  1.281567
58.300000  0.929445  1.278836
58.350000  0.916486  1.276129
58.400000  0.904138  1.272442
58.450000  0.891821  1.268782
58.500000  0.880167  1.264206
58.550000  0.868540  1.259662
58.600000  0.857614  1.254271
58.650000  0.846711  1.248913
58.700000  0.836539  1.242784
58.750000  0.826384  1.236690
58.800000  0.816979  1.229901
58.850000  0.807588  1.223149
58.900000  0.798958  1.215781
58.950000  0.790338  1.208448
59.000000  0.782483  1.200579
59.050000  0.774636  1.192744
59.100000  0.767553  1.184450
59.150000  0.760474  1.176191
59.200000  0.754154  1.167547
59.250000  0.747836  1.158936
59.300000  0.742268  1.150012
59.350000  0.736701  1.141120
59.400000  0.731872  1.131985
59.450000  0.727042  1.122879
59.500000  0.722938  1.113595
59.550000  0.718832  1.104339
59.600000  0.715438  1.094965
59.650000  0.712041  1.085617
59.700000  0.709341  1.076208
59.750000  0.706639  1.066824
59.800000  0.704619  1.057430
59.850000  0.702596  1.048060
59.900000  0.701243  1.038728
59.950000  0.699885  1.029418
60.000000  0.699184  1.020192
60.050000  0.698478  1.010985
60.100000  0.698417  1.001901
60.150000  0.698350  0.992837
60.200000  0.698917  0.983932
60.250000  0.699478  0.975045
60.300000  0.700662  0.966351
60.350000  0.701841  0.957673
60.400000  0.703633  0.949219
60.450000  0.705420  0.940779
60.500000  0.707811  0.932590
60.550000  0.710196  0.924416
60.600000  0.713179  0.916516
60.650000  0.716156  0.908630
60.700000  0.719722  0.901042
60.750000  0.723283  0.893466
60.800000  0.727428  0.886208
60.850000  0.731566  0.878961
60.900000  0.736282  0.872051
60.950000  0.740993  0.865152
61.000000  0.746275  0.858606
61.050000  0.751550  0.852071
61.100000  0.757392  0.845904
61.150000  0.763228  0.839748
61.200000  0.769623  0.833975
61.250000  0.776012  0.828211
61.300000  0.782954  0.822844
61.350000  0.789889  0.817486
61.400000  0.797371  0.812538
61.450000  0.804844  0.807599
61.500000  0.812856  0.803082
61.550000  0.820859  0.798573
61.600000  0.829390  0.794499
61.650000  0.837912  0.790432
61.700000  0.846950  0.786811
61.750000  0.855978  0.783199
61.800000  0.865508  0.780044
61.850000  0.875027  0.776896
61.900000  0.885030  0.774218
61.950000  0.895021  0.771548
62.000000  0.905477  0.769358
62.050000  0.915919  0.767177
62.100000  0.926802  0.765488
62.150000  0.937669  0.763807
62.200000  0.948949  0.762631
62.250000  0.960211  0.761463
62.300000  0.971853  0.760814
62.350000  0.983476  0.760171
62.400000  0.995440  0.760060
62.450000  1.007382  0.759956
62.500000  1.019622  0.760397
62.550000  1.031837  0.760844
62.600000  1.044299  0.761850
62.650000  1.056734  0.762862
62.700000  1.069358  0.764447
62.750000  1.081952  0.766037
62.800000  1.094671  0.768213
62.850000  1.107358  0.770395
62.900000  1.120097  0.773176
62.950000  1.132800  0.775962
63.000000  1.145476  0.779359
63.050000  1.158113  0.782760
63.100000  1.170635  0.786785
63.150000  1.183115  0.790812
63.200000  1.195384  0.795473
63.250000  1.207608  0.800136
63.300000  1.219520  0.805440
63.350000  1.231383  0.810744
63.400000  1.242824  0.816696
63.450000  1.254215  0.822645
63.500000  1.265069  0.829243
63.550000  1.275869  0.835838
63.600000  1.286014  0.843078
63.650000  1.296104  0.850312
63.700000  1.305415  0.858185
63.750000  1.314671  0.866048
63.800000  1.323025  0.874536
63.850000  1.331324  0.883011
63.900000  1.338600  0.892090
63.950000  1.345822  0.901152
64.000000  1.351903  0.910788
64.050000  1.357933  0.920404
64.100000  1.362712  0.930555
64.150000  1.367443  0.940681
64.200000  1.370823  0.951294
64.250000  1.374162  0.961877
64.300000  1.376062  0.972888
64.350000  1.377927  0.983864
64.400000  1.378285  0.995197
64.450000  1.378616  1.006492
64.500000  1.377391  1.018062
64.550000  1.376147  1.029588
64.600000  1.373319  1.041298
64.650000  1.370483  1.052961
64.700000  1.366061  1.064705
64.750000  1.361641  1.076397
64.800000  1.355658  1.088061
64.850000  1.349689  1.099670
64.900000  1.342206  1.111133
64.950000  1.334747  1.122541
65.000000  1.325850  1.133680
65.050000  1.316988  1.144762
65.100000  1.306785  1.155452
65.150000  1.296628  1.166086
65.200000  1.285249  1.176206
65.250000  1.273926  1.186271
65.300000  1.261520  1.195703
65.350000  1.249176  1.205084
65.400000  1.235901  1.213719
65.450000  1.222695  1.222309
65.500000  1.208720  1.230051
65.550000  1.194816  1.237753
65.600000  1.180313  1.244519
65.650000  1.165882  1.251252
65.700000  1.151020  1.256973
65.750000  1.136231  1.262668
65.800000  1.121174  1.267294
65.850000  1.106190  1.271901
65.900000  1.091097  1.275398
65.950000  1.076073  1.278883
66.000000  1.061087  1.281235
66.050000  1.046166  1.283583
66.100000  1.031420  1.284791
66.150000  1.016733  1.286002
66.200000  1.002341  1.286082
66.250000  0.988003  1.286172
66.300000  0.974067  1.285156
66.350000  0.960179  1.284156
66.400000  0.946783  1.282088
66.450000  0.933429  1.280041
66.500000  0.920643  1.276975
66.550000  0.907893  1.273935
66.600000  0.895773  1.269935
66.650000  0.883683  1.265964
66.700000  0.872270  1.261099
66.750000  0.860883  1.256267
66.800000  0.850208  1.250613
66.850000  0.839555  1.244993
66.900000  0.829640  1.238628
66.950000  0.819741  1.232298
67.000000  0.810598  1.225300
67.050000  0.801466  1.218338
67.100000  0.793099  1.210787
67.150000  0.784740  1.203272
67.200000  0.777147  1.195246
67.250000  0.769560  1.187255
67.300000  0.762737  1.178831
67.350000  0.755916  1.170440
67.400000  0.749853  1.161690
67.450000  0.743791  1.152972
67.500000  0.738475  1.143966
67.550000  0.733159  1.134990
67.600000  0.728578  1.125794
67.650000  0.723995  1.116627
67.700000  0.720134  1.107302
67.750000  0.716271  1.098005
67.800000  0.713114  1.088610
67.850000  0.709955  1.079241
67.900000  0.707489  1.069828
67.950000  0.705018  1.060440
68.000000  0.703227  1.051060
68.050000  0.701432  1.041702
68.100000  0.700302  1.032399
68.150000  0.699168  1.023116
68.200000  0.698686  1.013931
68.250000  0.698199  1.004766
68.300000  0.698353  0.995737
68.350000  0.698502  0.986726
68.400000  0.699280  0.977887
68.450000  0.700054  0.969065
68.500000  0.701446  0.960447
68.550000  0.702833  0.951845
68.600000  0.704831  0.943476
68.650000  0.706823  0.935121
68.700000  0.709416  0.927026
68.750000  0.712005  0.918945
68.800000  0.715187  0.911147
68.850000  0.718365  0.903362
68.900000  0.722130  0.895882
68.950000  0.725889  0.888414
69.000000  0.730230  0.881271
69.050000  0.734564  0.874139
69.100000  0.739475  0.867349
69.150000  0.744379  0.860570
69.200000  0.749854  0.854150
69.250000  0.755322  0.847741
69.300000  0.761354  0.841705
69.350000  0.767380  0.835679
69.400000  0.773964  0.830041
69.450000  0.780541  0.824413
69.500000  0.787669  0.819186
69.550000  0.794790  0.813968
69.600000  0.802455  0.809164
69.650000  0.810112  0.804368
69.700000  0.818303  0.799999
69.750000  0.826486  0.795639
69.800000  0.835193  0.791716
69.850000  0.843891  0.787802
69.900000  0.853101  0.784337
69.950000  0.862300  0.780881
70.000000  0.871995  0.777885
70.050000  0.881679  0.774898
70.100000  0.891842  0.772384
70.150000  0.901992  0.769878
70.200000  0.912599  0.767857
70.250000  0.923192  0.765844
70.300000  0.934216  0.764328
70.350000  0.945224  0.762819
70.400000  0.956635  0.761821
70.450000  0.968027  0.760829
70.500000  0.979787  0.760361
70.550000  0.991527  0.759900
70.600000  1.003594  0.759975
70.650000  1.015638  0.760057
70.700000  1.027963  0.760688
70.750000  1.040264  0.761326
70.800000  1.052792  0.762527
70.850000  1.065292  0.763735
70.900000  1.077961  0.765519
70.950000  1.090599  0.767309
71.000000  1.103338  0.769690
71.050000  1.116044  0.772076
71.100000  1.128775  0.775066
71.150000  1.141470  0.778060
71.200000  1.154109  0.781670
71.250000  1.166708  0.785284
71.300000  1.179160  0.789525
71.350000  1.191570  0.793768
71.400000  1.203734  0.798649
71.450000  1.215853  0.803530
71.500000  1.227622  0.809055
71.550000  1.239342  0.814580
71.600000  1.250602  0.820753
71.650000  1.261810  0.826924
71.700000  1.272441  0.833743
71.750000  1.283019  0.840557
71.800000  1.292898  0.848017
71.850000  1.302723  0.855468
71.900000  1.311726  0.863555
71.950000  1.320675  0.871630
72.000000  1.328680  0.880325
72.050000  1.336630  0.889006
72.100000  1.343516  0.898281
72.150000  1.350349  0.907538
72.200000  1.356001  0.917359
72.250000  1.361604  0.927156
72.300000  1.365920  0.937474
72.350000  1.370190  0.947766
72.400000  1.373077  0.958526
72.450000  1.375924  0.969254
72.500000  1.377307  0.980388
72.550000  1.378658  0.991485
72.600000  1.378481  1.002914
72.650000  1.378280  1.014301
72.700000  1.376510  1.025935
72.750000  1.374725  1.037523
72.800000  1.371352  1.049262
72.850000  1.367974  1.060951
72.900000  1.363014  1.072686
72.950000  1.358060  1.084368
73.000000  1.351556  1.095982
73.050000  1.345070  1.107541
73.100000  1.337091  1.118913
73.150000  1.329141  1.130228
73.200000  1.319782  1.141233
73.250000  1.310462  1.152182
73.300000  1.299839  1.162696
73.350000  1.289265  1.173154
73.400000  1.277515  1.183057
73.450000  1.265822  1.192906
73.500000  1.253096  1.202083
73.550000  1.240435  1.211210
73.600000  1.226897  1.219556
73.650000  1.213428  1.227857
73.700000  1.199248  1.235280
73.750000  1.185140  1.242663
73.800000  1.170489  1.249084
73.850000  1.155911  1.255472
73.900000  1.140959  1.260828
73.950000  1.126079  1.266160
74.000000  1.110987  1.270406
74.050000  1.095966  1.274636
74.100000  1.080888  1.277746
74.150000  1.065877  1.280846
74.200000  1.050953  1.282808
74.250000  1.036092  1.284769
74.300000  1.021448  1.285591
74.350000  1.006862  1.286418
74.400000  0.992610  1.286120
74.450000  0.978410  1.285835
74.500000  0.964644  1.284454
74.550000  0.950924  1.283092
74.600000  0.937724  1.280676
74.650000  0.924564  1.278284
74.700000  0.911995  1.274891
74.750000  0.899460  1.271525
74.800000  0.887572  1.267220
74.850000  0.875713  1.262946
74.900000  0.864545  1.257802
74.950000  0.853401  1.252691
75.000000  0.842981  1.246784
75.050000  0.832579  1.240911
75.100000  0.822923  1.234318
75.150000  0.813282  1.227761
75.200000  0.804400  1.220564
75.250000  0.795529  1.213401
75.300000  0.787423  1.205677
75.350000  0.779325  1.197988
75.400000  0.771993  1.189815
75.450000  0.764666  1.181677
75.500000  0.758101  1.173130
75.550000  0.751539  1.164617
75.600000  0.745729  1.155768
75.650000  0.739921  1.146952
75.700000  0.734856  1.137870
75.750000  0.729790  1.128819
75.800000  0.725455  1.119569
75.850000  0.721118  1.110348
75.900000  0.717498  1.100990
75.950000  0.713875  1.091659
76.000000  0.710954  1.082249
76.050000  0.708031  1.072864
76.100000  0.705795  1.063454
76.150000  0.703556  1.054068
76.200000  0.701991  1.044706
76.250000  0.700422  1.035366
76.300000  0.699514  1.026096
76.350000  0.698602  1.016846
76.400000  0.698337  1.007707
76.450000  0.698068  0.998587
76.500000  0.698436  0.989617
76.550000  0.698799  0.980664
76.600000  0.699787  0.971894
76.650000  0.700771  0.963141
76.700000  0.702370  0.954602
76.750000  0.703964  0.946079
76.800000  0.706166  0.937798
76.850000  0.708362  0.929531
76.900000  0.711158  0.921533
76.950000  0.713948  0.913547
77.000000  0.717330  0.905853
77.050000  0.720707  0.898172
77.100000  0.724669  0.890802
77.150000  0.728626  0.883444
77.200000  0.733161  0.876417
77.250000  0.737692  0.869402
77.300000  0.742796  0.862734
77.350000  0.747894  0.856077
77.400000  0.753560  0.849785
77.450000  0.759219  0.843502
77.500000  0.765441  0.837599
77.550000  0.771657  0.831705
77.600000  0.778428  0.826204
77.650000  0.785192  0.820712
77.700000  0.792505  0.815626
77.750000  0.799811  0.810549
77.800000  0.807658  0.805891
77.850000  0.815496  0.801240
77.900000  0.823866  0.797021
77.950000  0.832228  0.792809
78.000000  0.841109  0.789040
78.050000  0.849982  0.785279
78.100000  0.859360  0.781972
78.150000  0.868729  0.778672
78.200000  0.878588  0.775839
78.250000  0.888435  0.773013
78.300000  0.898754  0.770664
78.350000  0.909060  0.768323
78.400000  0.919815  0.766472
78.450000  0.930555  0.764628
78.500000  0.941718  0.763286
78.550000  0.952863  0.761951
78.600000  0.964400  0.761131
78.650000  0.975919  0.760318
78.700000  0.987791  0.760032
78.750000  0.999643  0.759754
78.800000  1.011807  0.760016
78.850000  1.023948  0.760285
78.900000  1.036353  0.761109
78.950000  1.048732  0.761939
79.000000  1.061319  0.763336
79.050000  1.073878  0.764741
79.100000  1.086583  0.766726
79.150000  1.099257  0.768718
79.200000  1.112007  0.771304
79.250000  1.124723  0.773896
79.300000  1.137437  0.777096
79.350000  1.150114  0.780300
79.400000  1.162705  0.784124
79.450000  1.175255  0.787951
79.500000  1.187627  0.792409
79.550000  1.199954  0.796870
79.600000  1.212001  0.801969
79.650000  1.224002  0.807070
79.700000  1.235616  0.812817
79.750000  1.247180  0.818562
79.800000  1.258245  0.824957
79.850000  1.269257  0.831348
79.900000  1.279651  0.838387
79.950000  1.289991  0.845421
80.000000  1.299591  0.853097
80.050000  1.309137  0.860765
80.100000  1.317819  0.869063
80.150000  1.326447  0.877349
80.200000  1.334088  0.886247
80.250000  1.341676  0.895130
80.300000  1.348158  0.904598
80.350000  1.354589  0.914046
80.400000  1.359802  0.924045
80.450000  1.364966  0.934019
80.500000  1.368808  0.944498
80.550000  1.372606  0.954948
80.600000  1.374992  0.965847
80.650000  1.377340  0.976712
80.700000  1.378199  0.987960
80.750000  1.379029  0.999169
80.800000  1.378314  1.010683
80.850000  1.377578  1.022154
80.900000  1.375262  1.033839
80.950000  1.372935  1.045478
81.000000  1.369018  1.057233
81.050000  1.365100  1.068937
81.100000  1.359607  1.080649
81.150000  1.354125  1.092308
81.200000  1.347108  1.103858
81.250000  1.340112  1.115353
81.300000  1.331649  1.126619
81.350000  1.323219  1.137828
81.400000  1.313412  1.148685
81.450000  1.303647  1.159485
81.500000  1.292620  1.169809
81.550000  1.281645  1.180079
81.600000  1.269541  1.189751
81.650000  1.257496  1.199372
81.700000  1.244470  1.208281
81.750000  1.231510  1.217143
81.800000  1.217728  1.225188
81.850000  1.204017  1.233191
81.900000  1.189652  1.240284
81.950000  1.175359  1.247340
82.000000  1.160580  1.253407
82.050000  1.145875  1.259446
82.100000  1.130851  1.264431
82.150000  1.115900  1.269394
82.200000  1.100790  1.273258
82.250000  1.085750  1.277108
82.300000  1.070703  1.279829
82.350000  1.055722  1.282543
82.400000  1.040874  1.284117
82.450000  1.026087  1.285691
82.500000  1.011559  1.286129
82.550000  0.997088  1.286575
82.600000  0.982985  1.285904
82.650000  0.968933  1.285248
82.700000  0.955347  1.283509
82.750000  0.941804  1.281789
82.800000  0.928808  1.279033
82.850000  0.915849  1.276301
82.900000  0.903503  1.272589
82.950000  0.891188  1.268905
83.000000  0.879538  1.264305
83.050000  0.867915  1.259736
83.100000  0.856995  1.254321
83.150000  0.846098  1.248940
83.200000  0.835933  1.242788
83.250000  0.825785  1.236671
83.300000  0.816389  1.229861
83.350000  0.807006  1.223087
83.400000  0.798385  1.215698
83.450000  0.789775  1.208345
83.500000  0.781931  1.200457
83.550000  0.774094  1.192603
83.600000  0.767021  1.184292
83.650000  0.759954  1.176014
83.700000  0.753645  1.167354
83.750000  0.747339  1.158727
83.800000  0.741783  1.149788
83.850000  0.736227  1.140881
83.900000  0.731411  1.131732
83.950000  0.726593  1.122613
84.000000  0.722502  1.113316
84.050000  0.718408  1.104048
84.100000  0.715027  1.094663
84.150000  0.711643  1.085304
84.200000  0.708956  1.075886
84.250000  0.706266  1.066492
84.300000  0.704260  1.057090
84.350000  0.702250  1.047711
84.400000  0.700910  1.038372
84.450000  0.699565  1.029055
84.500000  0.698877  1.019823
84.550000  0.698184  1.010610
84.600000  0.698136  1.001521
84.650000  0.698083  0.992452
84.700000  0.698663  0.983543
84.750000  0.699238  0.974652
84.800000  0.700436  0.965955
84.850000  0.701628  0.957274
84.900000  0.703434  0.948817
84.950000  0.705234  0.940376
85.000000  0.707638  0.932186
85.050000  0.710038  0.924010
85.100000  0.713034  0.916110
85.150000  0.716025  0.908224
85.200000  0.719605  0.900636
85.250000  0.723181  0.893060
85.300000  0.727339  0.885803
85.350000  0.731492  0.878557
85.400000  0.736223  0.871649
85.450000  0.740947  0.864751
85.500000  0.746244  0.858208
85.550000  0.751534  0.851674
85.600000  0.757391  0.845511
85.650000  0.763241  0.839357
85.700000  0.769652  0.833587
85.750000  0.776056  0.827827
85.800000  0.783014  0.822464
85.850000  0.789964  0.817110
85.900000  0.797461  0.812167
85.950000  0.804951  0.807232
86.000000  0.812978  0.802720
86.050000  0.820997  0.798216
86.100000  0.829544  0.794147
86.150000  0.838083  0.790086
86.200000  0.847137  0.786471
86.250000  0.856181  0.782865
86.300000  0.865728  0.779716
86.350000  0.875263  0.776575
86.400000  0.885283  0.773904
86.450000  0.895291  0.771240
86.500000  0.905764  0.769058
86.550000  0.916223  0.766884
86.600000  0.927123  0.765204
86.650000  0.938007  0.763531
86.700000  0.949304  0.762364
86.750000  0.960583  0.761204
86.800000  0.972242  0.760563
86.850000  0.983881  0.759930
86.900000  0.995862  0.759828
86.950000  1.007821  0.759734
87.000000  1.020076  0.760185
87.050000  1.032308  0.760643
87.100000  1.044786  0.761659
87.150000  1.057236  0.762683
87.200000  1.069876  0.764279
87.250000  1.082485  0.765881
87.300000  1.095219  0.768069
87.350000  1.107919  0.770263
87.400000  1.120672  0.773057
87.450000  1.133388  0.775855
87.500000  1.146076  0.779266
87.550000  1.158725  0.782681
87.600000  1.171257  0.786720
87.650000  1.183748  0.790762
87.700000  1.196026  0.795438
87.750000  1.208259  0.800116
87.800000  1.220177  0.805436
87.850000  1.232047  0.810756
87.900000  1.243493  0.816724
87.950000  1.254888  0.822690
88.000000  1.265743  0.829305
88.050000  1.276546  0.835917
88.100000  1.286689  0.843175
88.150000  1.296778  0.850427
88.200000  1.306085  0.858319
88.250000  1.315338  0.866200
88.300000  1.323685  0.874708
88.350000  1.331977  0.883201
88.400000  1.339242  0.892300
88.450000  1.346454  0.901381
88.500000  1.352521  0.911037
88.550000  1.358537  0.920672
88.600000  1.363298  0.930843
88.650000  1.368012  0.940988
88.700000  1.371371  0.951620
88.750000  1.374688  0.962222
88.800000  1.376564  0.973252
88.850000  1.378405  0.984247
88.900000  1.378735  0.995599
88.950000  1.379039  1.006911
89.000000  1.377782  1.018498
89.050000  1.376508  1.030041
89.100000  1.373647  1.041767
89.150000  1.370778  1.053445
89.200000  1.366321  1.065203
89.250000  1.361866  1.076909
89.300000  1.355847  1.088585
89.350000  1.349841  1.100206
89.400000  1.342321  1.111679
89.450000  1.334825  1.123095
89.500000  1.325889  1.134241
89.550000  1.316990  1.145330
89.600000  1.306750  1.156025
89.650000  1.296555  1.166663
89.700000  1.285141  1.176784
89.750000  1.273781  1.186850
89.800000  1.261340  1.196280
89.850000  1.248961  1.205659
89.900000  1.235654  1.214290
89.950000  1.222415  1.222874
90.000000  1.208410  1.230609
90.050000  1.194476  1.238303
90.100000  1.179945  1.245058
90.150000  1.165487  1.251779
90.200000  1.150601  1.257487
90.250000  1.135787  1.263168
90.300000  1.120710  1.267778
90.350000  1.105705  1.272369
90.400000  1.090594  1.275848
90.450000  1.075552  1.279316
90.500000  1.060552  1.281648
90.550000  1.045617  1.283976
90.600000  1.030859  1.285162
90.650000  1.016161  1.286352
90.700000  1.001761  1.286409
90.750000  0.987416  1.286477
90.800000  0.973474  1.285438
90.850000  0.959581  1.284415
90.900000  0.946182  1.282323
90.950000  0.932826  1.280253
91.000000  0.920040  1.277163
91.050000  0.907290  1.274099
91.100000  0.895171  1.270076
91.150000  0.883083  1.266081
91.200000  0.871674  1.261194
91.250000  0.860290  1.256339
91.300000  0.849621  1.250663
91.350000  0.838973  1.245020
91.400000  0.829065  1.238634
91.450000  0.819172  1.232282
91.500000  0.810037  1.225264
91.550000  0.800913  1.218281
91.600000  0.792554  1.210711
91.650000  0.784204  1.203176
91.700000  0.776621  1.195133
91.750000  0.769044  1.187124
91.800000  0.762230  1.178682
91.850000  0.755421  1.170275
91.900000  0.749368  1.161509
91.950000  0.743316  1.152775
92.000000  0.738012  1.143755
92.050000  0.732707  1.134765
92.100000  0.728137  1.125556
92.150000  0.723566  1.116376
92.200000  0.719717  1.107040
92.250000  0.715865  1.097731
92.300000  0.712720  1.088325
92.350000  0.709573  1.078946
92.400000  0.707119  1.069524
92.450000  0.704660  1.060127
92.500000  0.702882  1.050738
92.550000  0.701099  1.041372
92.600000  0.699981  1.032062
92.650000  0.698859  1.022773
92.700000  0.698390  1.013582
92.750000  0.697915  1.004411
92.800000  0.698082  0.995377
92.850000  0.698243  0.986362
92.900000  0.699034  0.977519
92.950000  0.699820  0.968693
93.000000  0.701225  0.960072
93.050000  0.702625  0.951466
93.100000  0.704635  0.943095
93.150000  0.706640  0.934739
93.200000  0.709247  0.926642
93.250000  0.711848  0.918560
93.300000  0.715044  0.910761
93.350000  0.718234  0.902975
93.400000  0.722013  0.895496
93.450000  0.725785  0.888028
93.500000  0.730139  0.880885
93.550000  0.734488  0.873754
93.600000  0.739412  0.866965
93.650000  0.744330  0.860188
93.700000  0.749819  0.853770
93.750000  0.755301  0.847362
93.800000  0.761347  0.841329
93.850000  0.767388  0.835306
93.900000  0.773986  0.829671
93.950000  0.780577  0.824045
94.000000  0.787720  0.818822
94.050000  0.794856  0.813608
94.100000  0.802536  0.808808
94.150000  0.810208  0.804016
94.200000  0.818415  0.799652
94.250000  0.826613  0.795296
94.300000  0.835336  0.791378
94.350000  0.844049  0.787469
94.400000  0.853275  0.784010
94.450000  0.862489  0.780559
94.500000  0.872201  0.777570
94.550000  0.881901  0.774589
94.600000  0.892080  0.772081
94.650000  0.902246  0.769582
94.700000  0.912870  0.767567
94.750000  0.923479  0.765561
94.800000  0.934519  0.764053
94.850000  0.945544  0.762552
94.900000  0.956971  0.761561
94.950000  0.968380  0.760578
95.000000  0.980156  0.760118
95.050000  0.991913  0.759666
95.100000  1.003996  0.759749
95.150000  1.016056  0.759840
95.200000  1.028397  0.760481
95.250000  1.040713  0.761129
95.300000  1.053257  0.762341
95.350000  1.065772  0.763559
95.400000  1.078456  0.765354
95.450000  1.091109  0.767155
95.500000  1.103862  0.769548
95.550000  1.116581  0.771945
95.600000  1.129326  0.774947
95.650000  1.142034  0.777954
95.700000  1.154684  0.781577
95.750000  1.167295  0.785204
95.800000  1.179757  0.789459
95.850000  1.192177  0.793716
95.900000  1.204350  0.798611
95.950000  1.216477  0.803507
96.000000  1.228253  0.809047
96.050000  1.239980  0.814587
96.100000  1.251244  0.820776
96.150000  1.262456  0.826963
96.200000  1.273089  0.833799
96.250000  1.283669  0.840630
96.300000  1.293547  0.848106
96.350000  1.303371  0.855575
96.400000  1.312371  0.863680
96.450000  1.321316  0.871773
96.500000  1.329314  0.880487
96.550000  1.337257  0.889185
96.600000  1.344132  0.898480
96.650000  1.350955  0.907756
96.700000  1.356594  0.917595
96.750000  1.362184  0.927411
96.800000  1.366482  0.937748
96.850000  1.370735  0.948058
96.900000  1.373602  0.958837
96.950000  1.376429  0.969584
97.000000  1.377789  0.980736
97.050000  1.379116  0.991851
97.100000  1.378912  1.003297
97.150000  1.378685  1.014702
97.200000  1.376886  1.026352
97.250000  1.375071  1.037957
97.300000  1.371666  1.049711
97.350000  1.368257  1.061415
97.400000  1.363263  1.073163
97.450000  1.358276  1.084858
97.500000  1.351737  1.096484
97.550000  1.345216  1.108054
97.600000  1.337201  1.119435
97.650000  1.329216  1.130759
97.700000  1.319821  1.141771
97.750000  1.310465  1.152726
97.800000  1.299806  1.163244
97.850000  1.289197  1.173706
97.900000  1.277412  1.183610
97.950000  1.265685  1.193460
98.000000  1.252926  1.202635
98.050000  1.240232  1.211760
98.100000  1.226663  1.220101
98.150000  1.213164  1.228398
98.200000  1.198955  1.235812
98.250000  1.184818  1.243188
98.300000  1.170141  1.249598
98.350000  1.155538  1.255976
98.400000  1.140562  1.261319
98.450000  1.125660  1.266638
98.500000  1.110548  1.270869
98.550000  1.095507  1.275084
98.600000  1.080412  1.278176
98.650000  1.065385  1.281259
98.700000  1.050447  1.283202
98.750000  1.035573  1.285144
98.800000  1.020919  1.285945
98.850000  1.006322  1.286752
98.900000  0.992062  1.286433
98.950000  0.977854  1.286127
99.000000  0.964083  1.284724
99.050000  0.950358  1.283340
99.100000  0.937156  1.280902
99.150000  0.923993  1.278487
99.200000  0.911424  1.275071
99.250000  0.898888  1.271683
99.300000  0.887002  1.267357
99.350000  0.875145  1.263060
99.400000  0.863981  1.257895
99.450000  0.852840  1.252762
99.500000  0.842424  1.246833
99.550000  0.832027  1.240939
99.600000  0.822377  1.234327
99.650000  0.812742  1.227749
99.700000  0.803867  1.220532
99.750000  0.795003  1.213351
99.800000  0.786906  1.205608
99.850000  0.778816  1.197901
99.900000  0.771493  1.189711
99.950000  0.764175  1.181555
100.000000  0.757619  1.172992
