   t     nR      nF
0.000000  1.288207  1.200000
0.050000  1.275325  1.203458
0.100000  1.262259  1.206627
0.150000  1.249218  1.209791
0.200000  1.236052  1.212657
0.250000  1.222909  1.215519
0.300000  1.209696  1.218076
0.350000  1.196505  1.220630
0.400000  1.183297  1.222873
0.450000  1.170111  1.225115
0.500000  1.156956  1.227041
0.550000  1.143822  1.228967
0.600000  1.130766  1.230576
0.650000  1.117730  1.232185
0.700000  1.104814  1.233478
0.750000  1.091917  1.234770
0.800000  1.079179  1.235747
0.850000  1.066459  1.236726
0.900000  1.053933  1.237391
0.950000  1.041424  1.238059
1.000000  1.029141  1.238417
1.050000  1.016873  1.238778
1.100000  1.004861  1.238835
1.150000  0.992861  1.238895
1.200000  0.981142  1.238658
1.250000  0.969434  1.238425
1.300000  0.958028  1.237901
1.350000  0.946632  1.237381
1.400000  0.935557  1.236580
1.450000  0.924490  1.235783
1.500000  0.913759  1.234714
1.550000  0.903035  1.233649
1.600000  0.892660  1.232322
1.650000  0.882290  1.230999
1.700000  0.872279  1.229424
1.750000  0.862273  1.227853
1.800000  0.852632  1.226041
1.850000  0.842995  1.224235
1.900000  0.833729  1.222197
1.950000  0.824466  1.220165
2.000000  0.815577  1.217914
2.050000  0.806691  1.215668
2.100000  0.798179  1.213214
2.150000  0.789670  1.210765
2.200000  0.781536  1.208120
2.250000  0.773403  1.205481
2.300000  0.765644  1.202657
2.350000  0.757885  1.199839
2.400000  0.750498  1.196847
2.450000  0.743111  1.193861
2.500000  0.736092  1.190714
2.550000  0.729073  1.187571
2.600000  0.722417  1.184279
2.650000  0.715761  1.180991
2.700000  0.709462  1.177565
2.750000  0.703163  1.174144
2.800000  0.697217  1.170594
2.850000  0.691270  1.167050
2.900000  0.685669  1.163388
2.950000  0.680068  1.159731
3.000000  0.674807  1.155968
3.050000  0.669544  1.152208
3.100000  0.664616  1.148352
3.150000  0.659686  1.144501
3.200000  0.655083  1.140563
3.250000  0.650479  1.136629
3.300000  0.646196  1.132617
3.350000  0.641911  1.128610
3.400000  0.637940  1.124534
3.450000  0.633968  1.120463
3.500000  0.630303  1.116332
3.550000  0.626637  1.112205
3.600000  0.623272  1.108027
3.650000  0.619905  1.103852
3.700000  0.616834  1.099635
3.750000  0.613761  1.095422
3.800000  0.610977  1.091173
3.850000  0.608192  1.086929
3.900000  0.605690  1.082656
3.950000  0.603187  1.078387
4.000000  0.600962  1.074098
4.050000  0.598736  1.069812
4.100000  0.596782  1.065512
4.150000  0.594828  1.061216
4.200000  0.593141  1.056913
4.250000  0.591453  1.052613
4.300000  0.590029  1.048312
4.350000  0.588604  1.044014
4.400000  0.587439  1.039722
4.450000  0.586272  1.035432
4.500000  0.585361  1.031154
4.550000  0.584449  1.026878
4.600000  0.583790  1.022620
4.650000  0.583130  1.018363
4.700000  0.582720  1.014129
4.750000  0.582308  1.009897
4.800000  0.582143  1.005693
4.850000  0.581978  1.001490
4.900000  0.582057  0.997320
4.950000  0.582135  0.993151
5.000000  0.582455  0.989020
5.050000  0.582775  0.984890
5.100000  0.583336  0.980801
5.150000  0.583896  0.976715
5.200000  0.584695  0.972673
5.250000  0.585494  0.968633
5.300000  0.586532  0.964643
5.350000  0.587569  0.960654
5.400000  0.588844  0.956719
5.450000  0.590118  0.952785
5.500000  0.591630  0.948908
5.550000  0.593141  0.945033
5.600000  0.594890  0.941218
5.650000  0.596639  0.937405
5.700000  0.598625  0.933656
5.750000  0.600611  0.929909
5.800000  0.602835  0.926228
5.850000  0.605058  0.922549
5.900000  0.607521  0.918941
5.950000  0.609983  0.915334
6.000000  0.612685  0.911801
6.050000  0.615387  0.908270
6.100000  0.618330  0.904814
6.150000  0.621273  0.901361
6.200000  0.624458  0.897987
6.250000  0.627644  0.894615
6.300000  0.631073  0.891325
6.350000  0.634502  0.888036
6.400000  0.638177  0.884833
6.450000  0.641852  0.881632
6.500000  0.645775  0.878518
6.550000  0.649697  0.875406
6.600000  0.653869  0.872385
6.650000  0.658042  0.869365
6.700000  0.662466  0.866439
6.750000  0.666890  0.863515
6.800000  0.671568  0.860686
6.850000  0.676246  0.857860
6.900000  0.681180  0.855132
6.950000  0.686114  0.852405
7.000000  0.691307  0.849780
7.050000  0.696499  0.847157
7.100000  0.701952  0.844638
7.150000  0.707405  0.842121
7.200000  0.713120  0.839710
7.250000  0.718836  0.837301
7.300000  0.724816  0.835002
7.350000  0.730796  0.832704
7.400000  0.737042  0.830518
7.450000  0.743288  0.828335
7.500000  0.749801  0.826266
7.550000  0.756315  0.824198
7.600000  0.763098  0.822249
7.650000  0.769880  0.820301
7.700000  0.776932  0.818473
7.750000  0.783984  0.816648
7.800000  0.791307  0.814945
7.850000  0.798629  0.813244
7.900000  0.806222  0.811670
7.950000  0.813813  0.810097
8.000000  0.821676  0.808653
8.050000  0.829537  0.807211
8.100000  0.837669  0.805901
8.150000  0.845798  0.804593
8.200000  0.854196  0.803420
8.250000  0.862592  0.802248
8.300000  0.871254  0.801215
8.350000  0.879914  0.800184
8.400000  0.888836  0.799293
8.450000  0.897756  0.798405
8.500000  0.906935  0.797661
8.550000  0.916110  0.796918
8.600000  0.925539  0.796324
8.650000  0.934965  0.795731
8.700000  0.944638  0.795289
8.750000  0.954306  0.794848
8.800000  0.964215  0.794562
8.850000  0.974120  0.794278
8.900000  0.984255  0.794151
8.950000  0.994385  0.794026
9.000000  1.004737  0.794062
9.050000  1.015082  0.794100
9.100000  1.025637  0.794302
9.150000  1.036186  0.794505
9.200000  1.046930  0.794877
9.250000  1.057668  0.795250
9.300000  1.068586  0.795794
9.350000  1.079497  0.796340
9.400000  1.090571  0.797060
9.450000  1.101637  0.797782
9.500000  1.112848  0.798682
9.550000  1.124050  0.799583
9.600000  1.135376  0.800665
9.650000  1.146692  0.801749
9.700000  1.158110  0.803018
9.750000  1.169516  0.804287
9.800000  1.180999  0.805744
9.850000  1.192469  0.807203
9.900000  1.203989  0.808852
9.950000  1.215496  0.810502
10.000000  1.227023  0.812345
10.050000  1.238535  0.814189
10.100000  1.250036  0.816229
10.150000  1.261522  0.818270
10.200000  1.272962  0.820509
10.250000  1.284386  0.822749
10.300000  1.295727  0.825188
10.350000  1.307053  0.827629
10.400000  1.318257  0.830271
10.450000  1.329445  0.832913
10.500000  1.340471  0.835759
10.550000  1.351479  0.838604
10.600000  1.362283  0.841654
10.650000  1.373068  0.844703
10.700000  1.383606  0.847957
10.750000  1.394124  0.851209
10.800000  1.404349  0.854666
10.850000  1.414554  0.858122
10.900000  1.424419  0.861781
10.950000  1.434263  0.865439
11.000000  1.443718  0.869298
11.050000  1.453153  0.873155
11.100000  1.462151  0.877211
11.150000  1.471128  0.881265
11.200000  1.479618  0.885515
11.250000  1.488088  0.889762
11.300000  1.496023  0.894200
11.350000  1.503937  0.898636
11.400000  1.511267  0.903258
11.450000  1.518577  0.907876
11.500000  1.525257  0.912674
11.550000  1.531917  0.917468
11.600000  1.537900  0.922434
11.650000  1.543865  0.927396
11.700000  1.549109  0.932522
11.750000  1.554336  0.937642
11.800000  1.558802  0.942917
11.850000  1.563251  0.948186
11.900000  1.566902  0.953598
11.950000  1.570537  0.959004
12.000000  1.573340  0.964541
12.050000  1.576130  0.970071
12.100000  1.578057  0.975719
12.150000  1.579973  0.981359
12.200000  1.581003  0.987102
12.250000  1.582022  0.992837
12.300000  1.582136  0.998659
12.350000  1.582242  1.004473
12.400000  1.581428  1.010356
12.450000  1.580609  1.016231
12.500000  1.578863  1.022157
12.550000  1.577114  1.028074
12.600000  1.574435  1.034023
12.650000  1.571757  1.039963
12.700000  1.568154  1.045915
12.750000  1.564554  1.051858
12.800000  1.560040  1.057792
12.850000  1.555533  1.063716
12.900000  1.550129  1.069610
12.950000  1.544734  1.075495
13.000000  1.538467  1.081328
13.050000  1.532211  1.087150
13.100000  1.525114  1.092900
13.150000  1.518030  1.098638
13.200000  1.510140  1.104282
13.250000  1.502266  1.109915
13.300000  1.493628  1.115432
13.350000  1.485008  1.120938
13.400000  1.475669  1.126305
13.450000  1.466350  1.131662
13.500000  1.456363  1.136860
13.550000  1.446397  1.142048
13.600000  1.435817  1.147056
13.650000  1.425260  1.152055
13.700000  1.414145  1.156854
13.750000  1.403054  1.161645
13.800000  1.391465  1.166218
13.850000  1.379901  1.170784
13.900000  1.367899  1.175114
13.950000  1.355922  1.179437
14.000000  1.343569  1.183510
14.050000  1.331241  1.187576
14.100000  1.318598  1.191377
14.150000  1.305980  1.195173
14.200000  1.293108  1.198691
14.250000  1.280262  1.202205
14.300000  1.267221  1.205430
14.350000  1.254205  1.208651
14.400000  1.241052  1.211575
14.450000  1.227923  1.214495
14.500000  1.214713  1.217111
14.550000  1.201527  1.219724
14.600000  1.188313  1.222027
14.650000  1.175121  1.224328
14.700000  1.161952  1.226315
14.750000  1.148803  1.228301
14.800000  1.135724  1.229971
14.850000  1.122665  1.231640
14.900000  1.109719  1.232992
14.950000  1.096791  1.234345
15.000000  1.084016  1.235382
15.050000  1.071258  1.236420
15.100000  1.058689  1.237144
15.150000  1.046136  1.237870
15.200000  1.033805  1.238286
15.250000  1.021488  1.238705
15.300000  1.009422  1.238819
15.350000  0.997368  1.238935
15.400000  0.985591  1.238753
15.450000  0.973825  1.238575
15.500000  0.962358  1.238105
15.550000  0.950901  1.237639
15.600000  0.939761  1.236890
15.650000  0.928630  1.236145
15.700000  0.917832  1.235125
15.750000  0.907041  1.234110
15.800000  0.896597  1.232831
15.850000  0.886159  1.231556
15.900000  0.876077  1.230027
15.950000  0.866001  1.228502
16.000000  0.856289  1.226734
16.050000  0.846582  1.224971
16.100000  0.837243  1.222976
16.150000  0.827909  1.220985
16.200000  0.818948  1.218773
16.250000  0.809990  1.216567
16.300000  0.801406  1.214150
16.350000  0.792825  1.211739
16.400000  0.784619  1.209129
16.450000  0.776415  1.206525
16.500000  0.768584  1.203734
16.550000  0.760755  1.200948
16.600000  0.753297  1.197988
16.650000  0.745840  1.195032
16.700000  0.738751  1.191913
16.750000  0.731662  1.188799
16.800000  0.724937  1.185533
16.850000  0.718212  1.182272
16.900000  0.711846  1.178870
16.950000  0.705479  1.175473
17.000000  0.699467  1.171946
17.050000  0.693453  1.168424
17.100000  0.687787  1.164782
17.150000  0.682120  1.161146
17.200000  0.676795  1.157400
17.250000  0.671469  1.153660
17.300000  0.666477  1.149820
17.350000  0.661485  1.145985
17.400000  0.656821  1.142061
17.450000  0.652155  1.138142
17.500000  0.647812  1.134143
17.550000  0.643467  1.130149
17.600000  0.639437  1.126085
17.650000  0.635406  1.122024
17.700000  0.631683  1.117903
17.750000  0.627960  1.113786
17.800000  0.624538  1.109616
17.850000  0.621115  1.105449
17.900000  0.617989  1.101239
17.950000  0.614860  1.097032
18.000000  0.612022  1.092789
18.050000  0.609183  1.088549
18.100000  0.606628  1.084280
18.150000  0.604072  1.080015
18.200000  0.601795  1.075728
18.250000  0.599516  1.071444
18.300000  0.597511  1.067146
18.350000  0.595505  1.062851
18.400000  0.593769  1.058548
18.450000  0.592030  1.054248
18.500000  0.590557  1.049946
18.550000  0.589082  1.045647
18.600000  0.587868  1.041352
18.650000  0.586653  1.037060
18.700000  0.585694  1.032779
18.750000  0.584734  1.028500
18.800000  0.584027  1.024237
18.850000  0.583320  1.019976
18.900000  0.582862  1.015737
18.950000  0.582404  1.011500
19.000000  0.582192  1.007289
19.050000  0.581980  1.003080
19.100000  0.582013  0.998903
19.150000  0.582045  0.994727
19.200000  0.582320  0.990588
19.250000  0.582594  0.986450
19.300000  0.583109  0.982353
19.350000  0.583624  0.978257
19.400000  0.584378  0.974206
19.450000  0.585132  0.970157
19.500000  0.586125  0.966156
19.550000  0.587116  0.962158
19.600000  0.588346  0.958211
19.650000  0.589576  0.954267
19.700000  0.591043  0.950378
19.750000  0.592509  0.946492
19.800000  0.594213  0.942664
19.850000  0.595917  0.938839
19.900000  0.597858  0.935077
19.950000  0.599799  0.931317
20.000000  0.601977  0.927623
20.050000  0.604156  0.923931
20.100000  0.606573  0.920308
20.150000  0.608990  0.916687
20.200000  0.611647  0.913139
20.250000  0.614303  0.909593
20.300000  0.617201  0.906123
20.350000  0.620098  0.902654
20.400000  0.623237  0.899264
20.450000  0.626376  0.895876
20.500000  0.629759  0.892570
20.550000  0.633142  0.889265
20.600000  0.636770  0.886045
20.650000  0.640398  0.882827
20.700000  0.644274  0.879696
20.750000  0.648149  0.876567
20.800000  0.652274  0.873528
20.850000  0.656399  0.870490
20.900000  0.660775  0.867546
20.950000  0.665151  0.864603
21.000000  0.669781  0.861755
21.050000  0.674411  0.858910
21.100000  0.679296  0.856162
21.150000  0.684182  0.853417
21.200000  0.689325  0.850772
21.250000  0.694469  0.848129
21.300000  0.699872  0.845589
21.350000  0.705276  0.843051
21.400000  0.710942  0.840620
21.450000  0.716607  0.838190
21.500000  0.722537  0.835869
21.550000  0.728466  0.833550
21.600000  0.734662  0.831342
21.650000  0.740858  0.829137
21.700000  0.747321  0.827045
21.750000  0.753783  0.824955
21.800000  0.760515  0.822983
21.850000  0.767247  0.821012
21.900000  0.774248  0.819161
21.950000  0.781249  0.817312
22.000000  0.788521  0.815585
22.050000  0.795791  0.813860
22.100000  0.803334  0.812261
22.150000  0.810874  0.810664
22.200000  0.818686  0.809195
22.250000  0.826497  0.807728
22.300000  0.834578  0.806392
22.350000  0.842657  0.805058
22.400000  0.851005  0.803859
22.450000  0.859350  0.802661
22.500000  0.867963  0.801601
22.550000  0.876573  0.800542
22.600000  0.885447  0.799625
22.650000  0.894318  0.798709
22.700000  0.903449  0.797936
22.750000  0.912576  0.797166
22.800000  0.921959  0.796543
22.850000  0.931338  0.795921
22.900000  0.940965  0.795450
22.950000  0.950589  0.794980
23.000000  0.960454  0.794664
23.050000  0.970315  0.794350
23.100000  0.980409  0.794192
23.150000  0.990498  0.794037
23.200000  1.000810  0.794041
23.250000  1.011116  0.794048
23.300000  1.021634  0.794218
23.350000  1.032145  0.794390
23.400000  1.042856  0.794729
23.450000  1.053559  0.795069
23.500000  1.064446  0.795580
23.550000  1.075326  0.796093
23.600000  1.086373  0.796780
23.650000  1.097412  0.797468
23.700000  1.108599  0.798333
23.750000  1.119777  0.799200
23.800000  1.131084  0.800248
23.850000  1.142381  0.801297
23.900000  1.153784  0.802530
23.950000  1.165176  0.803764
24.000000  1.176649  0.805185
24.050000  1.188110  0.806607
24.100000  1.199626  0.808220
24.150000  1.211129  0.809833
24.200000  1.222658  0.811639
24.250000  1.234173  0.813446
24.300000  1.245681  0.815449
24.350000  1.257176  0.817452
24.400000  1.268631  0.819653
24.450000  1.280071  0.821855
24.500000  1.291435  0.824257
24.550000  1.302783  0.826659
24.600000  1.314017  0.829263
24.650000  1.325235  0.831867
24.700000  1.336299  0.834674
24.750000  1.347345  0.837481
24.800000  1.358196  0.840492
24.850000  1.369028  0.843502
24.900000  1.379621  0.846717
24.950000  1.390194  0.849932
25.000000  1.400483  0.853350
25.050000  1.410752  0.856768
25.100000  1.420690  0.860389
25.150000  1.430607  0.864008
25.200000  1.440145  0.867830
25.250000  1.449662  0.871649
25.300000  1.458751  0.875668
25.350000  1.467820  0.879686
25.400000  1.476411  0.883899
25.450000  1.484982  0.888110
25.500000  1.493027  0.892513
25.550000  1.501051  0.896914
25.600000  1.508500  0.901501
25.650000  1.515930  0.906086
25.700000  1.522737  0.910851
25.750000  1.529525  0.915612
25.800000  1.535645  0.920548
25.850000  1.541745  0.925479
25.900000  1.547134  0.930575
25.950000  1.552504  0.935667
26.000000  1.557122  0.940914
26.050000  1.561722  0.946156
26.100000  1.565530  0.951544
26.150000  1.569323  0.956925
26.200000  1.572290  0.962440
26.250000  1.575243  0.967948
26.300000  1.577339  0.973576
26.350000  1.579423  0.979197
26.400000  1.580625  0.984923
26.450000  1.581816  0.990642
26.500000  1.582105  0.996451
26.550000  1.582386  1.002251
26.600000  1.581749  1.008125
26.650000  1.581106  1.013990
26.700000  1.579537  1.019910
26.750000  1.577965  1.025820
26.800000  1.575463  1.031767
26.850000  1.572960  1.037705
26.900000  1.569532  1.043659
26.950000  1.566106  1.049603
27.000000  1.561764  1.055542
27.050000  1.557426  1.061472
27.100000  1.552190  1.067376
27.150000  1.546961  1.073270
27.200000  1.540855  1.079117
27.250000  1.534760  1.084953
27.300000  1.527817  1.090721
27.350000  1.520887  1.096478
27.400000  1.513144  1.102144
27.450000  1.505416  1.107799
27.500000  1.496915  1.113341
27.550000  1.488432  1.118874
27.600000  1.479222  1.124271
27.650000  1.470031  1.129659
27.700000  1.460162  1.134891
27.750000  1.450313  1.140113
27.800000  1.439841  1.145159
27.850000  1.429390  1.150196
27.900000  1.418372  1.155037
27.950000  1.407377  1.159869
28.000000  1.395872  1.164487
28.050000  1.384392  1.169097
28.100000  1.372463  1.173475
28.150000  1.360558  1.177845
28.200000  1.348266  1.181968
28.250000  1.335999  1.186085
28.300000  1.323405  1.189939
28.350000  1.310837  1.193787
28.400000  1.298003  1.197360
28.450000  1.285194  1.200928
28.500000  1.272179  1.204210
28.550000  1.259190  1.207488
28.600000  1.246053  1.210469
28.650000  1.232940  1.213448
28.700000  1.219736  1.216123
28.750000  1.206555  1.218795
28.800000  1.193337  1.221158
28.850000  1.180141  1.223519
28.900000  1.166959  1.225566
28.950000  1.153797  1.227612
29.000000  1.140697  1.229342
29.050000  1.127616  1.231071
29.100000  1.114641  1.232484
29.150000  1.101684  1.233897
29.200000  1.088873  1.234993
29.250000  1.076079  1.236091
29.300000  1.063468  1.236874
29.350000  1.050872  1.237659
29.400000  1.038493  1.238133
29.450000  1.026128  1.238610
29.500000  1.014008  1.238781
29.550000  1.001902  1.238954
29.600000  0.990067  1.238828
29.650000  0.978245  1.238705
29.700000  0.966716  1.238289
29.750000  0.955198  1.237877
29.800000  0.943994  1.237180
29.850000  0.932800  1.236487
29.900000  0.921935  1.235518
29.950000  0.911078  1.234553
30.000000  0.900565  1.233322
30.050000  0.890059  1.232096
30.100000  0.879907  1.230613
30.150000  0.869761  1.229135
30.200000  0.859978  1.227411
30.250000  0.850200  1.225693
30.300000  0.840790  1.223739
30.350000  0.831384  1.221791
30.400000  0.822350  1.219619
30.450000  0.813320  1.217452
30.500000  0.804664  1.215073
30.550000  0.796011  1.212700
30.600000  0.787733  1.210126
30.650000  0.779457  1.207557
30.700000  0.771555  1.204800
30.750000  0.763654  1.202047
30.800000  0.756126  1.199118
30.850000  0.748598  1.196193
30.900000  0.741439  1.193103
30.950000  0.734280  1.190018
31.000000  0.727486  1.186779
31.050000  0.720692  1.183545
31.100000  0.714258  1.180167
31.150000  0.707824  1.176795
31.200000  0.701744  1.173291
31.250000  0.695664  1.169791
31.300000  0.689932  1.166171
31.350000  0.684200  1.162555
31.400000  0.678810  1.158828
31.450000  0.673420  1.155106
31.500000  0.668365  1.151283
31.550000  0.663310  1.147465
31.600000  0.658584  1.143556
31.650000  0.653857  1.139652
31.700000  0.649453  1.135667
31.750000  0.645047  1.131686
31.800000  0.640958  1.127633
31.850000  0.636868  1.123584
31.900000  0.633088  1.119473
31.950000  0.629306  1.115365
32.000000  0.625828  1.111203
32.050000  0.622348  1.107046
32.100000  0.619166  1.102842
32.150000  0.615982  1.098642
32.200000  0.613089  1.094404
32.250000  0.610195  1.090170
32.300000  0.607587  1.085905
32.350000  0.604978  1.081644
32.400000  0.602648  1.077359
32.450000  0.600317  1.073078
32.500000  0.598261  1.068782
32.550000  0.596204  1.064488
32.600000  0.594416  1.060185
32.650000  0.592627  1.055885
32.700000  0.591104  1.051582
32.750000  0.589580  1.047282
32.800000  0.588317  1.042986
32.850000  0.587052  1.038692
32.900000  0.586045  1.034407
32.950000  0.585037  1.030125
33.000000  0.584283  1.025858
33.050000  0.583527  1.021593
33.100000  0.583023  1.017348
33.150000  0.582517  1.013106
33.200000  0.582259  1.008889
33.250000  0.582001  1.004675
33.300000  0.581987  1.000490
33.350000  0.581973  0.996308
33.400000  0.582202  0.992161
33.450000  0.582430  0.988015
33.500000  0.582900  0.983909
33.550000  0.583369  0.979805
33.600000  0.584078  0.975745
33.650000  0.584787  0.971687
33.700000  0.585734  0.967676
33.750000  0.586681  0.963667
33.800000  0.587866  0.959710
33.850000  0.589050  0.955754
33.900000  0.590472  0.951854
33.950000  0.591893  0.947956
34.000000  0.593552  0.944117
34.050000  0.595211  0.940280
34.100000  0.597107  0.936505
34.150000  0.599003  0.932732
34.200000  0.601136  0.929024
34.250000  0.603270  0.925319
34.300000  0.605642  0.921682
34.350000  0.608013  0.918048
34.400000  0.610624  0.914485
34.450000  0.613235  0.910924
34.500000  0.616087  0.907439
34.550000  0.618938  0.903955
34.600000  0.622031  0.900549
34.650000  0.625125  0.897146
34.700000  0.628461  0.893823
34.750000  0.631798  0.890502
34.800000  0.635379  0.887265
34.850000  0.638961  0.884030
34.900000  0.642789  0.880882
34.950000  0.646618  0.877735
35.000000  0.650695  0.874678
35.050000  0.654772  0.871623
35.100000  0.659101  0.868660
35.150000  0.663429  0.865699
35.200000  0.668011  0.862833
35.250000  0.672592  0.859968
35.300000  0.677429  0.857202
35.350000  0.682266  0.854437
35.400000  0.687360  0.851772
35.450000  0.692455  0.849109
35.500000  0.697809  0.846549
35.550000  0.703163  0.843991
35.600000  0.708779  0.841539
35.650000  0.714395  0.839088
35.700000  0.720274  0.836746
35.750000  0.726154  0.834405
35.800000  0.732299  0.832176
35.850000  0.738444  0.829948
35.900000  0.744856  0.827834
35.950000  0.751268  0.825722
36.000000  0.757949  0.823727
36.050000  0.764630  0.821733
36.100000  0.771580  0.819858
36.150000  0.778530  0.817986
36.200000  0.785751  0.816235
36.250000  0.792970  0.814486
36.300000  0.800461  0.812863
36.350000  0.807951  0.811241
36.400000  0.815712  0.809747
36.450000  0.823472  0.808254
36.500000  0.831502  0.806893
36.550000  0.839530  0.805534
36.600000  0.847828  0.804308
36.650000  0.856124  0.803084
36.700000  0.864686  0.801997
36.750000  0.873247  0.800912
36.800000  0.882072  0.799967
36.850000  0.890894  0.799023
36.900000  0.899977  0.798223
36.950000  0.909056  0.797425
37.000000  0.918392  0.796773
37.050000  0.927724  0.796122
37.100000  0.937306  0.795622
37.150000  0.946884  0.795123
37.200000  0.956705  0.794777
37.250000  0.966522  0.794433
37.300000  0.976574  0.794245
37.350000  0.986621  0.794059
37.400000  0.996893  0.794033
37.450000  1.007159  0.794008
37.500000  1.017639  0.794146
37.550000  1.028113  0.794287
37.600000  1.038789  0.794593
37.650000  1.049458  0.794901
37.700000  1.060313  0.795379
37.750000  1.071161  0.795859
37.800000  1.082180  0.796512
37.850000  1.093190  0.797167
37.900000  1.104353  0.797998
37.950000  1.115508  0.798830
38.000000  1.126794  0.799843
38.050000  1.138071  0.800857
38.100000  1.149458  0.802055
38.150000  1.160834  0.803253
38.200000  1.172297  0.804638
38.250000  1.183748  0.806025
38.300000  1.195259  0.807601
38.350000  1.206757  0.809178
38.400000  1.218286  0.810947
38.450000  1.229802  0.812717
38.500000  1.241318  0.814682
38.550000  1.252820  0.816648
38.600000  1.264289  0.818811
38.650000  1.275743  0.820975
38.700000  1.287128  0.823339
38.750000  1.298497  0.825703
38.800000  1.309761  0.828268
38.850000  1.321007  0.830834
38.900000  1.332108  0.833602
38.950000  1.343191  0.836371
39.000000  1.354086  0.839343
39.050000  1.364963  0.842315
39.100000  1.375610  0.845491
39.150000  1.386237  0.848667
39.200000  1.396588  0.852047
39.250000  1.406919  0.855426
39.300000  1.416928  0.859009
39.350000  1.426917  0.862590
39.400000  1.436535  0.866374
39.450000  1.446133  0.870156
39.500000  1.455313  0.874138
39.550000  1.464471  0.878118
39.600000  1.473162  0.882295
39.650000  1.481832  0.886470
39.700000  1.489985  0.890838
39.750000  1.498118  0.895203
39.800000  1.505685  0.899756
39.850000  1.513232  0.904306
39.900000  1.520166  0.909038
39.950000  1.527080  0.913767
40.000000  1.533334  0.918671
40.050000  1.539569  0.923571
40.100000  1.545101  0.928638
40.150000  1.550614  0.933700
40.200000  1.555382  0.938920
40.250000  1.560132  0.944134
40.300000  1.564097  0.949497
40.350000  1.568047  0.954853
40.400000  1.571177  0.960345
40.450000  1.574292  0.965830
40.500000  1.576556  0.971438
40.550000  1.578808  0.977039
40.600000  1.580181  0.982748
40.650000  1.581544  0.988450
40.700000  1.582008  0.994245
40.750000  1.582463  1.000031
40.800000  1.582003  1.005895
40.850000  1.581537  1.011749
40.900000  1.580145  1.017662
40.950000  1.578749  1.023566
41.000000  1.576424  1.029510
41.050000  1.574098  1.035444
41.100000  1.570845  1.041399
41.150000  1.567594  1.047343
41.200000  1.563424  1.053288
41.250000  1.559258  1.059222
41.300000  1.554189  1.065135
41.350000  1.549128  1.071038
41.400000  1.543185  1.076898
41.450000  1.537251  1.082748
41.500000  1.530464  1.088532
41.550000  1.523689  1.094307
41.600000  1.516095  1.099994
41.650000  1.508515  1.105671
41.700000  1.500154  1.111239
41.750000  1.491810  1.116797
41.800000  1.482730  1.122224
41.850000  1.473669  1.127641
41.900000  1.463920  1.132907
41.950000  1.454192  1.138162
42.000000  1.443829  1.143245
42.050000  1.433488  1.148319
42.100000  1.422567  1.153201
42.150000  1.411670  1.158074
42.200000  1.400252  1.162736
42.250000  1.388859  1.167390
42.300000  1.377004  1.171815
42.350000  1.365175  1.176233
42.400000  1.352945  1.180406
42.450000  1.340742  1.184572
42.500000  1.328199  1.188478
42.550000  1.315682  1.192379
42.600000  1.302888  1.196006
42.650000  1.290120  1.199629
42.700000  1.277134  1.202967
42.750000  1.264173  1.206301
42.800000  1.251054  1.209341
42.850000  1.237959  1.212377
42.900000  1.224762  1.215111
42.950000  1.211589  1.217842
43.000000  1.198369  1.220264
43.050000  1.185171  1.222685
43.100000  1.171977  1.224792
43.150000  1.158804  1.226899
43.200000  1.145684  1.228689
43.250000  1.132584  1.230479
43.300000  1.119580  1.231952
43.350000  1.106596  1.233425
43.400000  1.093749  1.234581
43.450000  1.080921  1.235739
43.500000  1.068268  1.236581
43.550000  1.055631  1.237426
43.600000  1.043205  1.237958
43.650000  1.030793  1.238493
43.700000  1.018621  1.238721
43.750000  1.006463  1.238952
43.800000  0.994571  1.238881
43.850000  0.982692  1.238814
43.900000  0.971103  1.238452
43.950000  0.959525  1.238094
44.000000  0.948257  1.237450
44.050000  0.936999  1.236810
44.100000  0.926068  1.235892
44.150000  0.915146  1.234978
44.200000  0.904565  1.233796
44.250000  0.893990  1.232618
44.300000  0.883769  1.231182
44.350000  0.873553  1.229751
44.400000  0.863699  1.228072
44.450000  0.853849  1.226398
44.500000  0.844368  1.224488
44.550000  0.834890  1.222582
44.600000  0.825785  1.220450
44.650000  0.816682  1.218324
44.700000  0.807954  1.215984
44.750000  0.799229  1.213648
44.800000  0.790879  1.211110
44.850000  0.782531  1.208578
44.900000  0.774557  1.205854
44.950000  0.766585  1.203135
45.000000  0.758985  1.200237
45.050000  0.751386  1.197344
45.100000  0.744157  1.194284
45.150000  0.736928  1.191228
45.200000  0.730065  1.188016
45.250000  0.723202  1.184809
45.300000  0.716699  1.181457
45.350000  0.710197  1.178110
45.400000  0.704050  1.174629
45.450000  0.697903  1.171152
45.500000  0.692105  1.167552
45.550000  0.686307  1.163958
45.600000  0.680853  1.160250
45.650000  0.675397  1.156547
45.700000  0.670280  1.152742
45.750000  0.665161  1.148941
45.800000  0.660373  1.145047
45.850000  0.655583  1.141159
45.900000  0.651119  1.137187
45.950000  0.646652  1.133219
46.000000  0.642504  1.129178
46.050000  0.638354  1.125142
46.100000  0.634515  1.121040
46.150000  0.630675  1.116943
46.200000  0.627140  1.112790
46.250000  0.623603  1.108641
46.300000  0.620365  1.104444
46.350000  0.617126  1.100251
46.400000  0.614178  1.096019
46.450000  0.611230  1.091790
46.500000  0.608568  1.087530
46.550000  0.605905  1.083273
46.600000  0.603522  1.078992
46.650000  0.601139  1.074714
46.700000  0.599031  1.070418
46.750000  0.596922  1.066126
46.800000  0.595084  1.061824
46.850000  0.593244  1.057524
46.900000  0.591671  1.053221
46.950000  0.590097  1.048920
47.000000  0.588785  1.044622
47.050000  0.587471  1.040326
47.100000  0.586415  1.036038
47.150000  0.585359  1.031753
47.200000  0.584557  1.027482
47.250000  0.583754  1.023214
47.300000  0.583202  1.018964
47.350000  0.582649  1.014717
47.400000  0.582344  1.010494
47.450000  0.582039  1.006274
47.500000  0.581979  1.002082
47.550000  0.581918  0.997894
47.600000  0.582102  0.993738
47.650000  0.582284  0.989586
47.700000  0.582708  0.985471
47.750000  0.583131  0.981359
47.800000  0.583795  0.977289
47.850000  0.584458  0.973222
47.900000  0.585360  0.969201
47.950000  0.586262  0.965182
48.000000  0.587401  0.961214
48.050000  0.588541  0.957248
48.100000  0.589917  0.953337
48.150000  0.591294  0.949427
48.200000  0.592908  0.945576
48.250000  0.594521  0.941727
48.300000  0.596372  0.937939
48.350000  0.598223  0.934153
48.400000  0.600311  0.930433
48.450000  0.602399  0.926714
48.500000  0.604726  0.923063
48.550000  0.607052  0.919415
48.600000  0.609618  0.915838
48.650000  0.612183  0.912263
48.700000  0.614989  0.908762
48.750000  0.617795  0.905263
48.800000  0.620842  0.901842
48.850000  0.623889  0.898423
48.900000  0.627179  0.895084
48.950000  0.630469  0.891747
49.000000  0.634004  0.888493
49.050000  0.637539  0.885242
49.100000  0.641321  0.882076
49.150000  0.645102  0.878912
49.200000  0.649132  0.875838
49.250000  0.653162  0.872765
49.300000  0.657443  0.869783
49.350000  0.661723  0.866804
49.400000  0.666256  0.863919
49.450000  0.670790  0.861036
49.500000  0.675578  0.858250
49.550000  0.680366  0.855465
49.600000  0.685412  0.852781
49.650000  0.690457  0.850098
49.700000  0.695762  0.847518
49.750000  0.701066  0.844940
49.800000  0.706633  0.842467
49.850000  0.712198  0.839995
49.900000  0.718028  0.837632
49.950000  0.723857  0.835270
50.000000  0.729952  0.833018
50.050000  0.736047  0.830769
50.100000  0.742408  0.828633
50.150000  0.748770  0.826498
50.200000  0.755400  0.824480
50.250000  0.762029  0.822463
50.300000  0.768928  0.820566
50.350000  0.775827  0.818669
50.400000  0.782997  0.816895
50.450000  0.790165  0.815122
50.500000  0.797605  0.813474
50.550000  0.805044  0.811828
50.600000  0.812754  0.810309
50.650000  0.820462  0.808792
50.700000  0.828442  0.807405
50.750000  0.836419  0.806019
50.800000  0.844666  0.804768
50.850000  0.852912  0.803518
50.900000  0.861425  0.802404
50.950000  0.869935  0.801292
51.000000  0.878711  0.800320
51.050000  0.887484  0.799349
51.100000  0.896519  0.798521
51.150000  0.905550  0.797694
51.200000  0.914838  0.797014
51.250000  0.924123  0.796335
51.300000  0.933659  0.795805
51.350000  0.943192  0.795277
51.400000  0.952969  0.794902
51.450000  0.962741  0.794528
51.500000  0.972750  0.794310
51.550000  0.982755  0.794093
51.600000  0.992986  0.794036
51.650000  1.003212  0.793980
51.700000  1.013654  0.794087
51.750000  1.024090  0.794195
51.800000  1.034730  0.794470
51.850000  1.045364  0.794745
51.900000  1.056187  0.795191
51.950000  1.067003  0.795637
52.000000  1.077992  0.796257
52.050000  1.088974  0.796878
52.100000  1.100112  0.797675
52.150000  1.111241  0.798473
52.200000  1.122506  0.799451
52.250000  1.133762  0.800431
52.300000  1.145133  0.801593
52.350000  1.156493  0.802756
52.400000  1.167944  0.804105
52.450000  1.179384  0.805456
52.500000  1.190888  0.806995
52.550000  1.202381  0.808535
52.600000  1.213910  0.810267
52.650000  1.225425  0.812001
52.700000  1.236947  0.813928
52.750000  1.248455  0.815857
52.800000  1.259937  0.817982
52.850000  1.271403  0.820109
52.900000  1.282808  0.822434
52.950000  1.294197  0.824760
53.000000  1.305488  0.827287
53.050000  1.316762  0.829814
53.100000  1.327897  0.832544
53.150000  1.339015  0.835274
53.200000  1.349954  0.838207
53.250000  1.360875  0.841141
53.300000  1.371573  0.844278
53.350000  1.382252  0.847415
53.400000  1.392664  0.850757
53.450000  1.403056  0.854097
53.500000  1.413135  0.857642
53.550000  1.423194  0.861185
53.600000  1.432891  0.864931
53.650000  1.442568  0.868675
53.700000  1.451836  0.872620
53.750000  1.461082  0.876563
53.800000  1.469871  0.880703
53.850000  1.478638  0.884841
53.900000  1.486899  0.889174
53.950000  1.495138  0.893503
54.000000  1.502821  0.898022
54.050000  1.510484  0.902537
54.100000  1.517543  0.907236
54.150000  1.524582  0.911932
54.200000  1.530970  0.916804
54.250000  1.537338  0.921672
54.300000  1.543011  0.926709
54.350000  1.548666  0.931741
54.400000  1.553583  0.936933
54.450000  1.558481  0.942120
54.500000  1.562603  0.947456
54.550000  1.566708  0.952787
54.600000  1.570000  0.958255
54.650000  1.573277  0.963717
54.700000  1.575708  0.969305
54.750000  1.578127  0.974885
54.800000  1.579672  0.980577
54.850000  1.581206  0.986261
54.900000  1.581844  0.992041
54.950000  1.582473  0.997814
55.000000  1.582190  1.003665
55.050000  1.581900  1.009509
55.100000  1.580686  1.015414
55.150000  1.579468  1.021311
55.200000  1.577320  1.027250
55.250000  1.575171  1.033181
55.300000  1.572093  1.039136
55.350000  1.569017  1.045080
55.400000  1.565020  1.051029
55.450000  1.561027  1.056967
55.500000  1.556127  1.062889
55.550000  1.551234  1.068800
55.600000  1.545455  1.074672
55.650000  1.539685  1.080534
55.700000  1.533055  1.086335
55.750000  1.526437  1.092126
55.800000  1.518993  1.097834
55.850000  1.511562  1.103531
55.900000  1.503343  1.109124
55.950000  1.495141  1.114707
56.000000  1.486193  1.120163
56.050000  1.477264  1.125609
56.100000  1.467637  1.130907
56.150000  1.458031  1.136196
56.200000  1.447780  1.141315
56.250000  1.437550  1.146426
56.300000  1.426730  1.151348
56.350000  1.415934  1.156261
56.400000  1.404605  1.160966
56.450000  1.393300  1.165664
56.500000  1.381523  1.170135
56.550000  1.369771  1.174600
56.600000  1.357607  1.178822
56.650000  1.345468  1.183038
56.700000  1.332980  1.186996
56.750000  1.320516  1.190948
56.800000  1.307765  1.194630
56.850000  1.295038  1.198307
56.900000  1.282083  1.201701
56.950000  1.269153  1.205091
57.000000  1.256054  1.208188
57.050000  1.242979  1.211282
57.100000  1.229792  1.214075
57.150000  1.216629  1.216865
57.200000  1.203408  1.219347
57.250000  1.190209  1.221827
57.300000  1.177005  1.223995
57.350000  1.163823  1.226161
57.400000  1.150684  1.228012
57.450000  1.137566  1.229863
57.500000  1.124536  1.231396
57.550000  1.111525  1.232930
57.600000  1.098645  1.234146
57.650000  1.085783  1.235364
57.700000  1.073090  1.236266
57.750000  1.060413  1.237169
57.800000  1.047940  1.237760
57.850000  1.035482  1.238354
57.900000  1.023259  1.238639
57.950000  1.011049  1.238927
58.000000  0.999102  1.238913
58.050000  0.987167  1.238902
58.100000  0.975519  1.238595
58.150000  0.963881  1.238292
58.200000  0.952550  1.237701
58.250000  0.941229  1.237113
58.300000  0.930232  1.236246
58.350000  0.919244  1.235384
58.400000  0.908595  1.234251
58.450000  0.897953  1.233123
58.500000  0.887661  1.231734
58.550000  0.877376  1.230351
58.600000  0.867451  1.228717
58.650000  0.857531  1.227088
58.700000  0.847977  1.225221
58.750000  0.838428  1.223358
58.800000  0.829250  1.221267
58.850000  0.820076  1.219182
58.900000  0.811276  1.216880
58.950000  0.802478  1.214584
59.000000  0.794056  1.212082
59.050000  0.785636  1.209586
59.100000  0.777590  1.206896
59.150000  0.769546  1.204212
59.200000  0.761875  1.201346
59.250000  0.754205  1.198485
59.300000  0.746905  1.195454
59.350000  0.739606  1.192429
59.400000  0.732673  1.189244
59.450000  0.725740  1.186065
59.500000  0.719170  1.182738
59.550000  0.712599  1.179417
59.600000  0.706384  1.175959
59.650000  0.700170  1.172506
59.700000  0.694306  1.168928
59.750000  0.688442  1.165355
59.800000  0.682922  1.161667
59.850000  0.677402  1.157983
59.900000  0.672221  1.154195
59.950000  0.667038  1.150412
60.000000  0.662187  1.146534
60.050000  0.657336  1.142661
60.100000  0.652810  1.138703
60.150000  0.648282  1.134750
60.200000  0.644074  1.130721
60.250000  0.639865  1.126697
60.300000  0.635967  1.122606
60.350000  0.632069  1.118519
60.400000  0.628476  1.114375
60.450000  0.624882  1.110235
60.500000  0.621588  1.106046
60.550000  0.618292  1.101860
60.600000  0.615290  1.097634
60.650000  0.612286  1.093411
60.700000  0.609570  1.089155
60.750000  0.606853  1.084903
60.800000  0.604418  1.080625
60.850000  0.601981  1.076350
60.900000  0.599822  1.072057
60.950000  0.597661  1.067767
61.000000  0.595772  1.063465
61.050000  0.593881  1.059166
61.100000  0.592258  1.054862
61.150000  0.590633  1.050561
61.200000  0.589272  1.046260
61.250000  0.587909  1.041963
61.300000  0.586805  1.037673
61.350000  0.585699  1.033385
61.400000  0.584849  1.029110
61.450000  0.583998  1.024838
61.500000  0.583399  1.020583
61.550000  0.582798  1.016332
61.600000  0.582447  1.012103
61.650000  0.582094  1.007877
61.700000  0.581988  1.003679
61.750000  0.581881  0.999484
61.800000  0.582018  0.995321
61.850000  0.582155  0.991161
61.900000  0.582533  0.987038
61.950000  0.582911  0.982917
62.000000  0.583529  0.978839
62.050000  0.584146  0.974762
62.100000  0.585003  0.970732
62.150000  0.585859  0.966703
62.200000  0.586954  0.962725
62.250000  0.588048  0.958748
62.300000  0.589380  0.954825
62.350000  0.590711  0.950905
62.400000  0.592280  0.947041
62.450000  0.593848  0.943180
62.500000  0.595654  0.939380
62.550000  0.597459  0.935582
62.600000  0.599503  0.931848
62.650000  0.601546  0.928116
62.700000  0.603827  0.924452
62.750000  0.606108  0.920789
62.800000  0.608628  0.917198
62.850000  0.611148  0.913608
62.900000  0.613908  0.910093
62.950000  0.616667  0.906579
63.000000  0.619669  0.903142
63.050000  0.622670  0.899707
63.100000  0.625914  0.896352
63.150000  0.629157  0.892999
63.200000  0.632646  0.889729
63.250000  0.636134  0.886461
63.300000  0.639868  0.883278
63.350000  0.643603  0.880097
63.400000  0.647585  0.877005
63.450000  0.651568  0.873914
63.500000  0.655801  0.870915
63.550000  0.660033  0.867917
63.600000  0.664519  0.865014
63.650000  0.669004  0.862112
63.700000  0.673743  0.859306
63.750000  0.678483  0.856503
63.800000  0.683479  0.853799
63.850000  0.688476  0.851096
63.900000  0.693731  0.848496
63.950000  0.698986  0.845897
64.000000  0.704503  0.843404
64.050000  0.710019  0.840911
64.100000  0.715798  0.838527
64.150000  0.721577  0.836143
64.200000  0.727622  0.833871
64.250000  0.733666  0.831599
64.300000  0.739977  0.829441
64.350000  0.746287  0.827284
64.400000  0.752866  0.825243
64.450000  0.759445  0.823204
64.500000  0.766293  0.821283
64.550000  0.773140  0.819363
64.600000  0.780259  0.817565
64.650000  0.787376  0.815768
64.700000  0.794765  0.814096
64.750000  0.802152  0.812425
64.800000  0.809811  0.810881
64.850000  0.817469  0.809339
64.900000  0.825397  0.807927
64.950000  0.833324  0.806516
65.000000  0.841520  0.805238
65.050000  0.849715  0.803962
65.100000  0.858178  0.802822
65.150000  0.866639  0.801683
65.200000  0.875365  0.800683
65.250000  0.884089  0.799685
65.300000  0.893075  0.798829
65.350000  0.902058  0.797975
65.400000  0.911298  0.797266
65.450000  0.920536  0.796559
65.500000  0.930026  0.796000
65.550000  0.939512  0.795443
65.600000  0.949244  0.795038
65.650000  0.958972  0.794635
65.700000  0.968938  0.794386
65.750000  0.978900  0.794139
65.800000  0.989090  0.794051
65.850000  0.999275  0.793964
65.900000  1.009679  0.794039
65.950000  1.020076  0.794116
66.000000  1.030680  0.794358
66.050000  1.041278  0.794602
66.100000  1.052068  0.795014
66.150000  1.062851  0.795428
66.200000  1.073811  0.796014
66.250000  1.084763  0.796602
66.300000  1.095875  0.797365
66.350000  1.106978  0.798129
66.400000  1.118221  0.799072
66.450000  1.129455  0.800017
66.500000  1.140809  0.801143
66.550000  1.152151  0.802272
66.600000  1.163590  0.803585
66.650000  1.175017  0.804899
66.700000  1.186515  0.806402
66.750000  1.198000  0.807906
66.800000  1.209527  0.809602
66.850000  1.221042  0.811298
66.900000  1.232569  0.813188
66.950000  1.244082  0.815079
67.000000  1.255574  0.817167
67.050000  1.267052  0.819256
67.100000  1.278476  0.821543
67.150000  1.289883  0.823831
67.200000  1.301199  0.826319
67.250000  1.312499  0.828808
67.300000  1.323668  0.831499
67.350000  1.334820  0.834190
67.400000  1.345801  0.837085
67.450000  1.356763  0.839980
67.500000  1.367512  0.843079
67.550000  1.378241  0.846177
67.600000  1.388712  0.849480
67.650000  1.399164  0.852782
67.700000  1.409311  0.856288
67.750000  1.419437  0.859793
67.800000  1.429212  0.863500
67.850000  1.438967  0.867207
67.900000  1.448321  0.871114
67.950000  1.457654  0.875019
68.000000  1.466539  0.879123
68.050000  1.475402  0.883224
68.100000  1.483768  0.887521
68.150000  1.492112  0.891814
68.200000  1.499910  0.896298
68.250000  1.507687  0.900779
68.300000  1.514870  0.905445
68.350000  1.522032  0.910106
68.400000  1.528552  0.914947
68.450000  1.535052  0.919783
68.500000  1.540865  0.924789
68.550000  1.546660  0.929791
68.600000  1.551724  0.934955
68.650000  1.556771  0.940113
68.700000  1.561047  0.945423
68.750000  1.565307  0.950728
68.800000  1.568760  0.956172
68.850000  1.572198  0.961611
68.900000  1.574796  0.967177
68.950000  1.577380  0.972736
69.000000  1.579096  0.978410
69.050000  1.580801  0.984076
69.100000  1.581613  0.989841
69.150000  1.582417  0.995598
69.200000  1.582310  1.001438
69.250000  1.582196  1.007269
69.300000  1.581160  1.013167
69.350000  1.580119  1.019055
69.400000  1.578149  1.024990
69.450000  1.576177  1.030916
69.500000  1.573276  1.036870
69.550000  1.570376  1.042814
69.600000  1.566553  1.048766
69.650000  1.562733  1.054708
69.700000  1.558003  1.060636
69.750000  1.553280  1.066554
69.800000  1.547666  1.072438
69.850000  1.542060  1.078312
69.900000  1.535589  1.084128
69.950000  1.529130  1.089935
70.000000  1.521837  1.095663
70.050000  1.514558  1.101380
70.100000  1.506483  1.106997
70.150000  1.498423  1.112604
70.200000  1.489610  1.118088
70.250000  1.480815  1.123562
70.300000  1.471313  1.128893
70.350000  1.461830  1.134213
70.400000  1.451693  1.139369
70.450000  1.441577  1.144515
70.500000  1.430860  1.149477
70.550000  1.420166  1.154429
70.600000  1.408928  1.159178
70.650000  1.397715  1.163918
70.700000  1.386017  1.168436
70.750000  1.374344  1.172946
70.800000  1.362248  1.177218
70.850000  1.350178  1.181482
70.900000  1.337745  1.185492
70.950000  1.325338  1.189496
71.000000  1.312631  1.193232
71.050000  1.299948  1.196962
71.100000  1.287026  1.200413
71.150000  1.274130  1.203858
71.200000  1.261052  1.207013
71.250000  1.248000  1.210164
71.300000  1.234824  1.213015
71.350000  1.221672  1.215864
71.400000  1.208452  1.218406
71.450000  1.195256  1.220945
71.500000  1.182044  1.223174
71.550000  1.168854  1.225400
71.600000  1.155698  1.227312
71.650000  1.142563  1.229223
71.700000  1.129508  1.230817
71.750000  1.116472  1.232411
71.800000  1.103560  1.233687
71.850000  1.090665  1.234965
71.900000  1.077933  1.235927
71.950000  1.065217  1.236890
72.000000  1.052699  1.237540
72.050000  1.040196  1.238192
72.100000  1.027922  1.238536
72.150000  1.015662  1.238881
72.200000  1.003660  1.238924
72.250000  0.991670  1.238969
72.300000  0.979962  1.238717
72.350000  0.968265  1.238469
72.400000  0.956872  1.237931
72.450000  0.945488  1.237397
72.500000  0.934426  1.236582
72.550000  0.923373  1.235771
72.600000  0.912656  1.234688
72.650000  0.901946  1.233610
72.700000  0.891585  1.232269
72.750000  0.881231  1.230933
72.800000  0.871235  1.229345
72.850000  0.861244  1.227762
72.900000  0.851619  1.225938
72.950000  0.841998  1.224119
73.000000  0.832748  1.222070
73.050000  0.823502  1.220026
73.100000  0.814629  1.217763
73.150000  0.805759  1.215506
73.200000  0.797265  1.213041
73.250000  0.788772  1.210582
73.300000  0.780654  1.207927
73.350000  0.772538  1.205277
73.400000  0.764796  1.202444
73.450000  0.757055  1.199616
73.500000  0.749684  1.196615
73.550000  0.742314  1.193620
73.600000  0.735311  1.190463
73.650000  0.728309  1.187312
73.700000  0.721669  1.184012
73.750000  0.715029  1.180716
73.800000  0.708747  1.177282
73.850000  0.702465  1.173853
73.900000  0.696535  1.170297
73.950000  0.690604  1.166746
74.000000  0.685019  1.163077
74.050000  0.679434  1.159414
74.100000  0.674188  1.155644
74.150000  0.668942  1.151879
74.200000  0.664028  1.148017
74.250000  0.659114  1.144160
74.300000  0.654527  1.140217
74.350000  0.649938  1.136278
74.400000  0.645669  1.132261
74.450000  0.641400  1.128249
74.500000  0.637444  1.124169
74.550000  0.633486  1.120094
74.600000  0.629836  1.115959
74.650000  0.626184  1.111828
74.700000  0.622833  1.107646
74.750000  0.619481  1.103469
74.800000  0.616424  1.099249
74.850000  0.613365  1.095032
74.900000  0.610595  1.090781
74.950000  0.607823  1.086534
75.000000  0.605335  1.082259
75.050000  0.602845  1.077988
75.100000  0.600633  1.073696
75.150000  0.598420  1.069408
75.200000  0.596480  1.065107
75.250000  0.594538  1.060809
75.300000  0.592865  1.056505
75.350000  0.591190  1.052203
75.400000  0.589778  1.047902
75.450000  0.588366  1.043603
75.500000  0.587213  1.039310
75.550000  0.586059  1.035020
75.600000  0.585161  1.030741
75.650000  0.584261  1.026466
75.700000  0.583614  1.022207
75.750000  0.582966  1.017950
75.800000  0.582568  1.013716
75.850000  0.582168  1.009485
75.900000  0.582016  1.005280
75.950000  0.581862  1.001078
76.000000  0.581953  0.996909
76.050000  0.582043  0.992741
76.100000  0.582375  0.988610
76.150000  0.582707  0.984481
76.200000  0.583280  0.980394
76.250000  0.583851  0.976308
76.300000  0.584663  0.972268
76.350000  0.585474  0.968230
76.400000  0.586523  0.964241
76.450000  0.587572  0.960254
76.500000  0.588858  0.956320
76.550000  0.590144  0.952388
76.600000  0.591668  0.948513
76.650000  0.593191  0.944640
76.700000  0.594952  0.940828
76.750000  0.596712  0.937017
76.800000  0.598710  0.933270
76.850000  0.600708  0.929525
76.900000  0.602944  0.925847
76.950000  0.605179  0.922171
77.000000  0.607654  0.918565
77.050000  0.610128  0.914961
77.100000  0.612842  0.911431
77.150000  0.615556  0.907902
77.200000  0.618512  0.904450
77.250000  0.621466  0.900999
77.300000  0.624664  0.897629
77.350000  0.627861  0.894259
77.400000  0.631303  0.890973
77.450000  0.634745  0.887688
77.500000  0.638432  0.884488
77.550000  0.642119  0.881290
77.600000  0.646055  0.878180
77.650000  0.649990  0.875072
77.700000  0.654175  0.872055
77.750000  0.658360  0.869039
77.800000  0.662797  0.866117
77.850000  0.667234  0.863196
77.900000  0.671925  0.860372
77.950000  0.676616  0.857549
78.000000  0.681563  0.854825
78.050000  0.686511  0.852103
78.100000  0.691717  0.849483
78.150000  0.696922  0.846864
78.200000  0.702389  0.844350
78.250000  0.707855  0.841837
78.300000  0.713585  0.839431
78.350000  0.719314  0.837027
78.400000  0.725308  0.834732
78.450000  0.731301  0.832439
78.500000  0.737561  0.830258
78.550000  0.743821  0.828080
78.600000  0.750349  0.826016
78.650000  0.756877  0.823954
78.700000  0.763674  0.822009
78.750000  0.770470  0.820067
78.800000  0.777537  0.818245
78.850000  0.784603  0.816424
78.900000  0.791940  0.814728
78.950000  0.799277  0.813032
79.000000  0.806884  0.811464
79.050000  0.814491  0.809897
79.100000  0.822368  0.808459
79.150000  0.830244  0.807023
79.200000  0.838390  0.805719
79.250000  0.846534  0.804417
79.300000  0.854947  0.803250
79.350000  0.863357  0.802085
79.400000  0.872034  0.801058
79.450000  0.880708  0.800033
79.500000  0.889645  0.799149
79.550000  0.898579  0.798267
79.600000  0.907772  0.797530
79.650000  0.916962  0.796794
79.700000  0.926405  0.796207
79.750000  0.935845  0.795621
79.800000  0.945532  0.795186
79.850000  0.955215  0.794753
79.900000  0.965138  0.794474
79.950000  0.975056  0.794197
80.000000  0.985205  0.794078
80.050000  0.995348  0.793960
80.100000  1.005713  0.794004
80.150000  1.016071  0.794049
80.200000  1.026639  0.794259
80.250000  1.037200  0.794471
80.300000  1.047956  0.794850
80.350000  1.058706  0.795231
80.400000  1.069635  0.795784
80.450000  1.080557  0.796338
80.500000  1.091642  0.797067
80.550000  1.102719  0.797797
80.600000  1.113939  0.798706
80.650000  1.125151  0.799616
80.700000  1.136486  0.800707
80.750000  1.147810  0.801800
80.800000  1.159235  0.803078
80.850000  1.170649  0.804356
80.900000  1.182138  0.805823
80.950000  1.193616  0.807291
81.000000  1.205140  0.808949
81.050000  1.216653  0.810608
81.100000  1.228183  0.812461
81.150000  1.239699  0.814315
81.200000  1.251202  0.816365
81.250000  1.262690  0.818416
81.300000  1.274131  0.820665
81.350000  1.285555  0.822915
81.400000  1.296896  0.825365
81.450000  1.308220  0.827815
81.500000  1.319421  0.830468
81.550000  1.330606  0.833120
81.600000  1.341627  0.835976
81.650000  1.352629  0.838832
81.700000  1.363427  0.841892
81.750000  1.374205  0.844952
81.800000  1.384733  0.848216
81.850000  1.395242  0.851479
81.900000  1.405456  0.854947
81.950000  1.415649  0.858413
82.000000  1.425499  0.862083
82.050000  1.435329  0.865751
82.100000  1.444768  0.869621
82.150000  1.454187  0.873488
82.200000  1.463166  0.877555
82.250000  1.472123  0.881620
82.300000  1.480593  0.885880
82.350000  1.489041  0.890137
82.400000  1.496952  0.894586
82.450000  1.504842  0.899032
82.500000  1.512146  0.903663
82.550000  1.519430  0.908291
82.600000  1.526080  0.913099
82.650000  1.532711  0.917903
82.700000  1.538663  0.922879
82.750000  1.544597  0.927850
82.800000  1.549808  0.932985
82.850000  1.555001  0.938114
82.900000  1.559431  0.943398
82.950000  1.563844  0.948676
83.000000  1.567457  0.954096
83.050000  1.571055  0.959510
83.100000  1.573818  0.965055
83.150000  1.576568  0.970592
83.200000  1.578455  0.976247
83.250000  1.580329  0.981894
83.300000  1.581316  0.987643
83.350000  1.582293  0.993385
83.400000  1.582363  0.999212
83.450000  1.582425  1.005031
83.500000  1.581567  1.010919
83.550000  1.580703  1.016799
83.600000  1.578911  1.022728
83.650000  1.577117  1.028649
83.700000  1.574393  1.034602
83.750000  1.571669  1.040544
83.800000  1.568021  1.046498
83.850000  1.564375  1.052443
83.900000  1.559817  1.058378
83.950000  1.555264  1.064303
84.000000  1.549816  1.070197
84.050000  1.544376  1.076081
84.100000  1.538066  1.081913
84.150000  1.531767  1.087735
84.200000  1.524627  1.093482
84.250000  1.517501  1.099218
84.300000  1.509571  1.104858
84.350000  1.501656  1.110489
84.400000  1.492979  1.116000
84.450000  1.484320  1.121502
84.500000  1.474944  1.126863
84.550000  1.465589  1.132215
84.600000  1.455567  1.137406
84.650000  1.445567  1.142588
84.700000  1.434955  1.147588
84.750000  1.424366  1.152580
84.800000  1.413222  1.157371
84.850000  1.402102  1.162153
84.900000  1.390487  1.166717
84.950000  1.378896  1.171273
85.000000  1.366870  1.175593
85.050000  1.354869  1.179905
85.100000  1.342495  1.183967
85.150000  1.330146  1.188022
85.200000  1.317485  1.191811
85.250000  1.304850  1.195595
85.300000  1.291963  1.199101
85.350000  1.279102  1.202602
85.400000  1.266048  1.205814
85.450000  1.253020  1.209022
85.500000  1.239857  1.211932
85.550000  1.226719  1.214839
85.600000  1.213503  1.217440
85.650000  1.200310  1.220040
85.700000  1.187091  1.222328
85.750000  1.173895  1.224615
85.800000  1.160724  1.226587
85.850000  1.147573  1.228559
85.900000  1.134495  1.230213
85.950000  1.121436  1.231868
86.000000  1.108492  1.233205
86.050000  1.095567  1.234543
86.100000  1.082797  1.235565
86.150000  1.070043  1.236588
86.200000  1.057481  1.237297
86.250000  1.044934  1.238008
86.300000  1.032610  1.238410
86.350000  1.020301  1.238814
86.400000  1.008244  1.238913
86.450000  0.996200  1.239015
86.500000  0.984434  1.238818
86.550000  0.972679  1.238626
86.600000  0.961223  1.238142
86.650000  0.949778  1.237662
86.700000  0.938650  1.236899
86.750000  0.927532  1.236140
86.800000  0.916748  1.235107
86.850000  0.905971  1.234079
86.900000  0.895541  1.232786
86.950000  0.885117  1.231498
87.000000  0.875051  1.229957
87.050000  0.864989  1.228420
87.100000  0.855293  1.226640
87.150000  0.845600  1.224865
87.200000  0.836278  1.222857
87.250000  0.826959  1.220855
87.300000  0.818014  1.218632
87.350000  0.809072  1.216414
87.400000  0.800505  1.213987
87.450000  0.791940  1.211565
87.500000  0.783750  1.208946
87.550000  0.775562  1.206331
87.600000  0.767748  1.203531
87.650000  0.759935  1.200735
87.700000  0.752493  1.197765
87.750000  0.745052  1.194801
87.800000  0.737979  1.191673
87.850000  0.730907  1.188551
87.900000  0.724198  1.185277
87.950000  0.717489  1.182008
88.000000  0.711139  1.178598
88.050000  0.704789  1.175194
88.100000  0.698792  1.171659
88.150000  0.692794  1.168130
88.200000  0.687144  1.164482
88.250000  0.681493  1.160839
88.300000  0.676183  1.157088
88.350000  0.670872  1.153341
88.400000  0.665896  1.149496
88.450000  0.660918  1.145655
88.500000  0.656269  1.141726
88.550000  0.651618  1.137802
88.600000  0.647290  1.133798
88.650000  0.642959  1.129799
88.700000  0.638944  1.125731
88.750000  0.634927  1.121666
88.800000  0.631219  1.117541
88.850000  0.627509  1.113420
88.900000  0.624102  1.109246
88.950000  0.620693  1.105077
89.000000  0.617580  1.100863
89.050000  0.614465  1.096653
89.100000  0.611641  1.092407
89.150000  0.608815  1.088165
89.200000  0.606273  1.083894
89.250000  0.603730  1.079626
89.300000  0.601466  1.075337
89.350000  0.599200  1.071051
89.400000  0.597209  1.066752
89.450000  0.595215  1.062455
89.500000  0.593491  1.058150
89.550000  0.591766  1.053849
89.600000  0.590305  1.049546
89.650000  0.588842  1.045246
89.700000  0.587640  1.040951
89.750000  0.586437  1.036658
89.800000  0.585491  1.032376
89.850000  0.584543  1.028097
89.900000  0.583848  1.023834
89.950000  0.583152  1.019573
90.000000  0.582707  1.015333
90.050000  0.582260  1.011097
90.100000  0.582061  1.006886
90.150000  0.581860  1.002678
90.200000  0.581905  0.998501
90.250000  0.581949  0.994326
90.300000  0.582235  0.990187
90.350000  0.582521  0.986050
90.400000  0.583048  0.981954
90.450000  0.583574  0.977860
90.500000  0.584340  0.973810
90.550000  0.585105  0.969762
90.600000  0.586109  0.965763
90.650000  0.587112  0.961766
90.700000  0.588354  0.957821
90.750000  0.589595  0.953878
90.800000  0.591073  0.949991
90.850000  0.592551  0.946107
90.900000  0.594267  0.942282
90.950000  0.595982  0.938458
91.000000  0.597934  0.934698
91.050000  0.599887  0.930940
91.100000  0.602077  0.927249
91.150000  0.604267  0.923559
91.200000  0.606696  0.919939
91.250000  0.609125  0.916321
91.300000  0.611793  0.912776
91.350000  0.614461  0.909232
91.400000  0.617371  0.905765
91.450000  0.620279  0.902299
91.500000  0.623431  0.898913
91.550000  0.626582  0.895527
91.600000  0.629977  0.892224
91.650000  0.633372  0.888923
91.700000  0.637012  0.885706
91.750000  0.640652  0.882491
91.800000  0.644540  0.879364
91.850000  0.648428  0.876238
91.900000  0.652565  0.873203
91.950000  0.656703  0.870169
92.000000  0.661091  0.867228
92.050000  0.665480  0.864289
92.100000  0.670123  0.861446
92.150000  0.674765  0.858604
92.200000  0.679664  0.855861
92.250000  0.684562  0.853119
92.300000  0.689719  0.850479
92.350000  0.694875  0.847840
92.400000  0.700292  0.845305
92.450000  0.705708  0.842771
92.500000  0.711388  0.840344
92.550000  0.717066  0.837919
92.600000  0.723010  0.835603
92.650000  0.728953  0.833288
92.700000  0.735162  0.831086
92.750000  0.741371  0.828885
92.800000  0.747848  0.826798
92.850000  0.754325  0.824713
92.900000  0.761071  0.822746
92.950000  0.767816  0.820780
93.000000  0.774831  0.818934
93.050000  0.781846  0.817090
93.100000  0.789132  0.815369
93.150000  0.796417  0.813650
93.200000  0.803973  0.812056
93.250000  0.811529  0.810465
93.300000  0.819355  0.809001
93.350000  0.827180  0.807540
93.400000  0.835275  0.806210
93.450000  0.843368  0.804882
93.500000  0.851730  0.803689
93.550000  0.860090  0.802497
93.600000  0.868717  0.801443
93.650000  0.877342  0.800391
93.700000  0.886230  0.799480
93.750000  0.895115  0.798570
93.800000  0.904260  0.797805
93.850000  0.913402  0.797041
93.900000  0.922798  0.796424
93.950000  0.932191  0.795809
94.000000  0.941833  0.795345
94.050000  0.951470  0.794882
94.100000  0.961349  0.794573
94.150000  0.971224  0.794266
94.200000  0.981331  0.794116
94.250000  0.991433  0.793968
94.300000  1.001757  0.793980
94.350000  1.012076  0.793994
94.400000  1.022607  0.794172
94.450000  1.033131  0.794352
94.500000  1.043853  0.794698
94.550000  1.054568  0.795047
94.600000  1.065466  0.795566
94.650000  1.076357  0.796087
94.700000  1.087415  0.796782
94.750000  1.098464  0.797478
94.800000  1.109661  0.798352
94.850000  1.120849  0.799228
94.900000  1.132165  0.800284
94.950000  1.143470  0.801342
95.000000  1.154881  0.802583
95.050000  1.166280  0.803826
95.100000  1.177760  0.805257
95.150000  1.189228  0.806688
95.200000  1.200749  0.808310
95.250000  1.212258  0.809932
95.300000  1.223790  0.811748
95.350000  1.235309  0.813564
95.400000  1.246821  0.815577
95.450000  1.258318  0.817590
95.500000  1.269774  0.819801
95.550000  1.281214  0.822012
95.600000  1.292578  0.824424
95.650000  1.303925  0.826836
95.700000  1.315157  0.829450
95.750000  1.326372  0.832064
95.800000  1.337432  0.834881
95.850000  1.348473  0.837698
95.900000  1.359318  0.840719
95.950000  1.370143  0.843740
96.000000  1.380727  0.846965
96.050000  1.391292  0.850190
96.100000  1.401570  0.853619
96.150000  1.411829  0.857047
96.200000  1.421753  0.860678
96.250000  1.431657  0.864308
96.300000  1.441179  0.868140
96.350000  1.450681  0.871970
96.400000  1.459753  0.875999
96.450000  1.468803  0.880027
96.500000  1.477374  0.884250
96.550000  1.485925  0.888472
96.600000  1.493947  0.892885
96.650000  1.501948  0.897295
96.700000  1.509372  0.901893
96.750000  1.516776  0.906487
96.800000  1.523556  0.911262
96.850000  1.530316  0.916033
96.900000  1.536406  0.920978
96.950000  1.542476  0.925918
97.000000  1.547833  0.931024
97.050000  1.553171  0.936124
97.100000  1.557754  0.941380
97.150000  1.562319  0.946631
97.200000  1.566092  0.952026
97.250000  1.569848  0.957416
97.300000  1.572777  0.962938
97.350000  1.575691  0.968454
97.400000  1.577747  0.974089
97.450000  1.579792  0.979716
97.500000  1.580952  0.985449
97.550000  1.582102  0.991174
97.600000  1.582348  0.996989
97.650000  1.582586  1.002795
97.700000  1.581906  1.008673
97.750000  1.581220  1.014542
97.800000  1.579606  1.020466
97.850000  1.577990  1.026381
97.900000  1.575444  1.032331
97.950000  1.572897  1.038272
98.000000  1.569424  1.044228
98.050000  1.565953  1.050174
98.100000  1.561567  1.056115
98.150000  1.557186  1.062045
98.200000  1.551905  1.067950
98.250000  1.546633  1.073844
98.300000  1.540484  1.079690
98.350000  1.534346  1.085525
98.400000  1.527362  1.091291
98.450000  1.520390  1.097046
98.500000  1.512607  1.102708
98.550000  1.504839  1.108361
98.600000  1.496301  1.113899
98.650000  1.487779  1.119428
98.700000  1.478532  1.124820
98.750000  1.469305  1.130203
98.800000  1.459402  1.135428
98.850000  1.449519  1.140644
98.900000  1.439015  1.145683
98.950000  1.428533  1.150713
99.000000  1.417485  1.155545
99.050000  1.406461  1.160370
99.100000  1.394930  1.164978
99.150000  1.383423  1.169579
99.200000  1.371470  1.173947
99.250000  1.359542  1.178308
99.300000  1.347228  1.182420
99.350000  1.334940  1.186526
99.400000  1.322328  1.190368
99.450000  1.309742  1.194205
99.500000  1.296892  1.197766
99.550000  1.284068  1.201322
99.600000  1.271041  1.204591
99.650000  1.258039  1.207856
99.700000  1.244892  1.210825
99.750000  1.231769  1.213790
99.800000  1.218558  1.216451
99.850000  1.205370  1.219110
99.900000  1.192147  1.221459
99.950000  1.178946  1.223806
100.000000  1.165762  1.225839
