   t     nR      nF
0.000000  0.800000  0.800000
0.050000  0.808000  0.795200
0.100000  0.816548  0.790839
0.150000  0.825087  0.786487
0.200000  0.834165  0.782585
0.250000  0.843233  0.778692
0.300000  0.852826  0.775261
0.350000  0.862409  0.771838
0.400000  0.872503  0.768889
0.450000  0.882585  0.765948
0.500000  0.893160  0.763493
0.550000  0.903722  0.761046
0.600000  0.914755  0.759097
0.650000  0.925773  0.757155
0.700000  0.937237  0.755725
0.750000  0.948684  0.754302
0.800000  0.960546  0.753402
0.850000  0.972389  0.752510
0.900000  0.984611  0.752155
0.950000  0.996813  0.751808
1.000000  1.009351  0.752012
1.050000  1.021867  0.752223
1.100000  1.034671  0.752999
1.150000  1.047449  0.753782
1.200000  1.060461  0.755145
1.250000  1.073444  0.756514
1.300000  1.086598  0.758478
1.350000  1.099720  0.760449
1.400000  1.112942  0.763028
1.450000  1.126129  0.765614
1.500000  1.139337  0.768822
1.550000  1.152506  0.772036
1.600000  1.165610  0.775887
1.650000  1.178671  0.779741
1.700000  1.191571  0.784246
1.750000  1.204425  0.788753
1.800000  1.217014  0.793920
1.850000  1.229554  0.799089
1.900000  1.241717  0.804926
1.950000  1.253829  0.810763
2.000000  1.265444  0.817274
2.050000  1.277006  0.823782
2.100000  1.287947  0.830965
2.150000  1.298833  0.838144
2.200000  1.308970  0.845993
2.250000  1.319049  0.853835
2.300000  1.328250  0.862338
2.350000  1.337392  0.870830
2.400000  1.345525  0.879967
2.450000  1.353600  0.889088
2.500000  1.360538  0.898830
2.550000  1.367420  0.908552
2.600000  1.373043  0.918859
2.650000  1.378613  0.929142
2.700000  1.382811  0.939966
2.750000  1.386962  0.950761
2.800000  1.389641  0.962041
2.850000  1.392278  0.973286
2.900000  1.393360  0.984948
2.950000  1.394408  0.996572
3.000000  1.393838  1.008532
3.050000  1.393243  1.020448
3.100000  1.390989  1.032609
3.150000  1.388721  1.044721
3.200000  1.384779  1.056975
3.250000  1.380834  1.069176
3.300000  1.375226  1.081406
3.350000  1.369629  1.093579
3.400000  1.362410  1.105659
3.450000  1.355212  1.117680
3.500000  1.346461  1.129480
3.550000  1.337744  1.141219
3.600000  1.327570  1.152606
3.650000  1.317440  1.163933
3.700000  1.305973  1.174775
3.750000  1.294560  1.185558
3.800000  1.281951  1.195728
3.850000  1.269405  1.205842
3.900000  1.255821  1.215220
3.950000  1.242307  1.224546
4.000000  1.227926  1.233023
4.050000  1.213619  1.241454
4.100000  1.198622  1.248935
4.150000  1.183704  1.256377
4.200000  1.168275  1.262783
4.250000  1.152925  1.269158
4.300000  1.137243  1.274428
4.350000  1.121639  1.279675
4.400000  1.105874  1.283767
4.450000  1.090183  1.287845
4.500000  1.074493  1.290736
4.550000  1.058874  1.293620
4.600000  1.043403  1.295305
4.650000  1.027997  1.296992
4.700000  1.012872  1.297484
4.750000  0.997806  1.297985
4.800000  0.983139  1.297313
4.850000  0.968524  1.296657
4.900000  0.954407  1.294864
4.950000  0.940336  1.293093
5.000000  0.926846  1.290235
5.050000  0.913396  1.287404
5.100000  0.900595  1.283546
5.150000  0.887827  1.279718
5.200000  0.875761  1.274933
5.250000  0.863722  1.270181
5.300000  0.852425  1.264547
5.350000  0.841149  1.258948
5.400000  0.830643  1.252548
5.450000  0.820154  1.246184
5.500000  0.810452  1.239101
5.550000  0.800763  1.232055
5.600000  0.791870  1.224372
5.650000  0.782987  1.216728
5.700000  0.774901  1.208530
5.750000  0.766821  1.200368
5.800000  0.759536  1.191736
5.850000  0.752255  1.183139
5.900000  0.745760  1.174149
5.950000  0.739266  1.165193
6.000000  0.733547  1.155920
6.050000  0.727829  1.146680
6.100000  0.722872  1.137195
6.150000  0.717913  1.127740
6.200000  0.713701  1.118107
6.250000  0.709486  1.108504
6.300000  0.706003  1.098785
6.350000  0.702516  1.089094
6.400000  0.699744  1.079346
6.450000  0.696968  1.069624
6.500000  0.694891  1.059898
6.550000  0.692810  1.050197
6.600000  0.691414  1.040541
6.650000  0.690012  1.030909
6.700000  0.689281  1.021367
6.750000  0.688544  1.011847
6.800000  0.688465  1.002459
6.850000  0.688380  0.993090
6.900000  0.688941  0.983891
6.950000  0.689496  0.974709
7.000000  0.690685  0.965732
7.050000  0.691868  0.956770
7.100000  0.693676  0.948043
7.150000  0.695478  0.939331
7.200000  0.697895  0.930880
7.250000  0.700307  0.922443
7.300000  0.703326  0.914293
7.350000  0.706340  0.906156
7.400000  0.709955  0.898327
7.450000  0.713564  0.890510
7.500000  0.717768  0.883023
7.550000  0.721966  0.875546
7.600000  0.726753  0.868417
7.650000  0.731534  0.861298
7.700000  0.736899  0.854543
7.750000  0.742259  0.847798
7.800000  0.748197  0.841432
7.850000  0.754129  0.835076
7.900000  0.760634  0.829113
7.950000  0.767133  0.823159
8.000000  0.774200  0.817612
8.050000  0.781260  0.812073
8.100000  0.788882  0.806954
8.150000  0.796497  0.801843
8.200000  0.804665  0.797163
8.250000  0.812826  0.792492
8.300000  0.821532  0.788263
8.350000  0.830230  0.784043
8.400000  0.839462  0.780277
8.450000  0.848684  0.776519
8.500000  0.858428  0.773227
8.550000  0.868161  0.769943
8.600000  0.878401  0.767136
8.650000  0.888628  0.764338
8.700000  0.899342  0.762029
8.750000  0.910043  0.759727
8.800000  0.921208  0.757928
8.850000  0.932358  0.756136
8.900000  0.943945  0.754859
8.950000  0.955515  0.753590
9.000000  0.967490  0.752848
9.050000  0.979446  0.752114
9.100000  0.991769  0.751920
9.150000  1.004071  0.751735
9.200000  1.016697  0.752104
9.250000  1.029298  0.752481
9.300000  1.042174  0.753427
9.350000  1.055022  0.754380
9.400000  1.068087  0.755917
9.450000  1.081122  0.757461
9.500000  1.094309  0.759604
9.550000  1.107462  0.761753
9.600000  1.120694  0.764516
9.650000  1.133889  0.767284
9.700000  1.147081  0.770679
9.750000  1.160233  0.774080
9.800000  1.173293  0.778121
9.850000  1.186309  0.782167
9.900000  1.199135  0.786865
9.950000  1.211914  0.791566
10.000000  1.224395  0.796930
10.050000  1.236827  0.802294
10.100000  1.248848  0.808330
10.150000  1.260816  0.814364
10.200000  1.272253  0.821074
10.250000  1.283635  0.827780
10.300000  1.294360  0.835161
10.350000  1.305028  0.842536
10.400000  1.314909  0.850581
10.450000  1.324733  0.858617
10.500000  1.333639  0.867310
10.550000  1.342487  0.875991
10.600000  1.350287  0.885311
10.650000  1.358030  0.894614
10.700000  1.364599  0.904529
10.750000  1.371113  0.914423
10.800000  1.376332  0.924890
10.850000  1.381501  0.935332
10.900000  1.385266  0.946300
10.950000  1.388986  0.957237
11.000000  1.391206  0.968641
11.050000  1.393387  0.980009
11.100000  1.393991  0.991773
11.150000  1.394565  1.003495
11.200000  1.393504  1.015529
11.250000  1.392422  1.027518
11.300000  1.389672  1.039722
11.350000  1.386912  1.051877
11.400000  1.382477  1.064141
11.450000  1.378044  1.076352
11.500000  1.371956  1.088556
11.550000  1.365881  1.100703
11.600000  1.358201  1.112719
11.650000  1.350546  1.124677
11.700000  1.341363  1.136375
11.750000  1.332216  1.148012
11.800000  1.321644  1.159258
11.850000  1.311120  1.170444
11.900000  1.299297  1.181107
11.950000  1.287532  1.191712
12.000000  1.274614  1.201666
12.050000  1.261761  1.211566
12.100000  1.247919  1.220695
12.150000  1.234149  1.229774
12.200000  1.219562  1.237972
12.250000  1.205051  1.246126
12.300000  1.189902  1.253303
12.350000  1.174832  1.260443
12.400000  1.159305  1.266525
12.450000  1.143855  1.272578
12.500000  1.128126  1.277509
12.550000  1.112472  1.282419
12.600000  1.096707  1.286163
12.650000  1.081015  1.289894
12.700000  1.065369  1.292433
12.750000  1.049792  1.294967
12.800000  1.034404  1.296302
12.850000  1.019079  1.297640
12.900000  1.004072  1.297787
12.950000  0.989122  1.297946
13.000000  0.974602  1.296940
13.050000  0.960132  1.295952
13.100000  0.946186  1.293840
13.150000  0.932285  1.291751
13.200000  0.918987  1.288592
13.250000  0.905726  1.285460
13.300000  0.893132  1.281321
13.350000  0.880569  1.277213
13.400000  0.868721  1.272168
13.450000  0.856899  1.267158
13.500000  0.845829  1.261288
13.550000  0.834778  1.255455
13.600000  0.824504  1.248843
13.650000  0.814245  1.242268
13.700000  0.804777  1.234997
13.750000  0.795321  1.227764
13.800000  0.786663  1.219919
13.850000  0.778013  1.212112
13.900000  0.770160  1.203775
13.950000  0.762313  1.195475
14.000000  0.755259  1.186726
14.050000  0.748208  1.178013
14.100000  0.741940  1.168929
14.150000  0.735673  1.159880
14.200000  0.730178  1.150534
14.250000  0.724682  1.141221
14.300000  0.719944  1.131682
14.350000  0.715204  1.122174
14.400000  0.711206  1.112507
14.450000  0.707205  1.102868
14.500000  0.703931  1.093132
14.550000  0.700653  1.083422
14.600000  0.698086  1.073673
14.650000  0.695515  1.063948
14.700000  0.693638  1.054235
14.750000  0.691757  1.044546
14.800000  0.690557  1.034917
14.850000  0.689351  1.025309
14.900000  0.688812  1.015806
14.950000  0.688268  1.006323
15.000000  0.688377  0.996984
15.050000  0.688481  0.987663
15.100000  0.689226  0.978523
15.150000  0.689966  0.969400
15.200000  0.691338  0.960491
15.250000  0.692703  0.951597
15.300000  0.694691  0.942945
15.350000  0.696672  0.934309
15.400000  0.699267  0.925941
15.450000  0.701856  0.917587
15.500000  0.705051  0.909527
15.550000  0.708241  0.901479
15.600000  0.712029  0.893746
15.650000  0.715812  0.886025
15.700000  0.720187  0.878638
15.750000  0.724558  0.871262
15.800000  0.729515  0.864239
15.850000  0.734467  0.857226
15.900000  0.740001  0.850582
15.950000  0.745530  0.843947
16.000000  0.751636  0.837696
16.050000  0.757735  0.831455
16.100000  0.764407  0.825610
16.150000  0.771072  0.819775
16.200000  0.778304  0.814350
16.250000  0.785528  0.808934
16.300000  0.793312  0.803941
16.350000  0.801089  0.798956
16.400000  0.809418  0.794405
16.450000  0.817738  0.789863
16.500000  0.826602  0.785768
16.550000  0.835456  0.781680
16.600000  0.844841  0.778050
16.650000  0.854217  0.774429
16.700000  0.864110  0.771276
16.750000  0.873992  0.768132
16.800000  0.884375  0.765469
16.850000  0.894746  0.762814
16.900000  0.905597  0.760652
16.950000  0.916435  0.758497
17.000000  0.927729  0.756849
17.050000  0.939008  0.755208
17.100000  0.950715  0.754085
17.150000  0.962405  0.752970
17.200000  0.974490  0.752386
17.250000  0.986555  0.751811
17.300000  0.998975  0.751780
17.350000  1.011373  0.751757
17.400000  1.024082  0.752293
17.450000  1.036765  0.752836
17.500000  1.049707  0.753954
17.550000  1.062621  0.755078
17.600000  1.075733  0.756791
17.650000  1.088814  0.758510
17.700000  1.102026  0.760833
17.750000  1.115205  0.763161
17.800000  1.128439  0.766108
17.850000  1.141635  0.769060
17.900000  1.154804  0.772643
17.950000  1.167931  0.776232
18.000000  1.180938  0.780465
18.050000  1.193901  0.784701
18.100000  1.206643  0.789594
18.150000  1.219337  0.794489
18.200000  1.231702  0.800049
18.250000  1.244016  0.805611
18.300000  1.255884  0.811844
18.350000  1.267699  0.818076
18.400000  1.278946  0.824984
18.450000  1.290138  0.831888
18.500000  1.300635  0.839466
18.550000  1.311075  0.847037
18.600000  1.320690  0.855276
18.650000  1.330247  0.863504
18.700000  1.338847  0.872386
18.750000  1.347390  0.881254
18.800000  1.354847  0.890754
18.850000  1.362248  0.900236
18.900000  1.368437  0.910321
18.950000  1.374573  0.920382
19.000000  1.379381  0.931006
19.050000  1.384140  0.941602
19.100000  1.387464  0.952708
19.150000  1.390745  0.963782
19.200000  1.392501  0.975304
19.250000  1.394221  0.986788
19.300000  1.394343  0.998644
19.350000  1.394438  1.010459
19.400000  1.392885  1.022558
19.450000  1.391314  1.034611
19.500000  1.388070  1.046850
19.550000  1.384818  1.059037
19.600000  1.379894  1.071302
19.650000  1.374975  1.083511
19.700000  1.368411  1.095679
19.750000  1.361865  1.107789
19.800000  1.353732  1.119731
19.850000  1.345628  1.131614
19.900000  1.336022  1.143198
19.950000  1.326456  1.154723
20.000000  1.315499  1.165816
20.050000  1.304592  1.176851
20.100000  1.292427  1.187324
20.150000  1.280322  1.197740
20.200000  1.267110  1.207469
20.250000  1.253965  1.217145
20.300000  1.239880  1.226016
20.350000  1.225869  1.234839
20.400000  1.211092  1.242750
20.450000  1.196393  1.250620
20.500000  1.181108  1.257487
20.550000  1.165902  1.264319
20.600000  1.150291  1.270072
20.650000  1.134758  1.275799
20.700000  1.118995  1.280388
20.750000  1.103307  1.284959
20.800000  1.087555  1.288353
20.850000  1.071875  1.291737
20.900000  1.056284  1.293923
20.950000  1.040761  1.296108
21.000000  1.025467  1.297093
21.050000  1.010234  1.298084
21.100000  0.995353  1.297890
21.150000  0.980528  1.297709
21.200000  0.966162  1.296374
21.250000  0.951845  1.295058
21.300000  0.938077  1.292632
21.350000  0.924352  1.290231
21.400000  0.911250  1.286776
21.450000  0.898183  1.283350
21.500000  0.885800  1.278936
21.550000  0.873446  1.274554
21.600000  0.861819  1.269258
21.650000  0.850216  1.263996
21.700000  0.839373  1.257898
21.750000  0.828550  1.251837
21.800000  0.818507  1.245021
21.850000  0.808480  1.238242
21.900000  0.799246  1.230792
21.950000  0.790023  1.223379
22.000000  0.781599  1.215379
22.050000  0.773182  1.207416
22.100000  0.765562  1.198947
22.150000  0.757946  1.190515
22.200000  0.751122  1.181657
22.250000  0.744299  1.172834
22.300000  0.738258  1.163663
22.350000  0.732216  1.154526
22.400000  0.726943  1.145113
22.450000  0.721668  1.135733
22.500000  0.717148  1.126147
22.550000  0.712624  1.116591
22.600000  0.708839  1.106894
22.650000  0.705050  1.097225
22.700000  0.701984  1.087476
22.750000  0.698914  1.077754
22.800000  0.696550  1.068007
22.850000  0.694181  1.058284
22.900000  0.692504  1.048588
22.950000  0.690821  1.038915
23.000000  0.689815  1.029315
23.050000  0.688804  1.019737
23.100000  0.688456  1.010275
23.150000  0.688102  1.000833
23.200000  0.688399  0.991546
23.250000  0.688690  0.982277
23.300000  0.689619  0.973198
23.350000  0.690543  0.964136
23.400000  0.692096  0.955297
23.450000  0.693643  0.946472
23.500000  0.695809  0.937899
23.550000  0.697969  0.929340
23.600000  0.700741  0.921058
23.650000  0.703506  0.912789
23.700000  0.706876  0.904820
23.750000  0.710240  0.896863
23.800000  0.714201  0.889227
23.850000  0.718157  0.881603
23.900000  0.722704  0.874319
23.950000  0.727245  0.867045
24.000000  0.732373  0.860129
24.050000  0.737495  0.853223
24.100000  0.743198  0.846691
24.150000  0.748895  0.840168
24.200000  0.755167  0.834032
24.250000  0.761434  0.827906
24.300000  0.768271  0.822182
24.350000  0.775102  0.816466
24.400000  0.782497  0.811165
24.450000  0.789885  0.805872
24.500000  0.797831  0.801005
24.550000  0.805769  0.796147
24.600000  0.814257  0.791727
24.650000  0.822736  0.787315
24.700000  0.831755  0.783353
24.750000  0.840765  0.779399
24.800000  0.850302  0.775907
24.850000  0.859830  0.772422
24.900000  0.869870  0.769410
24.950000  0.879899  0.766407
25.000000  0.890424  0.763888
25.050000  0.900936  0.761377
25.100000  0.911923  0.759362
25.150000  0.922895  0.757356
25.200000  0.934316  0.755858
25.250000  0.945721  0.754369
25.300000  0.957546  0.753402
25.350000  0.969352  0.752442
25.400000  0.981543  0.752018
25.450000  0.993713  0.751602
25.500000  1.006227  0.751734
25.550000  1.018717  0.751875
25.600000  1.031504  0.752579
25.650000  1.044264  0.753290
25.700000  1.057267  0.754579
25.750000  1.070240  0.755876
25.800000  1.083394  0.757765
25.850000  1.096516  0.759661
25.900000  1.109747  0.762164
25.950000  1.122944  0.764674
26.000000  1.136173  0.767805
26.050000  1.149364  0.770942
26.100000  1.162500  0.774714
26.150000  1.175595  0.778491
26.200000  1.188541  0.782916
26.250000  1.201442  0.787344
26.300000  1.214090  0.792432
26.350000  1.226691  0.797522
26.400000  1.238928  0.803280
26.450000  1.251114  0.809037
26.500000  1.262820  0.815469
26.550000  1.274471  0.821899
26.600000  1.285518  0.829005
26.650000  1.296509  0.836105
26.700000  1.306767  0.843879
26.750000  1.316968  0.851646
26.800000  1.326305  0.860076
26.850000  1.335584  0.868495
26.900000  1.343869  0.877563
26.950000  1.352096  0.886616
27.000000  1.359199  0.896294
27.050000  1.366247  0.905952
27.100000  1.372048  0.916202
27.150000  1.377797  0.926428
27.200000  1.382185  0.937202
27.250000  1.386525  0.947947
27.300000  1.389402  0.959186
27.350000  1.392238  0.970391
27.400000  1.393525  0.982024
27.450000  1.394777  0.993617
27.500000  1.394415  1.005559
27.550000  1.394027  1.017457
27.600000  1.391981  1.029613
27.650000  1.389920  1.041721
27.700000  1.386182  1.053985
27.750000  1.382441  1.066196
27.800000  1.377031  1.078450
27.850000  1.371630  1.090648
27.900000  1.364598  1.102769
27.950000  1.357586  1.114831
28.000000  1.349008  1.126688
28.050000  1.340463  1.138485
28.100000  1.330445  1.149945
28.150000  1.320470  1.161345
28.200000  1.309140  1.172275
28.250000  1.297863  1.183147
28.300000  1.285370  1.193420
28.350000  1.272939  1.203637
28.400000  1.259448  1.213131
28.450000  1.246027  1.222574
28.500000  1.231715  1.231179
28.550000  1.217478  1.239737
28.600000  1.202527  1.247356
28.650000  1.187655  1.254934
28.700000  1.172250  1.261485
28.750000  1.156924  1.268004
28.800000  1.141244  1.273424
28.850000  1.125642  1.278820
28.900000  1.109859  1.283064
28.950000  1.094151  1.287293
29.000000  1.078425  1.290336
29.050000  1.062769  1.293372
29.100000  1.047246  1.295207
29.150000  1.031788  1.297043
29.200000  1.016597  1.297681
29.250000  1.001466  1.298327
29.300000  0.986721  1.297795
29.350000  0.972029  1.297278
29.400000  0.957825  1.295618
29.450000  0.943667  1.293979
29.500000  0.930083  1.291245
29.550000  0.916539  1.288536
29.600000  0.903637  1.284792
29.650000  0.890770  1.281078
29.700000  0.878600  1.276396
29.750000  0.866458  1.271748
29.800000  0.855054  1.266206
29.850000  0.843673  1.260700
29.900000  0.833059  1.254381
29.950000  0.822464  1.248099
30.000000  0.812654  1.241086
30.050000  0.802858  1.234111
30.100000  0.793858  1.226489
30.150000  0.784868  1.218904
30.200000  0.776677  1.210755
30.250000  0.768493  1.202643
30.300000  0.761104  1.194050
30.350000  0.753720  1.185492
30.400000  0.747123  1.176532
30.450000  0.740529  1.167607
30.500000  0.734712  1.158354
30.550000  0.728894  1.149136
30.600000  0.723841  1.139662
30.650000  0.718787  1.130220
30.700000  0.714481  1.120592
30.750000  0.710173  1.110994
30.800000  0.706599  1.101273
30.850000  0.703021  1.091579
30.900000  0.700160  1.081822
30.950000  0.697296  1.072091
31.000000  0.695134  1.062350
31.050000  0.692966  1.052634
31.100000  0.691486  1.042959
31.150000  0.690001  1.033306
31.200000  0.689188  1.023739
31.250000  0.688370  1.014194
31.300000  0.688211  1.004776
31.350000  0.688047  0.995378
31.400000  0.688529  0.986145
31.450000  0.689006  0.976931
31.500000  0.690119  0.967916
31.550000  0.691226  0.958918
31.600000  0.692958  0.950151
31.650000  0.694685  0.941399
31.700000  0.697029  0.932906
31.750000  0.699368  0.924426
31.800000  0.702315  0.916231
31.850000  0.705256  0.908048
31.900000  0.708800  0.900172
31.950000  0.712337  0.892308
32.000000  0.716471  0.884771
32.050000  0.720599  0.877246
32.100000  0.725316  0.870065
32.150000  0.730029  0.862895
32.200000  0.735326  0.856088
32.250000  0.740617  0.849290
32.300000  0.746487  0.842870
32.350000  0.752352  0.836460
32.400000  0.758791  0.830441
32.450000  0.765224  0.824432
32.500000  0.772226  0.818828
32.550000  0.779222  0.813233
32.600000  0.786780  0.808055
32.650000  0.794330  0.802886
32.700000  0.802437  0.798147
32.750000  0.810536  0.793417
32.800000  0.819181  0.789128
32.850000  0.827818  0.784847
32.900000  0.836992  0.781020
32.950000  0.846156  0.777200
33.000000  0.855844  0.773846
33.050000  0.865522  0.770499
33.100000  0.875708  0.767629
33.150000  0.885882  0.764767
33.200000  0.896547  0.762392
33.250000  0.907198  0.760026
33.300000  0.918317  0.758161
33.350000  0.929422  0.756303
33.400000  0.940967  0.754958
33.450000  0.952496  0.753621
33.500000  0.964435  0.752810
33.550000  0.976355  0.752007
33.600000  0.988648  0.751743
33.650000  1.000919  0.751487
33.700000  1.013522  0.751784
33.750000  1.026100  0.752089
33.800000  1.038960  0.752962
33.850000  1.051793  0.753842
33.900000  1.064850  0.755305
33.950000  1.077879  0.756774
34.000000  1.091067  0.758841
34.050000  1.104223  0.760914
34.100000  1.117468  0.763599
34.150000  1.130676  0.766290
34.200000  1.143893  0.769607
34.250000  1.157070  0.772930
34.300000  1.170166  0.776892
34.350000  1.183220  0.780858
34.400000  1.196096  0.785476
34.450000  1.208925  0.790097
34.500000  1.221471  0.795380
34.550000  1.233968  0.800665
34.600000  1.246069  0.806620
34.650000  1.258117  0.812574
34.700000  1.269649  0.819204
34.750000  1.281126  0.825831
34.800000  1.291962  0.833134
34.850000  1.302742  0.840431
34.900000  1.312750  0.848400
34.950000  1.322701  0.856360
35.000000  1.331749  0.864981
35.050000  1.340740  0.873590
35.100000  1.348698  0.882841
35.150000  1.356598  0.892076
35.200000  1.363338  0.901928
35.250000  1.370024  0.911759
35.300000  1.375428  0.922170
35.350000  1.380780  0.932556
35.400000  1.384740  0.943476
35.450000  1.388654  0.954366
35.500000  1.391077  0.965731
35.550000  1.393461  0.977061
35.600000  1.394274  0.988797
35.650000  1.395055  1.000493
35.700000  1.394205  1.012512
35.750000  1.393333  1.024486
35.800000  1.390793  1.036690
35.850000  1.388242  1.048844
35.900000  1.384012  1.061122
35.950000  1.379783  1.073347
36.000000  1.373892  1.085581
36.050000  1.368013  1.097757
36.100000  1.360519  1.109820
36.150000  1.353048  1.121823
36.200000  1.344036  1.133583
36.250000  1.335059  1.145283
36.300000  1.324639  1.156608
36.350000  1.314267  1.167872
36.400000  1.302577  1.178629
36.450000  1.290943  1.189328
36.500000  1.278135  1.199391
36.550000  1.265393  1.209398
36.600000  1.251638  1.218649
36.650000  1.237955  1.227848
36.700000  1.223432  1.236179
36.750000  1.208984  1.244465
36.800000  1.193876  1.251783
36.850000  1.178846  1.259064
36.900000  1.163337  1.265294
36.950000  1.147905  1.271494
37.000000  1.132172  1.276578
37.050000  1.116515  1.281640
37.100000  1.100726  1.285538
37.150000  1.085011  1.289422
37.200000  1.069324  1.292114
37.250000  1.053705  1.294802
37.300000  1.038260  1.296287
37.350000  1.022879  1.297775
37.400000  1.007801  1.298068
37.450000  0.992782  1.298372
37.500000  0.978180  1.297506
37.550000  0.963629  1.296657
37.600000  0.949593  1.294676
37.650000  0.935602  1.292718
37.700000  0.922206  1.289681
37.750000  0.908849  1.286671
37.800000  0.896152  1.282644
37.850000  0.883487  1.278648
37.900000  0.871534  1.273706
37.950000  0.859607  1.268797
38.000000  0.848428  1.263018
38.050000  0.837270  1.257275
38.100000  0.826887  1.250742
38.150000  0.816520  1.244246
38.200000  0.806944  1.237044
38.250000  0.797380  1.229880
38.300000  0.788614  1.222093
38.350000  0.779856  1.214343
38.400000  0.771898  1.206053
38.450000  0.763945  1.197800
38.500000  0.756787  1.189088
38.550000  0.749632  1.180412
38.600000  0.743263  1.171356
38.650000  0.736895  1.162334
38.700000  0.731301  1.153007
38.750000  0.725706  1.143712
38.800000  0.720871  1.134184
38.850000  0.716035  1.124686
38.900000  0.711943  1.115022
38.950000  0.707849  1.105386
39.000000  0.704484  1.095645
39.050000  0.701115  1.085932
39.100000  0.698459  1.076171
39.150000  0.695799  1.066436
39.200000  0.693836  1.056706
39.250000  0.691869  1.047001
39.300000  0.690584  1.037350
39.350000  0.689295  1.027720
39.400000  0.688674  1.018191
39.450000  0.688047  1.008681
39.500000  0.688076  0.999311
39.550000  0.688100  0.989960
39.600000  0.688767  0.980785
39.650000  0.689429  0.971627
39.700000  0.690723  0.962679
39.750000  0.692012  0.953747
39.800000  0.693924  0.945055
39.850000  0.695830  0.936377
39.900000  0.698351  0.927966
39.950000  0.700866  0.919568
40.000000  0.703988  0.911461
40.050000  0.707105  0.903367
40.100000  0.710821  0.895586
40.150000  0.714532  0.887816
40.200000  0.718837  0.880379
40.250000  0.723137  0.872953
40.300000  0.728024  0.865878
40.350000  0.732907  0.858813
40.400000  0.738372  0.852115
40.450000  0.743832  0.845427
40.500000  0.749870  0.839121
40.550000  0.755902  0.832824
40.600000  0.762507  0.826923
40.650000  0.769105  0.821031
40.700000  0.776271  0.815549
40.750000  0.783430  0.810075
40.800000  0.791151  0.805023
40.850000  0.798863  0.799979
40.900000  0.807129  0.795368
40.950000  0.815388  0.790766
41.000000  0.824190  0.786609
41.050000  0.832984  0.782460
41.100000  0.842311  0.778768
41.150000  0.851628  0.775084
41.200000  0.861465  0.771868
41.250000  0.871292  0.768660
41.300000  0.881622  0.765932
41.350000  0.891940  0.763212
41.400000  0.902742  0.760984
41.450000  0.913530  0.758763
41.500000  0.924780  0.757047
41.550000  0.936013  0.755339
41.600000  0.947680  0.754147
41.650000  0.959330  0.752964
41.700000  0.971379  0.752310
41.750000  0.983409  0.751664
41.800000  0.995801  0.751562
41.850000  1.008170  0.751467
41.900000  1.020857  0.751930
41.950000  1.033519  0.752400
42.000000  1.046447  0.753443
42.050000  1.059347  0.754493
42.100000  1.072455  0.756130
42.150000  1.085532  0.757773
42.200000  1.098749  0.760019
42.250000  1.111933  0.762270
42.300000  1.125183  0.765138
42.350000  1.138396  0.768011
42.400000  1.151593  0.771515
42.450000  1.164749  0.775024
42.500000  1.177797  0.779176
42.550000  1.190801  0.783333
42.600000  1.203597  0.788144
42.650000  1.216347  0.792958
42.700000  1.228781  0.798437
42.750000  1.241165  0.803917
42.800000  1.253118  0.810070
42.850000  1.265018  0.816221
42.900000  1.276366  0.823049
42.950000  1.287659  0.829873
43.000000  1.298273  0.837372
43.050000  1.308830  0.844865
43.100000  1.318578  0.853027
43.150000  1.328267  0.861180
43.200000  1.337017  0.869989
43.250000  1.345708  0.878785
43.300000  1.353329  0.888217
43.350000  1.360893  0.897632
43.400000  1.367260  0.907654
43.450000  1.373573  0.917654
43.500000  1.378571  0.928223
43.550000  1.383518  0.938765
43.600000  1.387043  0.949825
43.650000  1.390522  0.960853
43.700000  1.392486  0.972339
43.750000  1.394412  0.983788
43.800000  1.394747  0.995620
43.850000  1.395052  1.007410
43.900000  1.393713  1.019499
43.950000  1.392354  1.031540
44.000000  1.389321  1.043782
44.050000  1.386280  1.055973
44.100000  1.381562  1.068256
44.150000  1.376847  1.080485
44.200000  1.370480  1.092687
44.250000  1.364129  1.104832
44.300000  1.356180  1.116825
44.350000  1.348258  1.128759
44.400000  1.338820  1.140411
44.450000  1.329421  1.152003
44.500000  1.318612  1.163181
44.550000  1.307854  1.174299
44.600000  1.295817  1.184871
44.650000  1.283839  1.195387
44.700000  1.270732  1.205229
44.750000  1.257693  1.215018
44.800000  1.243689  1.224015
44.850000  1.229759  1.232964
44.900000  1.215041  1.241012
44.950000  1.200399  1.249018
45.000000  1.185148  1.256031
45.050000  1.169977  1.263007
45.100000  1.154377  1.268911
45.150000  1.138856  1.274788
45.200000  1.123083  1.279532
45.250000  1.107386  1.284257
45.300000  1.091605  1.287807
45.350000  1.075896  1.291346
45.400000  1.060259  1.293687
45.450000  1.044690  1.296026
45.500000  1.029333  1.297162
45.550000  1.014039  1.298304
45.600000  0.999084  1.298256
45.650000  0.984185  1.298220
45.700000  0.969734  1.297024
45.750000  0.955332  1.295846
45.800000  0.941471  1.293551
45.850000  0.927652  1.291280
45.900000  0.914450  1.287946
45.950000  0.901284  1.284640
46.000000  0.888796  1.280337
46.050000  0.876338  1.276066
46.100000  0.864603  1.270869
46.150000  0.852893  1.265707
46.200000  0.841941  1.259697
46.250000  0.831009  1.253724
46.300000  0.820856  1.246985
46.350000  0.810719  1.240284
46.400000  0.801376  1.232900
46.450000  0.792044  1.225553
46.500000  0.783511  1.217608
46.550000  0.774986  1.209700
46.600000  0.767260  1.201276
46.650000  0.759538  1.192888
46.700000  0.752609  1.184065
46.750000  0.745683  1.175277
46.800000  0.739539  1.166132
46.850000  0.733396  1.157020
46.900000  0.728023  1.147624
46.950000  0.722650  1.138260
47.000000  0.718032  1.128682
47.050000  0.713412  1.119134
47.100000  0.709533  1.109438
47.150000  0.705650  1.099770
47.200000  0.702493  1.090015
47.250000  0.699331  1.080286
47.300000  0.696878  1.070527
47.350000  0.694420  1.060792
47.400000  0.692656  1.051077
47.450000  0.690887  1.041386
47.500000  0.689797  1.031763
47.550000  0.688702  1.022161
47.600000  0.688271  1.012671
47.650000  0.687835  1.003201
47.700000  0.688051  0.993881
47.750000  0.688261  0.984580
47.800000  0.689112  0.975465
47.850000  0.689957  0.966367
47.900000  0.691432  0.957488
47.950000  0.692902  0.948625
48.000000  0.694992  0.940009
48.050000  0.697077  0.931408
48.100000  0.699774  0.923080
48.150000  0.702465  0.914766
48.200000  0.705761  0.906750
48.250000  0.709052  0.898746
48.300000  0.712940  0.891061
48.350000  0.716824  0.883387
48.400000  0.721300  0.876051
48.450000  0.725770  0.868727
48.500000  0.730827  0.861757
48.550000  0.735879  0.854799
48.600000  0.741512  0.848211
48.650000  0.747140  0.841634
48.700000  0.753344  0.835442
48.750000  0.759543  0.829260
48.800000  0.766313  0.823478
48.850000  0.773076  0.817705
48.900000  0.780405  0.812345
48.950000  0.787728  0.806993
49.000000  0.795609  0.802067
49.050000  0.803483  0.797149
49.100000  0.811908  0.792667
49.150000  0.820325  0.788195
49.200000  0.829283  0.784170
49.250000  0.838232  0.780154
49.300000  0.847711  0.776598
49.350000  0.857180  0.773050
49.400000  0.867165  0.769974
49.450000  0.877138  0.766905
49.500000  0.887610  0.764320
49.550000  0.898070  0.761743
49.600000  0.909007  0.759662
49.650000  0.919931  0.757588
49.700000  0.931308  0.756022
49.750000  0.942669  0.754464
49.800000  0.954454  0.753427
49.850000  0.966221  0.752397
49.900000  0.978377  0.751902
49.950000  0.990514  0.751414
50.000000  1.003000  0.751474
50.050000  1.015464  0.751542
50.100000  1.028230  0.752171
50.150000  1.040972  0.752808
50.200000  1.053962  0.754022
50.250000  1.066925  0.755243
50.300000  1.080076  0.757055
50.350000  1.093196  0.758873
50.400000  1.106436  0.761298
50.450000  1.119641  0.763729
50.500000  1.132890  0.766781
50.550000  1.146100  0.769837
50.600000  1.159269  0.773529
50.650000  1.172396  0.777225
50.700000  1.185387  0.781568
50.750000  1.198333  0.785915
50.800000  1.211041  0.790921
50.850000  1.223701  0.795928
50.900000  1.236013  0.801604
50.950000  1.248275  0.807279
51.000000  1.260070  0.813629
51.050000  1.271812  0.819977
51.100000  1.282966  0.827002
51.150000  1.294063  0.834023
51.200000  1.304444  0.841718
51.250000  1.314768  0.849405
51.300000  1.324244  0.857759
51.350000  1.333662  0.866103
51.400000  1.342101  0.875099
51.450000  1.350483  0.884080
51.500000  1.357756  0.893690
51.550000  1.364973  0.903282
51.600000  1.370958  0.913470
51.650000  1.376889  0.923636
51.700000  1.381472  0.934357
51.750000  1.386007  0.945050
51.800000  1.389089  0.956245
51.850000  1.392128  0.967406
51.900000  1.393626  0.979005
51.950000  1.395089  0.990566
52.000000  1.394942  1.002487
52.050000  1.394769  1.014365
52.100000  1.392939  1.026513
52.150000  1.391092  1.038614
52.200000  1.387567  1.050885
52.250000  1.384037  1.063104
52.300000  1.378833  1.075381
52.350000  1.373636  1.087603
52.400000  1.366800  1.099763
52.450000  1.359982  1.111865
52.500000  1.351586  1.123778
52.550000  1.343221  1.135632
52.600000  1.333368  1.147165
52.650000  1.323557  1.158638
52.700000  1.312371  1.169658
52.750000  1.301239  1.180619
52.800000  1.288869  1.190997
52.850000  1.276560  1.201318
52.900000  1.263169  1.210931
52.950000  1.249847  1.220491
53.000000  1.235611  1.229227
53.050000  1.221449  1.237916
53.100000  1.206551  1.245675
53.150000  1.191730  1.253394
53.200000  1.176353  1.260094
53.250000  1.161055  1.266761
53.300000  1.145381  1.272335
53.350000  1.129784  1.277884
53.400000  1.113986  1.282286
53.450000  1.098263  1.286671
53.500000  1.082502  1.289872
53.550000  1.066812  1.293065
53.600000  1.051237  1.295056
53.650000  1.035729  1.297046
53.700000  1.020471  1.297836
53.750000  1.005275  1.298633
53.800000  0.990450  1.298247
53.850000  0.975681  1.297875
53.900000  0.961387  1.296353
53.950000  0.947142  1.294852
54.000000  0.933461  1.292247
54.050000  0.919821  1.289667
54.100000  0.906817  1.286042
54.150000  0.893847  1.282447
54.200000  0.881570  1.277874
54.250000  0.869322  1.273334
54.300000  0.857809  1.267890
54.350000  0.846319  1.262482
54.400000  0.835594  1.256249
54.450000  0.824888  1.250053
54.500000  0.814968  1.243115
54.550000  0.805061  1.236215
54.600000  0.795951  1.228656
54.650000  0.786851  1.221135
54.700000  0.778551  1.213039
54.750000  0.770258  1.204980
54.800000  0.762762  1.196429
54.850000  0.755271  1.187914
54.900000  0.748570  1.178986
54.950000  0.741870  1.170093
55.000000  0.735951  1.160864
55.050000  0.730031  1.151668
55.100000  0.724879  1.142209
55.150000  0.719724  1.132782
55.200000  0.715322  1.123160
55.250000  0.710917  1.113567
55.300000  0.707248  1.103845
55.350000  0.703576  1.094150
55.400000  0.700624  1.084385
55.450000  0.697668  1.074646
55.500000  0.695416  1.064891
55.550000  0.693160  1.055160
55.600000  0.691593  1.045465
55.650000  0.690021  1.035792
55.700000  0.689123  1.026200
55.750000  0.688220  1.016630
55.800000  0.687979  1.007183
55.850000  0.687732  0.997755
55.900000  0.688133  0.988489
55.950000  0.688529  0.979240
56.000000  0.689562  0.970188
56.050000  0.690590  0.961153
56.100000  0.692245  0.952345
56.150000  0.693895  0.943552
56.200000  0.696162  0.935015
56.250000  0.698424  0.926492
56.300000  0.701296  0.918251
56.350000  0.704163  0.910022
56.400000  0.707632  0.902098
56.450000  0.711096  0.894185
56.500000  0.715156  0.886598
56.550000  0.719211  0.879021
56.600000  0.723857  0.871788
56.650000  0.728498  0.864566
56.700000  0.733724  0.857705
56.750000  0.738944  0.850853
56.800000  0.744745  0.844377
56.850000  0.750540  0.837911
56.900000  0.756910  0.831836
56.950000  0.763274  0.825769
57.000000  0.770209  0.820107
57.050000  0.777136  0.814453
57.100000  0.784628  0.809216
57.150000  0.792113  0.803988
57.200000  0.800155  0.799188
57.250000  0.808189  0.794396
57.300000  0.816771  0.790045
57.350000  0.825345  0.785703
57.400000  0.834458  0.781812
57.450000  0.843562  0.777929
57.500000  0.853191  0.774510
57.550000  0.862810  0.771099
57.600000  0.872941  0.768163
57.650000  0.883060  0.765235
57.700000  0.893672  0.762794
57.750000  0.904271  0.760360
57.800000  0.915342  0.758426
57.850000  0.926398  0.756500
57.900000  0.937900  0.755085
57.950000  0.949385  0.753679
58.000000  0.961285  0.752797
58.050000  0.973167  0.751922
58.100000  0.985427  0.751586
58.150000  0.997667  0.751257
58.200000  1.010244  0.751481
58.250000  1.022797  0.751712
58.300000  1.035638  0.752509
58.350000  1.048454  0.753314
58.400000  1.061502  0.754699
58.450000  1.074522  0.756092
58.500000  1.087711  0.758080
58.550000  1.100868  0.760075
58.600000  1.114123  0.762680
58.650000  1.127344  0.765291
58.700000  1.140583  0.768527
58.750000  1.153784  0.771768
58.800000  1.166916  0.775648
58.850000  1.180006  0.779532
58.900000  1.192932  0.784068
58.950000  1.205811  0.788606
59.000000  1.218422  0.793806
59.050000  1.230983  0.799007
59.100000  1.243164  0.804879
59.150000  1.255292  0.810751
59.200000  1.266920  0.817298
59.250000  1.278493  0.823843
59.300000  1.289441  0.831064
59.350000  1.300333  0.838280
59.400000  1.310470  0.846170
59.450000  1.320550  0.854051
59.500000  1.329744  0.862596
59.550000  1.338879  0.871129
59.600000  1.346998  0.880308
59.650000  1.355059  0.889472
59.700000  1.361975  0.899257
59.750000  1.368836  0.909022
59.800000  1.374428  0.919374
59.850000  1.379969  0.929701
59.900000  1.384130  0.940569
59.950000  1.388242  0.951408
60.000000  1.390875  0.962732
60.050000  1.393467  0.974021
60.100000  1.394495  0.985727
60.150000  1.395490  0.997393
60.200000  1.394859  1.009394
60.250000  1.394204  1.021351
60.300000  1.391882  1.033552
60.350000  1.389547  1.045702
60.400000  1.385532  1.057993
60.450000  1.381514  1.070229
60.500000  1.375829  1.082491
60.550000  1.370155  1.094696
60.600000  1.362855  1.106803
60.650000  1.355577  1.118852
60.700000  1.346743  1.130674
60.750000  1.337944  1.142435
60.800000  1.327686  1.153838
60.850000  1.317474  1.165181
60.900000  1.305924  1.176033
60.950000  1.294430  1.186827
61.000000  1.281741  1.197000
61.050000  1.269116  1.207117
61.100000  1.255455  1.216491
61.150000  1.241865  1.225814
61.200000  1.227412  1.234280
61.250000  1.213034  1.242700
61.300000  1.197972  1.250164
61.350000  1.182987  1.257589
61.400000  1.167499  1.263971
61.450000  1.152090  1.270323
61.500000  1.136356  1.275564
61.550000  1.120699  1.280781
61.600000  1.104889  1.284839
61.650000  1.089153  1.288882
61.700000  1.073425  1.291733
61.750000  1.057767  1.294579
61.800000  1.042265  1.296220
61.850000  1.026828  1.297864
61.900000  1.011680  1.298310
61.950000  0.996590  1.298764
62.000000  0.981905  1.298044
62.050000  0.967273  1.297339
62.100000  0.953144  1.295496
62.150000  0.939062  1.293675
62.200000  0.925567  1.290766
62.250000  0.912110  1.287884
62.300000  0.899308  1.283975
62.350000  0.886539  1.280096
62.400000  0.874477  1.275260
62.450000  0.862441  1.270458
62.500000  0.851151  1.264775
62.550000  0.839883  1.259127
62.600000  0.829388  1.252678
62.650000  0.818909  1.246266
62.700000  0.809221  1.239137
62.750000  0.799545  1.232045
62.800000  0.790668  1.224319
62.850000  0.781800  1.216630
62.900000  0.773732  1.208391
62.950000  0.765670  1.200188
63.000000  0.758404  1.191516
63.050000  0.751141  1.182880
63.100000  0.744667  1.173854
63.150000  0.738194  1.164862
63.200000  0.732497  1.155556
63.250000  0.726800  1.146282
63.300000  0.721865  1.136766
63.350000  0.716929  1.127281
63.400000  0.712740  1.117620
63.450000  0.708548  1.107988
63.500000  0.705088  1.098244
63.550000  0.701625  1.088528
63.600000  0.698877  1.078757
63.650000  0.696125  1.069012
63.700000  0.694073  1.059266
63.750000  0.692016  1.049545
63.800000  0.690644  1.039872
63.850000  0.689268  1.030221
63.900000  0.688561  1.020664
63.950000  0.687850  1.011128
64.000000  0.687796  1.001727
64.050000  0.687737  0.992345
64.100000  0.688322  0.983135
64.150000  0.688903  0.973942
64.200000  0.690118  0.964955
64.250000  0.691327  0.955984
64.300000  0.693160  0.947250
64.350000  0.694989  0.938530
64.400000  0.697433  0.930074
64.450000  0.699871  0.921632
64.500000  0.702917  0.913478
64.550000  0.705958  0.905336
64.600000  0.709600  0.897505
64.650000  0.713237  0.889686
64.700000  0.717468  0.882197
64.750000  0.721694  0.874720
64.800000  0.726510  0.867591
64.850000  0.731319  0.860473
64.900000  0.736713  0.853720
64.950000  0.742102  0.846976
65.000000  0.748069  0.840614
65.050000  0.754031  0.834260
65.100000  0.760567  0.828301
65.150000  0.767096  0.822352
65.200000  0.774194  0.816810
65.250000  0.781285  0.811276
65.300000  0.788939  0.806163
65.350000  0.796585  0.801059
65.400000  0.804786  0.796387
65.450000  0.812979  0.791723
65.500000  0.821719  0.787502
65.550000  0.830449  0.783290
65.600000  0.839715  0.779534
65.650000  0.848972  0.775786
65.700000  0.858750  0.772504
65.750000  0.868518  0.769231
65.800000  0.878793  0.766436
65.850000  0.889056  0.763649
65.900000  0.899806  0.761352
65.950000  0.910543  0.759064
66.000000  0.921744  0.757278
66.050000  0.932931  0.755500
66.100000  0.944554  0.754238
66.150000  0.956161  0.752983
66.200000  0.968173  0.752257
66.250000  0.980166  0.751539
66.300000  0.992527  0.751363
66.350000  1.004865  0.751194
66.400000  1.017528  0.751582
66.450000  1.030167  0.751977
66.500000  1.043079  0.752943
66.550000  1.055964  0.753916
66.600000  1.069064  0.755475
66.650000  1.082135  0.757040
66.700000  1.095356  0.759206
66.750000  1.108543  0.761377
66.800000  1.121808  0.764164
66.850000  1.135036  0.766957
66.900000  1.148259  0.770378
66.950000  1.161443  0.773805
67.000000  1.174531  0.777874
67.050000  1.187575  0.781946
67.100000  1.200426  0.786674
67.150000  1.213230  0.791404
67.200000  1.225734  0.796799
67.250000  1.238187  0.802195
67.300000  1.250226  0.808263
67.350000  1.262211  0.814331
67.400000  1.273661  0.821075
67.450000  1.285055  0.827816
67.500000  1.295788  0.835233
67.550000  1.306463  0.842645
67.600000  1.316345  0.850728
67.650000  1.326170  0.858802
67.700000  1.335071  0.867535
67.750000  1.343913  0.876255
67.800000  1.351701  0.885616
67.850000  1.359432  0.894960
67.900000  1.365980  0.904917
67.950000  1.372474  0.914852
68.000000  1.377667  0.925362
68.050000  1.382808  0.935847
68.100000  1.386538  0.946857
68.150000  1.390222  0.957837
68.200000  1.392399  0.969283
68.250000  1.394538  0.980694
68.300000  1.395092  0.992499
68.350000  1.395615  1.004262
68.400000  1.394497  1.016337
68.450000  1.393358  1.028365
68.500000  1.390545  1.040608
68.550000  1.387721  1.052800
68.600000  1.383218  1.065099
68.650000  1.378715  1.077344
68.700000  1.372554  1.089580
68.750000  1.366406  1.101757
68.800000  1.358650  1.113801
68.850000  1.350919  1.125785
68.900000  1.341657  1.137505
68.950000  1.332433  1.149164
69.000000  1.321782  1.160426
69.050000  1.311180  1.171628
69.100000  1.299279  1.182301
69.150000  1.287436  1.192916
69.200000  1.274442  1.202874
69.250000  1.261514  1.212778
69.300000  1.247600  1.221904
69.350000  1.233757  1.230980
69.400000  1.219102  1.239169
69.450000  1.204524  1.247314
69.500000  1.189313  1.254475
69.550000  1.174180  1.261600
69.600000  1.158596  1.267660
69.650000  1.143091  1.273691
69.700000  1.127311  1.278595
69.750000  1.111608  1.283478
69.800000  1.095799  1.287190
69.850000  1.080064  1.290889
69.900000  1.064381  1.293391
69.950000  1.048767  1.295889
70.000000  1.033349  1.297183
70.050000  1.017995  1.298481
70.100000  1.002964  1.298585
70.150000  0.987991  1.298700
70.200000  0.973453  1.297649
70.250000  0.958966  1.296616
70.300000  0.945009  1.294457
70.350000  0.931095  1.292321
70.400000  0.917791  1.289114
70.450000  0.904523  1.285935
70.500000  0.891927  1.281747
70.550000  0.879362  1.277592
70.600000  0.867517  1.272500
70.650000  0.855697  1.267442
70.700000  0.844632  1.261526
70.750000  0.833587  1.255646
70.800000  0.823322  1.248989
70.850000  0.813072  1.242369
70.900000  0.803615  1.235055
70.950000  0.794171  1.227778
71.000000  0.785526  1.219892
71.050000  0.776889  1.212043
71.100000  0.769052  1.203667
71.150000  0.761221  1.195327
71.200000  0.754184  1.186542
71.250000  0.747149  1.177791
71.300000  0.740900  1.168673
71.350000  0.734652  1.159589
71.400000  0.729176  1.150211
71.450000  0.723699  1.140866
71.500000  0.718981  1.131298
71.550000  0.714261  1.121761
71.600000  0.710284  1.112066
71.650000  0.706304  1.102401
71.700000  0.703052  1.092640
71.750000  0.699795  1.082906
71.800000  0.697250  1.073134
71.850000  0.694700  1.063388
71.900000  0.692846  1.053655
71.950000  0.690988  1.043946
72.000000  0.689810  1.034300
72.050000  0.688627  1.024675
72.100000  0.688111  1.015156
72.150000  0.687589  1.005658
72.200000  0.687722  0.996306
72.250000  0.687849  0.986972
72.300000  0.688618  0.977821
72.350000  0.689381  0.968686
72.400000  0.690776  0.959767
72.450000  0.692166  0.950864
72.500000  0.694178  0.942205
72.550000  0.696184  0.933560
72.600000  0.698803  0.925187
72.650000  0.701417  0.916827
72.700000  0.704637  0.908762
72.750000  0.707851  0.900709
72.800000  0.711665  0.892973
72.850000  0.715473  0.885249
72.900000  0.719875  0.877861
72.950000  0.724271  0.870483
73.000000  0.729256  0.863460
73.050000  0.734234  0.856446
73.100000  0.739796  0.849803
73.150000  0.745352  0.843169
73.200000  0.751485  0.836920
73.250000  0.757613  0.830681
73.300000  0.764313  0.824839
73.350000  0.771007  0.819007
73.400000  0.778268  0.813587
73.450000  0.785522  0.808175
73.500000  0.793336  0.803187
73.550000  0.801143  0.798207
73.600000  0.809503  0.793663
73.650000  0.817854  0.789127
73.700000  0.826749  0.785039
73.750000  0.835635  0.780958
73.800000  0.845053  0.777337
73.850000  0.854461  0.773723
73.900000  0.864387  0.770580
73.950000  0.874303  0.767445
74.000000  0.884720  0.764793
74.050000  0.895124  0.762148
74.100000  0.906010  0.759997
74.150000  0.916883  0.757854
74.200000  0.928212  0.756217
74.250000  0.939526  0.754589
74.300000  0.951269  0.753479
74.350000  0.962995  0.752378
74.400000  0.975115  0.751809
74.450000  0.987216  0.751247
74.500000  0.999673  0.751233
74.550000  1.012107  0.751225
74.600000  1.024851  0.751778
74.650000  1.037571  0.752339
74.700000  1.050548  0.753474
74.750000  1.063497  0.754617
74.800000  1.076644  0.756349
74.850000  1.089761  0.758088
74.900000  1.103007  0.760432
74.950000  1.116219  0.762782
75.000000  1.129486  0.765751
75.050000  1.142715  0.768726
75.100000  1.155914  0.772333
75.150000  1.169072  0.775946
75.200000  1.182107  0.780205
75.250000  1.195098  0.784467
75.300000  1.207866  0.789388
75.350000  1.220585  0.794310
75.400000  1.232972  0.799901
75.450000  1.245308  0.805491
75.500000  1.257194  0.811756
75.550000  1.269027  0.818019
75.600000  1.280288  0.824960
75.650000  1.291493  0.831897
75.700000  1.301998  0.839510
75.750000  1.312446  0.847116
75.800000  1.322063  0.855390
75.850000  1.331623  0.863655
75.900000  1.340219  0.872575
75.950000  1.348758  0.881481
76.000000  1.356205  0.891020
76.050000  1.363595  0.900542
76.100000  1.369767  0.910666
76.150000  1.375885  0.920768
76.200000  1.380668  0.931432
76.250000  1.385402  0.942070
76.300000  1.388694  0.953217
76.350000  1.391942  0.964332
76.400000  1.393659  0.975895
76.450000  1.395338  0.987420
76.500000  1.395414  0.999317
76.550000  1.395462  1.011171
76.600000  1.393855  1.023309
76.650000  1.392231  1.035400
76.700000  1.388927  1.047676
76.750000  1.385616  1.059900
76.800000  1.380627  1.072199
76.850000  1.375643  1.084442
76.900000  1.369010  1.096641
76.950000  1.362395  1.108781
77.000000  1.354190  1.120750
77.050000  1.346014  1.132659
77.100000  1.336334  1.144265
77.150000  1.326695  1.155811
77.200000  1.315663  1.166921
77.250000  1.304682  1.177971
77.300000  1.292443  1.188455
77.350000  1.280265  1.198882
77.400000  1.266981  1.208616
77.450000  1.253765  1.218296
77.500000  1.239612  1.227165
77.550000  1.225532  1.235986
77.600000  1.210691  1.243890
77.650000  1.195927  1.251753
77.700000  1.180583  1.258606
77.750000  1.165318  1.265424
77.800000  1.149653  1.271157
77.850000  1.134066  1.276864
77.900000  1.118255  1.281428
77.950000  1.102519  1.285975
78.000000  1.086725  1.289339
78.050000  1.071004  1.292693
78.100000  1.055378  1.294846
78.150000  1.039819  1.296997
78.200000  1.024495  1.297945
78.250000  1.009233  1.298898
78.300000  0.994330  1.298664
78.350000  0.979481  1.298443
78.400000  0.965098  1.297066
78.450000  0.950763  1.295707
78.500000  0.936983  1.293238
78.550000  0.923245  1.290793
78.600000  0.910136  1.287293
78.650000  0.897062  1.283823
78.700000  0.884675  1.279364
78.750000  0.872318  1.274938
78.800000  0.860692  1.269597
78.850000  0.849090  1.264291
78.900000  0.838251  1.258149
78.950000  0.827431  1.252044
79.000000  0.817396  1.245185
79.050000  0.807375  1.238364
79.100000  0.798151  1.230873
79.150000  0.788938  1.223419
79.200000  0.780525  1.215380
79.250000  0.772119  1.207377
79.300000  0.764513  1.198872
79.350000  0.756911  1.190402
79.400000  0.750101  1.181509
79.450000  0.743293  1.172651
79.500000  0.737268  1.163447
79.550000  0.731243  1.154277
79.600000  0.725987  1.144834
79.650000  0.720729  1.135423
79.700000  0.716226  1.125809
79.750000  0.711721  1.116225
79.800000  0.707954  1.106502
79.850000  0.704184  1.096807
79.900000  0.701137  1.087035
79.950000  0.698086  1.077288
80.000000  0.695742  1.067520
80.050000  0.693393  1.057776
80.100000  0.691736  1.048060
80.150000  0.690073  1.038368
80.200000  0.689088  1.028751
80.250000  0.688097  1.019156
80.300000  0.687770  1.009679
80.350000  0.687437  1.000221
80.400000  0.687755  0.990921
80.450000  0.688067  0.981638
80.500000  0.689018  0.972548
80.550000  0.689964  0.963475
80.600000  0.691538  0.954626
80.650000  0.693107  0.945792
80.700000  0.695295  0.937210
80.750000  0.697478  0.928643
80.800000  0.700272  0.920354
80.850000  0.703061  0.912079
80.900000  0.706454  0.904104
80.950000  0.709841  0.896142
81.000000  0.713826  0.888503
81.050000  0.717806  0.880875
81.100000  0.722377  0.873588
81.150000  0.726943  0.866312
81.200000  0.732095  0.859395
81.250000  0.737242  0.852488
81.300000  0.742970  0.845955
81.350000  0.748693  0.839432
81.400000  0.754992  0.833298
81.450000  0.761285  0.827173
81.500000  0.768149  0.821450
81.550000  0.775007  0.815737
81.600000  0.782430  0.810438
81.650000  0.789846  0.805148
81.700000  0.797820  0.800286
81.750000  0.805787  0.795432
81.800000  0.814304  0.791017
81.850000  0.822813  0.786610
81.900000  0.831862  0.782654
81.950000  0.840902  0.778706
82.000000  0.850470  0.775221
82.050000  0.860029  0.771743
82.100000  0.870101  0.768739
82.150000  0.880162  0.765744
82.200000  0.890719  0.763234
82.250000  0.901264  0.760731
82.300000  0.912284  0.758727
82.350000  0.923289  0.756730
82.400000  0.934745  0.755244
82.450000  0.946184  0.753765
82.500000  0.958043  0.752810
82.550000  0.969884  0.751862
82.600000  0.982109  0.751451
82.650000  0.994315  0.751048
82.700000  1.006863  0.751195
82.750000  1.019389  0.751350
82.800000  1.032210  0.752069
82.850000  1.045006  0.752796
82.900000  1.058043  0.754102
82.950000  1.071052  0.755415
83.000000  1.084239  0.757323
83.050000  1.097395  0.759236
83.100000  1.110661  0.761759
83.150000  1.123891  0.764288
83.200000  1.137152  0.767441
83.250000  1.150375  0.770598
83.300000  1.163542  0.774393
83.350000  1.176667  0.778193
83.400000  1.189641  0.782642
83.450000  1.202570  0.787095
83.500000  1.215245  0.792209
83.550000  1.227870  0.797324
83.600000  1.240131  0.803110
83.650000  1.252339  0.808895
83.700000  1.264063  0.815357
83.750000  1.275733  0.821816
83.800000  1.286795  0.828953
83.850000  1.297800  0.836085
83.900000  1.308068  0.843892
83.950000  1.318278  0.851691
84.000000  1.327619  0.860157
84.050000  1.336902  0.868611
84.100000  1.345184  0.877715
84.150000  1.353409  0.886804
84.200000  1.360504  0.896519
84.250000  1.367544  0.906215
84.300000  1.373330  0.916504
84.350000  1.379063  0.926768
84.400000  1.383429  0.937582
84.450000  1.387747  0.948367
84.500000  1.390594  0.959645
84.550000  1.393400  0.970890
84.600000  1.394651  0.982562
84.650000  1.395867  0.994195
84.700000  1.395461  1.006176
84.750000  1.395030  1.018113
84.800000  1.392934  1.030307
84.850000  1.390823  1.042453
84.900000  1.387030  1.054752
84.950000  1.383232  1.066999
85.000000  1.377762  1.079287
85.050000  1.372300  1.091518
85.100000  1.365203  1.103669
85.150000  1.358127  1.115761
85.200000  1.349481  1.127644
85.250000  1.340868  1.139467
85.300000  1.330780  1.150949
85.350000  1.320737  1.162370
85.400000  1.309336  1.173318
85.450000  1.297989  1.184206
85.500000  1.285426  1.194490
85.550000  1.272926  1.204719
85.600000  1.259367  1.214218
85.650000  1.245878  1.223666
85.700000  1.231501  1.232271
85.750000  1.217199  1.240829
85.800000  1.202187  1.248441
85.850000  1.187253  1.256014
85.900000  1.171792  1.262553
85.950000  1.156409  1.269060
86.000000  1.140677  1.274462
86.050000  1.125024  1.279841
86.100000  1.109195  1.284063
86.150000  1.093441  1.288269
86.200000  1.077674  1.291285
86.250000  1.061979  1.294294
86.300000  1.046421  1.296099
86.350000  1.030929  1.297904
86.400000  1.015709  1.298507
86.450000  1.000549  1.299119
86.500000  0.985781  1.298550
86.550000  0.971065  1.297996
86.600000  0.956843  1.296296
86.650000  0.942668  1.294618
86.700000  0.929071  1.291843
86.750000  0.915513  1.289094
86.800000  0.902604  1.285308
86.850000  0.889728  1.281553
86.900000  0.877553  1.276829
86.950000  0.865407  1.272139
87.000000  0.854002  1.266556
87.050000  0.842620  1.261008
87.100000  0.832009  1.254648
87.150000  0.821415  1.248325
87.200000  0.811611  1.241273
87.250000  0.801820  1.234257
87.300000  0.792828  1.226596
87.350000  0.783845  1.218973
87.400000  0.775664  1.210787
87.450000  0.767489  1.202638
87.500000  0.760112  1.194009
87.550000  0.752738  1.185417
87.600000  0.746155  1.176423
87.650000  0.739573  1.167464
87.700000  0.733769  1.158181
87.750000  0.727966  1.148930
87.800000  0.722928  1.139428
87.850000  0.717888  1.129957
87.900000  0.713598  1.120301
87.950000  0.709306  1.110676
88.000000  0.705748  1.100929
88.050000  0.702186  1.091211
88.100000  0.699343  1.081431
88.150000  0.696496  1.071676
88.200000  0.694351  1.061915
88.250000  0.692202  1.052178
88.300000  0.690739  1.042484
88.350000  0.689272  1.032812
88.400000  0.688478  1.023228
88.450000  0.687678  1.013665
88.500000  0.687538  1.004233
88.550000  0.687392  0.994819
88.600000  0.687894  0.985573
88.650000  0.688390  0.976345
88.700000  0.689522  0.967319
88.750000  0.690649  0.958309
88.800000  0.692402  0.949532
88.850000  0.694149  0.940770
88.900000  0.696513  0.932268
88.950000  0.698872  0.923780
89.000000  0.701840  0.915577
89.050000  0.704803  0.907388
89.100000  0.708367  0.899506
89.150000  0.711927  0.891636
89.200000  0.716082  0.884094
89.250000  0.720232  0.876564
89.300000  0.724972  0.869380
89.350000  0.729707  0.862207
89.400000  0.735027  0.855397
89.450000  0.740342  0.848598
89.500000  0.746236  0.842177
89.550000  0.752125  0.835765
89.600000  0.758589  0.829747
89.650000  0.765046  0.823737
89.700000  0.772074  0.818134
89.750000  0.779094  0.812540
89.800000  0.786679  0.807365
89.850000  0.794256  0.802198
89.900000  0.802389  0.797462
89.950000  0.810515  0.792734
90.000000  0.819188  0.788449
90.050000  0.827853  0.784172
90.100000  0.837056  0.780350
90.150000  0.846249  0.776535
90.200000  0.855966  0.773186
90.250000  0.865674  0.769845
90.300000  0.875890  0.766981
90.350000  0.886095  0.764126
90.400000  0.896791  0.761759
90.450000  0.907474  0.759400
90.500000  0.918625  0.757543
90.550000  0.929761  0.755694
90.600000  0.941339  0.754358
90.650000  0.952901  0.753031
90.700000  0.964873  0.752230
90.750000  0.976826  0.751438
90.800000  0.989153  0.751186
90.850000  1.001459  0.750941
90.900000  1.014096  0.751251
90.950000  1.026708  0.751569
91.000000  1.039602  0.752456
91.050000  1.052469  0.753350
91.100000  1.065561  0.754827
91.150000  1.078624  0.756312
91.200000  1.091846  0.758395
91.250000  1.105036  0.760485
91.300000  1.118313  0.763188
91.350000  1.131555  0.765897
91.400000  1.144803  0.769233
91.450000  1.158013  0.772575
91.500000  1.171140  0.776558
91.550000  1.184224  0.780545
91.600000  1.197128  0.785186
91.650000  1.209986  0.789829
91.700000  1.222558  0.795137
91.750000  1.235081  0.800446
91.800000  1.247205  0.806427
91.850000  1.259276  0.812408
91.900000  1.270828  0.819065
91.950000  1.282325  0.825720
92.000000  1.293176  0.833053
92.050000  1.303971  0.840380
92.100000  1.313990  0.848380
92.150000  1.323952  0.856371
92.200000  1.333006  0.865025
92.250000  1.342002  0.873667
92.300000  1.349960  0.882953
92.350000  1.357860  0.892223
92.400000  1.364595  0.902110
92.450000  1.371274  0.911977
92.500000  1.376665  0.922426
92.550000  1.382005  0.932849
92.600000  1.385945  0.943807
92.650000  1.389839  0.954735
92.700000  1.392236  0.966139
92.750000  1.394594  0.977507
92.800000  1.395373  0.989282
92.850000  1.396121  1.001016
92.900000  1.395231  1.013073
92.950000  1.394319  1.025085
93.000000  1.391734  1.037326
93.050000  1.389136  1.049516
93.100000  1.384855  1.061830
93.150000  1.380574  1.074090
93.200000  1.374627  1.086356
93.250000  1.368691  1.098566
93.300000  1.361136  1.110658
93.350000  1.353605  1.122691
93.400000  1.344529  1.134477
93.450000  1.335488  1.146203
93.500000  1.325003  1.157550
93.550000  1.314566  1.168836
93.600000  1.302809  1.179610
93.650000  1.291109  1.190326
93.700000  1.278236  1.200401
93.750000  1.265428  1.210421
93.800000  1.251608  1.219678
93.850000  1.237861  1.228884
93.900000  1.223276  1.237216
93.950000  1.208767  1.245503
94.000000  1.193600  1.252817
94.050000  1.178512  1.260094
94.100000  1.162948  1.266314
94.150000  1.147462  1.272504
94.200000  1.131679  1.277573
94.250000  1.115973  1.282619
94.300000  1.100139  1.286497
94.350000  1.084380  1.290362
94.400000  1.068653  1.293030
94.450000  1.052996  1.295693
94.500000  1.037517  1.297150
94.550000  1.022102  1.298610
94.600000  1.006996  1.298872
94.650000  0.991947  1.299145
94.700000  0.977322  1.298245
94.750000  0.962748  1.297361
94.800000  0.948694  1.295345
94.850000  0.934684  1.293351
94.900000  0.921275  1.290276
94.950000  0.907903  1.287229
95.000000  0.895197  1.283163
95.050000  0.882523  1.279129
95.100000  0.870563  1.274147
95.150000  0.858630  1.269200
95.200000  0.847449  1.263382
95.250000  0.836289  1.257600
95.300000  0.825906  1.251029
95.350000  0.815540  1.244495
95.400000  0.805967  1.237255
95.450000  0.796406  1.230053
95.500000  0.787645  1.222229
95.550000  0.778893  1.214443
95.600000  0.770942  1.206118
95.650000  0.762997  1.197830
95.700000  0.755848  1.189084
95.750000  0.748702  1.180375
95.800000  0.742343  1.171287
95.850000  0.735986  1.162233
95.900000  0.730403  1.152876
95.950000  0.724820  1.143552
96.000000  0.719998  1.133995
96.050000  0.715174  1.124470
96.100000  0.711096  1.114778
96.150000  0.707015  1.105117
96.200000  0.703664  1.095352
96.250000  0.700310  1.085614
96.300000  0.697669  1.075831
96.350000  0.695024  1.066073
96.400000  0.693077  1.056323
96.450000  0.691125  1.046597
96.500000  0.689856  1.036927
96.550000  0.688583  1.027279
96.600000  0.687978  1.017732
96.650000  0.687368  1.008206
96.700000  0.687414  0.998820
96.750000  0.687454  0.989454
96.800000  0.688139  0.980265
96.850000  0.688818  0.971094
96.900000  0.690130  0.962134
96.950000  0.691437  0.953190
97.000000  0.693367  0.944487
97.050000  0.695291  0.935799
97.100000  0.697830  0.927378
97.150000  0.700364  0.918971
97.200000  0.703505  0.910857
97.250000  0.706641  0.902755
97.300000  0.710377  0.894967
97.350000  0.714108  0.887191
97.400000  0.718433  0.879748
97.450000  0.722752  0.872317
97.500000  0.727661  0.865238
97.550000  0.732564  0.858168
97.600000  0.738051  0.851467
97.650000  0.743532  0.844776
97.700000  0.749593  0.838468
97.750000  0.755647  0.832169
97.800000  0.762275  0.826267
97.850000  0.768896  0.820375
97.900000  0.776086  0.814892
97.950000  0.783269  0.809418
98.000000  0.791014  0.804366
98.050000  0.798751  0.799323
98.100000  0.807043  0.794714
98.150000  0.815327  0.790114
98.200000  0.824155  0.785960
98.250000  0.832976  0.781813
98.300000  0.842330  0.778125
98.350000  0.851674  0.774444
98.400000  0.861540  0.771233
98.450000  0.871394  0.768029
98.500000  0.881754  0.765306
98.550000  0.892101  0.762591
98.600000  0.902933  0.760369
98.650000  0.913751  0.758155
98.700000  0.925032  0.756446
98.750000  0.936296  0.754745
98.800000  0.947995  0.753561
98.850000  0.959676  0.752385
98.900000  0.971758  0.751741
98.950000  0.983820  0.751104
99.000000  0.996245  0.751011
99.050000  1.008647  0.750927
99.100000  1.021367  0.751401
99.150000  1.034063  0.751883
99.200000  1.047024  0.752938
99.250000  1.059958  0.754000
99.300000  1.073099  0.755650
99.350000  1.086210  0.757307
99.400000  1.099461  0.759568
99.450000  1.112678  0.761834
99.500000  1.125961  0.764718
99.550000  1.139207  0.767608
99.600000  1.152435  0.771129
99.650000  1.165623  0.774656
99.700000  1.178702  0.778827
99.750000  1.191737  0.783003
99.800000  1.204562  0.787835
99.850000  1.217340  0.792670
99.900000  1.229801  0.798172
99.950000  1.242212  0.803675
100.000000  1.254189  0.809852
