   t     nR      nF
0.000000  0.852635  1.200000
0.050000  0.844109  1.198232
0.100000  0.835902  1.196264
0.150000  0.827700  1.194301
0.200000  0.819820  1.192149
0.250000  0.811944  1.190001
0.300000  0.804393  1.187673
0.350000  0.796845  1.185350
0.400000  0.789624  1.182857
0.450000  0.782404  1.180368
0.500000  0.775512  1.177720
0.550000  0.768620  1.175076
0.600000  0.762055  1.172282
0.650000  0.755490  1.169493
0.700000  0.749250  1.166563
0.750000  0.743010  1.163638
0.800000  0.737091  1.160582
0.850000  0.731173  1.157531
0.900000  0.725573  1.154359
0.950000  0.719973  1.151191
1.000000  0.714688  1.147911
1.050000  0.709402  1.144636
1.100000  0.704427  1.141259
1.150000  0.699452  1.137885
1.200000  0.694783  1.134419
1.250000  0.690113  1.130956
1.300000  0.685745  1.127410
1.350000  0.681377  1.123867
1.400000  0.677305  1.120248
1.450000  0.673233  1.116633
1.500000  0.669453  1.112950
1.550000  0.665673  1.109271
1.600000  0.662179  1.105533
1.650000  0.658685  1.101798
1.700000  0.655474  1.098012
1.750000  0.652262  1.094229
1.800000  0.649328  1.090402
1.850000  0.646393  1.086578
1.900000  0.643732  1.082717
1.950000  0.641069  1.078860
2.000000  0.638676  1.074973
2.050000  0.636282  1.071088
2.100000  0.634153  1.067181
2.150000  0.632023  1.063277
2.200000  0.630154  1.059356
2.250000  0.628284  1.055438
2.300000  0.626671  1.051509
2.350000  0.625057  1.047584
2.400000  0.623696  1.043654
2.450000  0.622335  1.039726
2.500000  0.621224  1.035800
2.550000  0.620112  1.031877
2.600000  0.619247  1.027960
2.650000  0.618382  1.024046
2.700000  0.617760  1.020144
2.750000  0.617138  1.016245
2.800000  0.616758  1.012363
2.850000  0.616377  1.008483
2.900000  0.616235  1.004625
2.950000  0.616092  1.000770
3.000000  0.616187  0.996941
3.050000  0.616282  0.993115
3.100000  0.616612  0.989320
3.150000  0.616941  0.985527
3.200000  0.617505  0.981769
3.250000  0.618068  0.978014
3.300000  0.618864  0.974299
3.350000  0.619659  0.970585
3.400000  0.620686  0.966916
3.450000  0.621713  0.963248
3.500000  0.622971  0.959628
3.550000  0.624229  0.956010
3.600000  0.625717  0.952443
3.650000  0.627205  0.948878
3.700000  0.628924  0.945368
3.750000  0.630642  0.941860
3.800000  0.632590  0.938411
3.850000  0.634538  0.934963
3.900000  0.636717  0.931577
3.950000  0.638895  0.928193
4.000000  0.641305  0.924873
4.050000  0.643714  0.921556
4.100000  0.646354  0.918307
4.150000  0.648994  0.915059
4.200000  0.651867  0.911883
4.250000  0.654739  0.908708
4.300000  0.657844  0.905608
4.350000  0.660949  0.902509
4.400000  0.664288  0.899488
4.450000  0.667626  0.896468
4.500000  0.671200  0.893529
4.550000  0.674773  0.890591
4.600000  0.678582  0.887736
4.650000  0.682391  0.884883
4.700000  0.686438  0.882115
4.750000  0.690484  0.879349
4.800000  0.694769  0.876671
4.850000  0.699053  0.873996
4.900000  0.703577  0.871411
4.950000  0.708101  0.868828
5.000000  0.712865  0.866339
5.050000  0.717630  0.863851
5.100000  0.722636  0.861460
5.150000  0.727642  0.859071
5.200000  0.732890  0.856781
5.250000  0.738139  0.854492
5.300000  0.743631  0.852306
5.350000  0.749122  0.850121
5.400000  0.754859  0.848040
5.450000  0.760594  0.845961
5.500000  0.766575  0.843989
5.550000  0.772555  0.842019
5.600000  0.778780  0.840159
5.650000  0.785004  0.838301
5.700000  0.791473  0.836555
5.750000  0.797941  0.834810
5.800000  0.804654  0.833181
5.850000  0.811366  0.831553
5.900000  0.818322  0.830044
5.950000  0.825275  0.828536
6.000000  0.832472  0.827148
6.050000  0.839667  0.825763
6.100000  0.847102  0.824501
6.150000  0.854536  0.823240
6.200000  0.862207  0.822105
6.250000  0.869876  0.820973
6.300000  0.877780  0.819969
6.350000  0.885682  0.818967
6.400000  0.893814  0.818096
6.450000  0.901943  0.817228
6.500000  0.910299  0.816494
6.550000  0.918651  0.815761
6.600000  0.927224  0.815167
6.650000  0.935793  0.814573
6.700000  0.944576  0.814121
6.750000  0.953355  0.813669
6.800000  0.962340  0.813361
6.850000  0.971321  0.813055
6.900000  0.980498  0.812895
6.950000  0.989671  0.812737
7.000000  0.999031  0.812727
7.050000  1.008386  0.812719
7.100000  1.017916  0.812863
7.150000  1.027441  0.813009
7.200000  1.037129  0.813310
7.250000  1.046810  0.813612
7.300000  1.056640  0.814071
7.350000  1.066463  0.814532
7.400000  1.076419  0.815154
7.450000  1.086368  0.815777
7.500000  1.096433  0.816563
7.550000  1.106489  0.817351
7.600000  1.116643  0.818304
7.650000  1.126787  0.819259
7.700000  1.137008  0.820381
7.750000  1.147220  0.821505
7.800000  1.157486  0.822800
7.850000  1.167741  0.824096
7.900000  1.178027  0.825565
7.950000  1.188301  0.827035
8.000000  1.198580  0.828680
8.050000  1.208847  0.830325
8.100000  1.219091  0.832148
8.150000  1.229323  0.833971
8.200000  1.239502  0.835973
8.250000  1.249667  0.837975
8.300000  1.259749  0.840157
8.350000  1.269817  0.842339
8.400000  1.279769  0.844703
8.450000  1.289707  0.847066
8.500000  1.299493  0.849611
8.550000  1.309265  0.852155
8.600000  1.318850  0.854882
8.650000  1.328420  0.857607
8.700000  1.337766  0.860515
8.750000  1.347096  0.863421
8.800000  1.356164  0.866508
8.850000  1.365216  0.869595
8.900000  1.373968  0.872860
8.950000  1.382702  0.876124
9.000000  1.391096  0.879566
9.050000  1.399473  0.883006
9.100000  1.407469  0.886621
9.150000  1.415448  0.890234
9.200000  1.423006  0.894018
9.250000  1.430546  0.897800
9.300000  1.437626  0.901749
9.350000  1.444688  0.905695
9.400000  1.451250  0.909804
9.450000  1.457795  0.913909
9.500000  1.463800  0.918171
9.550000  1.469789  0.922430
9.600000  1.475202  0.926838
9.650000  1.480598  0.931243
9.700000  1.485382  0.935789
9.750000  1.490151  0.940332
9.800000  1.494273  0.945007
9.850000  1.498382  0.949678
9.900000  1.501813  0.954474
9.950000  1.505232  0.959263
10.000000  1.507945  0.964167
10.050000  1.510647  0.969064
10.100000  1.512619  0.974064
10.150000  1.514580  0.979057
10.200000  1.515791  0.984140
10.250000  1.516993  0.989216
10.300000  1.517427  0.994368
10.350000  1.517854  0.999513
10.400000  1.517500  1.004720
10.450000  1.517142  1.009919
10.500000  1.515996  1.015165
10.550000  1.514846  1.020404
10.600000  1.512905  1.025672
10.650000  1.510963  1.030933
10.700000  1.508231  1.036208
10.750000  1.505500  1.041474
10.800000  1.501987  1.046737
10.850000  1.498477  1.051992
10.900000  1.494196  1.057225
10.950000  1.489921  1.062450
11.000000  1.484892  1.067635
11.050000  1.479870  1.072812
11.100000  1.474116  1.077931
11.150000  1.468372  1.083042
11.200000  1.461923  1.088077
11.250000  1.455485  1.093103
11.300000  1.448372  1.098035
11.350000  1.441272  1.102958
11.400000  1.433533  1.107769
11.450000  1.425808  1.112571
11.500000  1.417482  1.117244
11.550000  1.409173  1.121908
11.600000  1.400303  1.126425
11.650000  1.391452  1.130934
11.700000  1.382084  1.135279
11.750000  1.372736  1.139617
11.800000  1.362919  1.143774
11.850000  1.353121  1.147925
11.900000  1.342903  1.151881
11.950000  1.332705  1.155831
12.000000  1.322135  1.159572
12.050000  1.311586  1.163308
12.100000  1.300716  1.166822
12.150000  1.289866  1.170331
12.200000  1.278745  1.173607
12.250000  1.267645  1.176878
12.300000  1.256323  1.179906
12.350000  1.245022  1.182931
12.400000  1.233548  1.185703
12.450000  1.222095  1.188472
12.500000  1.210515  1.190982
12.550000  1.198956  1.193490
12.600000  1.187317  1.195731
12.650000  1.175697  1.197971
12.700000  1.164041  1.199941
12.750000  1.152404  1.201909
12.800000  1.140773  1.203604
12.850000  1.129160  1.205299
12.900000  1.117592  1.206718
12.950000  1.106040  1.208137
13.000000  1.094571  1.209280
13.050000  1.083117  1.210424
13.100000  1.071779  1.211292
13.150000  1.060456  1.212162
13.200000  1.049281  1.212758
13.250000  1.038118  1.213356
13.300000  1.027132  1.213683
13.350000  1.016158  1.214012
13.400000  1.005385  1.214075
13.450000  0.994623  1.214141
13.500000  0.984086  1.213945
13.550000  0.973559  1.213752
13.600000  0.963276  1.213303
13.650000  0.953002  1.212857
13.700000  0.942990  1.212163
13.750000  0.932987  1.211472
13.800000  0.923260  1.210539
13.850000  0.913541  1.209610
13.900000  0.904112  1.208448
13.950000  0.894689  1.207289
14.000000  0.885566  1.205905
14.050000  0.876449  1.204525
14.100000  0.867640  1.202928
14.150000  0.858837  1.201336
14.200000  0.850349  1.199537
14.250000  0.841865  1.197742
14.300000  0.833702  1.195749
14.350000  0.825542  1.193760
14.400000  0.817706  1.191583
14.450000  0.809873  1.189411
14.500000  0.802366  1.187061
14.550000  0.794861  1.184714
14.600000  0.787684  1.182200
14.650000  0.780508  1.179690
14.700000  0.773659  1.177021
14.750000  0.766811  1.174357
14.800000  0.760289  1.171544
14.850000  0.753768  1.168736
14.900000  0.747570  1.165789
14.950000  0.741373  1.162846
15.000000  0.735497  1.159774
15.050000  0.729621  1.156706
15.100000  0.724063  1.153519
15.150000  0.718506  1.150336
15.200000  0.713262  1.147043
15.250000  0.708018  1.143754
15.300000  0.703084  1.140363
15.350000  0.698149  1.136978
15.400000  0.693521  1.133500
15.450000  0.688891  1.130026
15.500000  0.684563  1.126468
15.550000  0.680235  1.122915
15.600000  0.676202  1.119287
15.650000  0.672169  1.115663
15.700000  0.668428  1.111972
15.750000  0.664685  1.108285
15.800000  0.661230  1.104539
15.850000  0.657774  1.100798
15.900000  0.654600  1.097005
15.950000  0.651425  1.093216
16.000000  0.648528  1.089384
16.050000  0.645629  1.085555
16.100000  0.643004  1.081690
16.150000  0.640378  1.077828
16.200000  0.638020  1.073938
16.250000  0.635661  1.070050
16.300000  0.633567  1.066140
16.350000  0.631472  1.062234
16.400000  0.629637  1.058311
16.450000  0.627802  1.054392
16.500000  0.626223  1.050462
16.550000  0.624643  1.046536
16.600000  0.623316  1.042606
16.650000  0.621988  1.038679
16.700000  0.620910  1.034753
16.750000  0.619831  1.030831
16.800000  0.618999  1.026915
16.850000  0.618166  1.023003
16.900000  0.617577  1.019103
16.950000  0.616987  1.015206
17.000000  0.616639  1.011326
17.050000  0.616290  1.007449
17.100000  0.616180  1.003595
17.150000  0.616069  0.999743
17.200000  0.616196  0.995918
17.250000  0.616321  0.992096
17.300000  0.616683  0.988305
17.350000  0.617043  0.984517
17.400000  0.617638  0.980765
17.450000  0.618232  0.977015
17.500000  0.619059  0.973305
17.550000  0.619885  0.969597
17.600000  0.620944  0.965934
17.650000  0.622001  0.962272
17.700000  0.623290  0.958659
17.750000  0.624579  0.955048
17.800000  0.626098  0.951488
17.850000  0.627617  0.947931
17.900000  0.629366  0.944428
17.950000  0.631115  0.940928
18.000000  0.633094  0.937486
18.050000  0.635073  0.934047
18.100000  0.637283  0.930669
18.150000  0.639492  0.927294
18.200000  0.641932  0.923983
18.250000  0.644372  0.920675
18.300000  0.647044  0.917435
18.350000  0.649715  0.914197
18.400000  0.652618  0.911030
18.450000  0.655522  0.907866
18.500000  0.658658  0.904776
18.550000  0.661794  0.901687
18.600000  0.665164  0.898676
18.650000  0.668534  0.895667
18.700000  0.672139  0.892739
18.750000  0.675744  0.889812
18.800000  0.679585  0.886968
18.850000  0.683426  0.884126
18.900000  0.687504  0.881370
18.950000  0.691582  0.878616
19.000000  0.695899  0.875951
19.050000  0.700215  0.873287
19.100000  0.704772  0.870715
19.150000  0.709328  0.868144
19.200000  0.714125  0.865668
19.250000  0.718921  0.863193
19.300000  0.723960  0.860815
19.350000  0.728998  0.858439
19.400000  0.734280  0.856163
19.450000  0.739560  0.853888
19.500000  0.745086  0.851715
19.550000  0.750610  0.849544
19.600000  0.756379  0.847478
19.650000  0.762147  0.845413
19.700000  0.768161  0.843456
19.750000  0.774173  0.841500
19.800000  0.780431  0.839655
19.850000  0.786688  0.837812
19.900000  0.793191  0.836081
19.950000  0.799691  0.834352
20.000000  0.806437  0.832738
20.050000  0.813182  0.831126
20.100000  0.820170  0.829633
20.150000  0.827156  0.828141
20.200000  0.834385  0.826770
20.250000  0.841612  0.825401
20.300000  0.849080  0.824156
20.350000  0.856545  0.822912
20.400000  0.864248  0.821795
20.450000  0.871949  0.820679
20.500000  0.879884  0.819693
20.550000  0.887816  0.818708
20.600000  0.895979  0.817856
20.650000  0.904139  0.817005
20.700000  0.912525  0.816289
20.750000  0.920907  0.815575
20.800000  0.929508  0.814999
20.850000  0.938106  0.814425
20.900000  0.946917  0.813991
20.950000  0.955724  0.813559
21.000000  0.964736  0.813271
21.050000  0.973743  0.812984
21.100000  0.982947  0.812844
21.150000  0.992145  0.812705
21.200000  1.001529  0.812716
21.250000  1.010907  0.812729
21.300000  1.020460  0.812893
21.350000  1.030007  0.813060
21.400000  1.039715  0.813381
21.450000  1.049417  0.813704
21.500000  1.059265  0.814186
21.550000  1.069107  0.814668
21.600000  1.079079  0.815312
21.650000  1.089044  0.815956
21.700000  1.099123  0.816765
21.750000  1.109192  0.817574
21.800000  1.119357  0.818550
21.850000  1.129512  0.819527
21.900000  1.139742  0.820673
21.950000  1.149961  0.821820
22.000000  1.160232  0.823138
22.050000  1.170492  0.824457
22.100000  1.180779  0.825949
22.150000  1.191055  0.827442
22.200000  1.201332  0.829111
22.250000  1.211596  0.830780
22.300000  1.221834  0.832627
22.350000  1.232059  0.834474
22.400000  1.242228  0.836499
22.450000  1.252383  0.838526
22.500000  1.262451  0.840732
22.550000  1.272504  0.842939
22.600000  1.282437  0.845326
22.650000  1.292355  0.847714
22.700000  1.302118  0.850283
22.750000  1.311865  0.852852
22.800000  1.321422  0.855602
22.850000  1.330962  0.858352
22.900000  1.340274  0.861284
22.950000  1.349570  0.864215
23.000000  1.358600  0.867326
23.050000  1.367612  0.870436
23.100000  1.376319  0.873726
23.150000  1.385008  0.877014
23.200000  1.393353  0.880479
23.250000  1.401679  0.883942
23.300000  1.409620  0.887580
23.350000  1.417544  0.891216
23.400000  1.425041  0.895023
23.450000  1.432521  0.898827
23.500000  1.439534  0.902798
23.550000  1.446530  0.906766
23.600000  1.453021  0.910896
23.650000  1.459494  0.915022
23.700000  1.465423  0.919305
23.750000  1.471336  0.923583
23.800000  1.476667  0.928011
23.850000  1.481982  0.932435
23.900000  1.486680  0.936999
23.950000  1.491363  0.941560
24.000000  1.495395  0.946252
24.050000  1.499414  0.950940
24.100000  1.502751  0.955751
24.150000  1.506076  0.960556
24.200000  1.508692  0.965473
24.250000  1.511297  0.970384
24.300000  1.513168  0.975396
24.350000  1.515029  0.980401
24.400000  1.516137  0.985495
24.450000  1.517237  0.990581
24.500000  1.517566  0.995742
24.550000  1.517889  1.000896
24.600000  1.517430  1.006109
24.650000  1.516967  1.011315
24.700000  1.515714  1.016565
24.750000  1.514458  1.021808
24.800000  1.512411  1.027079
24.850000  1.510363  1.032342
24.900000  1.507526  1.037616
24.950000  1.504691  1.042882
25.000000  1.501074  1.048143
25.050000  1.497461  1.053395
25.100000  1.493078  1.058623
25.150000  1.488702  1.063843
25.200000  1.483574  1.069021
25.250000  1.478454  1.074191
25.300000  1.472605  1.079300
25.350000  1.466766  1.084401
25.400000  1.460225  1.089424
25.450000  1.453696  1.094437
25.500000  1.446497  1.099354
25.550000  1.439311  1.104263
25.600000  1.431490  1.109057
25.650000  1.423685  1.113842
25.700000  1.415283  1.118495
25.750000  1.406898  1.123140
25.800000  1.397958  1.127635
25.850000  1.389037  1.132123
25.900000  1.379606  1.136444
25.950000  1.370194  1.140758
26.000000  1.360319  1.144890
26.050000  1.350465  1.149015
26.100000  1.340195  1.152944
26.150000  1.329947  1.156866
26.200000  1.319333  1.160578
26.250000  1.308740  1.164284
26.300000  1.297833  1.167767
26.350000  1.286946  1.171245
26.400000  1.275794  1.174489
26.450000  1.264664  1.177728
26.500000  1.253318  1.180723
26.550000  1.241992  1.183714
26.600000  1.230501  1.186452
26.650000  1.219029  1.189187
26.700000  1.207438  1.191661
26.750000  1.195867  1.194133
26.800000  1.184222  1.196339
26.850000  1.172597  1.198543
26.900000  1.160941  1.200476
26.950000  1.149304  1.202408
27.000000  1.137678  1.204067
27.050000  1.126070  1.205724
27.100000  1.114512  1.207107
27.150000  1.102971  1.208489
27.200000  1.091517  1.209596
27.250000  1.080078  1.210703
27.300000  1.068759  1.211535
27.350000  1.057455  1.212368
27.400000  1.046302  1.212928
27.450000  1.035163  1.213489
27.500000  1.024203  1.213781
27.550000  1.013255  1.214075
27.600000  1.002511  1.214103
27.650000  0.991779  1.214134
27.700000  0.981274  1.213903
27.750000  0.970779  1.213676
27.800000  0.960531  1.213194
27.850000  0.950292  1.212715
27.900000  0.940317  1.211988
27.950000  0.930350  1.211265
28.000000  0.920662  1.210301
28.050000  0.910981  1.209341
28.100000  0.901591  1.208148
28.150000  0.892208  1.206959
28.200000  0.883126  1.205546
28.250000  0.874050  1.204137
28.300000  0.865283  1.202513
28.350000  0.856522  1.200893
28.400000  0.848076  1.199067
28.450000  0.839635  1.197245
28.500000  0.831515  1.195227
28.550000  0.823398  1.193213
28.600000  0.815606  1.191012
28.650000  0.807816  1.188816
28.700000  0.800353  1.186443
28.750000  0.792892  1.184074
28.800000  0.785758  1.181538
28.850000  0.778626  1.179007
28.900000  0.771820  1.176318
28.950000  0.765016  1.173634
29.000000  0.758537  1.170803
29.050000  0.752059  1.167976
29.100000  0.745904  1.165011
29.150000  0.739750  1.162051
29.200000  0.733916  1.158962
29.250000  0.728083  1.155879
29.300000  0.722567  1.152676
29.350000  0.717051  1.149478
29.400000  0.711849  1.146171
29.450000  0.706646  1.142869
29.500000  0.701753  1.139466
29.550000  0.696859  1.136068
29.600000  0.692271  1.132578
29.650000  0.687682  1.129093
29.700000  0.683393  1.125526
29.750000  0.679104  1.121962
29.800000  0.675111  1.118325
29.850000  0.671117  1.114692
29.900000  0.667414  1.110993
29.950000  0.663710  1.107298
30.000000  0.660292  1.103545
30.050000  0.656874  1.099797
30.100000  0.653737  1.095998
30.150000  0.650599  1.092203
30.200000  0.647738  1.088366
30.250000  0.644876  1.084532
30.300000  0.642287  1.080663
30.350000  0.639696  1.076797
30.400000  0.637374  1.072903
30.450000  0.635051  1.069013
30.500000  0.632992  1.065101
30.550000  0.630931  1.061192
30.600000  0.629131  1.057268
30.650000  0.627329  1.053347
30.700000  0.625784  1.049417
30.750000  0.624238  1.045490
30.800000  0.622945  1.041559
30.850000  0.621650  1.037632
30.900000  0.620605  1.033708
30.950000  0.619559  1.029786
31.000000  0.618760  1.025872
31.050000  0.617959  1.021961
31.100000  0.617403  1.018064
31.150000  0.616845  1.014169
31.200000  0.616529  1.010292
31.250000  0.616211  1.006418
31.300000  0.616133  1.002567
31.350000  0.616054  0.998718
31.400000  0.616212  0.994898
31.450000  0.616369  0.991080
31.500000  0.616762  0.987294
31.550000  0.617154  0.983510
31.600000  0.617780  0.979763
31.650000  0.618405  0.976018
31.700000  0.619263  0.972314
31.750000  0.620120  0.968612
31.800000  0.621209  0.964955
31.850000  0.622298  0.961300
31.900000  0.623617  0.957693
31.950000  0.624937  0.954089
32.000000  0.626487  0.950536
32.050000  0.628036  0.946986
32.100000  0.629816  0.943492
32.150000  0.631596  0.939999
32.200000  0.633606  0.936566
32.250000  0.635615  0.933134
32.300000  0.637856  0.929765
32.350000  0.640096  0.926398
32.400000  0.642567  0.923097
32.450000  0.645038  0.919797
32.500000  0.647740  0.916567
32.550000  0.650443  0.913338
32.600000  0.653377  0.910182
32.650000  0.656312  0.907027
32.700000  0.659479  0.903947
32.750000  0.662646  0.900869
32.800000  0.666048  0.897869
32.850000  0.669449  0.894870
32.900000  0.673086  0.891953
32.950000  0.676722  0.889037
33.000000  0.680595  0.886205
33.050000  0.684468  0.883374
33.100000  0.688578  0.880630
33.150000  0.692688  0.877888
33.200000  0.697036  0.875234
33.250000  0.701385  0.872583
33.300000  0.705973  0.870023
33.350000  0.710561  0.867465
33.400000  0.715391  0.865001
33.450000  0.720219  0.862540
33.500000  0.725291  0.860175
33.550000  0.730361  0.857812
33.600000  0.735676  0.855549
33.650000  0.740989  0.853288
33.700000  0.746547  0.851129
33.750000  0.752104  0.848972
33.800000  0.757906  0.846920
33.850000  0.763707  0.844869
33.900000  0.769753  0.842927
33.950000  0.775799  0.840986
34.000000  0.782089  0.839156
34.050000  0.788379  0.837327
34.100000  0.794914  0.835612
34.150000  0.801448  0.833898
34.200000  0.808226  0.832301
34.250000  0.815003  0.830704
34.300000  0.822024  0.829227
34.350000  0.829043  0.827751
34.400000  0.836304  0.826397
34.450000  0.843564  0.825044
34.500000  0.851063  0.823815
34.550000  0.858560  0.822588
34.600000  0.866295  0.821489
34.650000  0.874027  0.820390
34.700000  0.881993  0.819422
34.750000  0.889957  0.818455
34.800000  0.898150  0.817620
34.850000  0.906340  0.816788
34.900000  0.914755  0.816090
34.950000  0.923167  0.815395
35.000000  0.931797  0.814837
35.050000  0.940424  0.814282
35.100000  0.949263  0.813867
35.150000  0.958097  0.813454
35.200000  0.967136  0.813185
35.250000  0.976169  0.812918
35.300000  0.985398  0.812798
35.350000  0.994621  0.812679
35.400000  1.004029  0.812710
35.450000  1.013432  0.812743
35.500000  1.023007  0.812929
35.550000  1.032575  0.813116
35.600000  1.042304  0.813459
35.650000  1.052025  0.813803
35.700000  1.061892  0.814305
35.750000  1.071752  0.814809
35.800000  1.081740  0.815475
35.850000  1.091720  0.816141
35.900000  1.101812  0.816972
35.950000  1.111895  0.817803
36.000000  1.122071  0.818802
36.050000  1.132236  0.819801
36.100000  1.142473  0.820970
36.150000  1.152700  0.822140
36.200000  1.162975  0.823481
36.250000  1.173240  0.824823
36.300000  1.183528  0.826339
36.350000  1.193804  0.827855
36.400000  1.204079  0.829548
36.450000  1.214340  0.831240
36.500000  1.224572  0.833111
36.550000  1.234790  0.834982
36.600000  1.244948  0.837032
36.650000  1.255092  0.839082
36.700000  1.265145  0.841313
36.750000  1.275183  0.843543
36.800000  1.285096  0.845955
36.850000  1.294994  0.848367
36.900000  1.304732  0.850961
36.950000  1.314455  0.853554
37.000000  1.323982  0.856329
37.050000  1.333493  0.859103
37.100000  1.342770  0.862059
37.150000  1.352031  0.865014
37.200000  1.361021  0.868149
37.250000  1.369993  0.871283
37.300000  1.378655  0.874596
37.350000  1.387299  0.877908
37.400000  1.395593  0.881397
37.450000  1.403869  0.884883
37.500000  1.411754  0.888544
37.550000  1.419621  0.892203
37.600000  1.427057  0.896032
37.650000  1.434475  0.899858
37.700000  1.441422  0.903851
37.750000  1.448351  0.907841
37.800000  1.454770  0.911992
37.850000  1.461171  0.916139
37.900000  1.467023  0.920442
37.950000  1.472859  0.924740
38.000000  1.478108  0.929187
38.050000  1.483341  0.933630
38.100000  1.487953  0.938212
38.150000  1.492550  0.942790
38.200000  1.496492  0.947500
38.250000  1.500420  0.952204
38.300000  1.503663  0.957030
38.350000  1.506894  0.961850
38.400000  1.509412  0.966781
38.450000  1.511919  0.971706
38.500000  1.513690  0.976730
38.550000  1.515451  0.981747
38.600000  1.516456  0.986851
38.650000  1.517453  0.991947
38.700000  1.517678  0.997116
38.750000  1.517897  1.002278
38.800000  1.517332  1.007498
38.850000  1.516763  1.012710
38.900000  1.515404  1.017964
38.950000  1.514043  1.023211
39.000000  1.511890  1.028484
39.050000  1.509737  1.033749
39.100000  1.506795  1.039023
39.150000  1.503855  1.044288
39.200000  1.500134  1.049546
39.250000  1.496418  1.054795
39.300000  1.491935  1.060019
39.350000  1.487458  1.065233
39.400000  1.482232  1.070404
39.450000  1.477014  1.075565
39.500000  1.471071  1.080665
39.550000  1.465137  1.085756
39.600000  1.458506  1.090765
39.650000  1.451887  1.095767
39.700000  1.444602  1.100669
39.750000  1.437331  1.105562
39.800000  1.429429  1.110339
39.850000  1.421543  1.115107
39.900000  1.413066  1.119740
39.950000  1.404606  1.124365
40.000000  1.395598  1.128838
40.050000  1.386608  1.133304
40.100000  1.377114  1.137601
40.150000  1.367639  1.141891
40.200000  1.357708  1.145997
40.250000  1.347797  1.150097
40.300000  1.337478  1.153997
40.350000  1.327180  1.157892
40.400000  1.316523  1.161574
40.450000  1.305887  1.165251
40.500000  1.294943  1.168703
40.550000  1.284020  1.172150
40.600000  1.272839  1.175361
40.650000  1.261679  1.178568
40.700000  1.250309  1.181529
40.750000  1.238961  1.184487
40.800000  1.227452  1.187190
40.850000  1.215964  1.189890
40.900000  1.204362  1.192330
40.950000  1.192781  1.194766
41.000000  1.181131  1.196936
41.050000  1.169501  1.199104
41.100000  1.157846  1.201001
41.150000  1.146209  1.202897
41.200000  1.134589  1.204519
41.250000  1.122987  1.206140
41.300000  1.111440  1.207485
41.350000  1.099910  1.208831
41.400000  1.088471  1.209901
41.450000  1.077047  1.210971
41.500000  1.065748  1.211767
41.550000  1.054464  1.212564
41.600000  1.043334  1.213088
41.650000  1.032218  1.213613
41.700000  1.021284  1.213870
41.750000  1.010363  1.214128
41.800000  0.999650  1.214121
41.850000  0.988947  1.214117
41.900000  0.978475  1.213853
41.950000  0.968012  1.213592
42.000000  0.957799  1.213077
42.050000  0.947595  1.212565
42.100000  0.937656  1.211806
42.150000  0.927726  1.211050
42.200000  0.918077  1.210055
42.250000  0.908434  1.209064
42.300000  0.899084  1.207841
42.350000  0.889741  1.206622
42.400000  0.880700  1.205180
42.450000  0.871665  1.203742
42.500000  0.862941  1.202091
42.550000  0.854221  1.200443
42.600000  0.845819  1.198591
42.650000  0.837420  1.196743
42.700000  0.829343  1.194699
42.750000  0.821269  1.192660
42.800000  0.813520  1.190436
42.850000  0.805774  1.188216
42.900000  0.798355  1.185820
42.950000  0.790937  1.183429
43.000000  0.783846  1.180872
43.050000  0.776758  1.178320
43.100000  0.769995  1.175611
43.150000  0.763234  1.172907
43.200000  0.756798  1.170057
43.250000  0.750364  1.167211
43.300000  0.744252  1.164229
43.350000  0.738140  1.161252
43.400000  0.732349  1.158148
43.450000  0.726558  1.155048
43.500000  0.721084  1.151831
43.550000  0.715610  1.148618
43.600000  0.710448  1.145298
43.650000  0.705287  1.141982
43.700000  0.700435  1.138567
43.750000  0.695582  1.135156
43.800000  0.691034  1.131655
43.850000  0.686485  1.128159
43.900000  0.682236  1.124581
43.950000  0.677986  1.121008
44.000000  0.674031  1.117362
44.050000  0.670076  1.113720
44.100000  0.666411  1.110013
44.150000  0.662746  1.106310
44.200000  0.659366  1.102551
44.250000  0.655985  1.098795
44.300000  0.652885  1.094991
44.350000  0.649784  1.091190
44.400000  0.646959  1.087348
44.450000  0.644134  1.083509
44.500000  0.641580  1.079636
44.550000  0.639026  1.075766
44.600000  0.636739  1.071870
44.650000  0.634451  1.067976
44.700000  0.632426  1.064062
44.750000  0.630400  1.060150
44.800000  0.628634  1.056225
44.850000  0.626867  1.052303
44.900000  0.625355  1.048372
44.950000  0.623843  1.044444
45.000000  0.622583  1.040515
45.050000  0.621322  1.036587
45.100000  0.620310  1.032664
45.150000  0.619296  1.028743
45.200000  0.618529  1.024831
45.250000  0.617762  1.020922
45.300000  0.617237  1.017026
45.350000  0.616712  1.013133
45.400000  0.616427  1.009260
45.450000  0.616142  1.005389
45.500000  0.616095  1.001541
45.550000  0.616048  0.997696
45.600000  0.616237  0.993880
45.650000  0.616426  0.990066
45.700000  0.616849  0.986285
45.750000  0.617272  0.982506
45.800000  0.617929  0.978764
45.850000  0.618585  0.975024
45.900000  0.619474  0.971326
45.950000  0.620362  0.967630
46.000000  0.621482  0.963979
46.050000  0.622602  0.960330
46.100000  0.623952  0.956731
46.150000  0.625302  0.953133
46.200000  0.626883  0.949588
46.250000  0.628463  0.946045
46.300000  0.630274  0.942558
46.350000  0.632084  0.939073
46.400000  0.634125  0.935648
46.450000  0.636165  0.932225
46.500000  0.638436  0.928865
46.550000  0.640707  0.925506
46.600000  0.643209  0.922214
46.650000  0.645711  0.918924
46.700000  0.648444  0.915703
46.750000  0.651177  0.912484
46.800000  0.654143  0.909337
46.850000  0.657109  0.906192
46.900000  0.660307  0.903122
46.950000  0.663506  0.900055
47.000000  0.666939  0.897065
47.050000  0.670371  0.894077
47.100000  0.674040  0.891171
47.150000  0.677707  0.888266
47.200000  0.681612  0.885445
47.250000  0.685516  0.882626
47.300000  0.689658  0.879894
47.350000  0.693800  0.877163
47.400000  0.698181  0.874522
47.450000  0.702561  0.871883
47.500000  0.707182  0.869335
47.550000  0.711802  0.866790
47.600000  0.716663  0.864339
47.650000  0.721525  0.861890
47.700000  0.726628  0.859539
47.750000  0.731732  0.857189
47.800000  0.737078  0.854940
47.850000  0.742424  0.852692
47.900000  0.748015  0.850547
47.950000  0.753605  0.848404
48.000000  0.759439  0.846366
48.050000  0.765273  0.844330
48.100000  0.771352  0.842403
48.150000  0.777430  0.840476
48.200000  0.783754  0.838661
48.250000  0.790077  0.836848
48.300000  0.796644  0.835148
48.350000  0.803211  0.833449
48.400000  0.810022  0.831867
48.450000  0.816831  0.830287
48.500000  0.823885  0.828826
48.550000  0.830936  0.827366
48.600000  0.838229  0.826028
48.650000  0.845521  0.824692
48.700000  0.853052  0.823480
48.750000  0.860581  0.822270
48.800000  0.868347  0.821188
48.850000  0.876111  0.820106
48.900000  0.884108  0.819155
48.950000  0.892102  0.818206
49.000000  0.900326  0.817390
49.050000  0.908546  0.816575
49.100000  0.916991  0.815896
49.150000  0.925432  0.815219
49.200000  0.934091  0.814680
49.250000  0.942746  0.814144
49.300000  0.951612  0.813748
49.350000  0.960474  0.813354
49.400000  0.969539  0.813105
49.450000  0.978599  0.812858
49.500000  0.987853  0.812757
49.550000  0.997101  0.812659
49.600000  1.006533  0.812710
49.650000  1.015958  0.812763
49.700000  1.025555  0.812970
49.750000  1.035146  0.813177
49.800000  1.044894  0.813541
49.850000  1.054636  0.813906
49.900000  1.064520  0.814431
49.950000  1.074397  0.814956
50.000000  1.084401  0.815643
50.050000  1.094397  0.816332
50.100000  1.104502  0.817184
50.150000  1.114598  0.818038
50.200000  1.124783  0.819059
50.250000  1.134959  0.820081
50.300000  1.145203  0.821273
50.350000  1.155437  0.822465
50.400000  1.165716  0.823830
50.450000  1.175985  0.825195
50.500000  1.186273  0.826734
50.550000  1.196550  0.828274
50.600000  1.206821  0.829990
50.650000  1.217080  0.831707
50.700000  1.227304  0.833601
50.750000  1.237515  0.835496
50.800000  1.247661  0.837570
50.850000  1.257794  0.839644
50.900000  1.267831  0.841899
50.950000  1.277853  0.844154
51.000000  1.287746  0.846590
51.050000  1.297623  0.849026
51.100000  1.307336  0.851644
51.150000  1.317034  0.854261
51.200000  1.326531  0.857060
51.250000  1.336011  0.859859
51.300000  1.345254  0.862839
51.350000  1.354479  0.865818
51.400000  1.363428  0.868977
51.450000  1.372360  0.872135
51.500000  1.380976  0.875472
51.550000  1.389575  0.878807
51.600000  1.397817  0.882319
51.650000  1.406041  0.885829
51.700000  1.413870  0.889513
51.750000  1.421680  0.893194
51.800000  1.429054  0.897046
51.850000  1.436410  0.900895
51.900000  1.443289  0.904909
51.950000  1.450152  0.908920
52.000000  1.456497  0.913092
52.050000  1.462826  0.917260
52.100000  1.468601  0.921583
52.150000  1.474359  0.925901
52.200000  1.479526  0.930367
52.250000  1.484677  0.934828
52.300000  1.489202  0.939429
52.350000  1.493712  0.944024
52.400000  1.497563  0.948750
52.450000  1.501400  0.953471
52.500000  1.504549  0.958312
52.550000  1.507685  0.963147
52.600000  1.510105  0.968091
52.650000  1.512514  0.973029
52.700000  1.514184  0.978065
52.750000  1.515845  0.983094
52.800000  1.516747  0.988207
52.850000  1.517641  0.993314
52.900000  1.517762  0.998491
52.950000  1.517876  1.003661
53.000000  1.517206  1.008886
53.050000  1.516532  1.014104
53.100000  1.515067  1.019363
53.150000  1.513600  1.024613
53.200000  1.511342  1.029888
53.250000  1.509083  1.035154
53.300000  1.506037  1.040427
53.350000  1.502992  1.045692
53.400000  1.499169  1.050947
53.450000  1.495350  1.056193
53.500000  1.490766  1.061410
53.550000  1.486189  1.066619
53.600000  1.480865  1.071782
53.650000  1.475550  1.076936
53.700000  1.469513  1.082025
53.750000  1.463486  1.087105
53.800000  1.456765  1.092102
53.850000  1.450057  1.097090
53.900000  1.442687  1.101977
53.950000  1.435331  1.106855
54.000000  1.427350  1.111614
54.050000  1.419384  1.116364
54.100000  1.410833  1.120978
54.150000  1.402299  1.125583
54.200000  1.393222  1.130034
54.250000  1.384164  1.134478
54.300000  1.374609  1.138751
54.350000  1.365072  1.143016
54.400000  1.355086  1.147096
54.450000  1.345119  1.151169
54.500000  1.334752  1.155042
54.550000  1.324405  1.158909
54.600000  1.313706  1.162561
54.650000  1.303028  1.166208
54.700000  1.292048  1.169629
54.750000  1.281090  1.173045
54.800000  1.269880  1.176224
54.850000  1.258691  1.179398
54.900000  1.247299  1.182326
54.950000  1.235928  1.185249
55.000000  1.224404  1.187918
55.050000  1.212899  1.190584
55.100000  1.201288  1.192988
55.150000  1.189696  1.195389
55.200000  1.178042  1.197523
55.250000  1.166408  1.199655
55.300000  1.154754  1.201516
55.350000  1.143119  1.203375
55.400000  1.131506  1.204960
55.450000  1.119911  1.206545
55.500000  1.108375  1.207854
55.550000  1.096856  1.209163
55.600000  1.085433  1.210196
55.650000  1.074025  1.211230
55.700000  1.062746  1.211989
55.750000  1.051482  1.212750
55.800000  1.040376  1.213238
55.850000  1.029284  1.213728
55.900000  1.018377  1.213949
55.950000  1.007483  1.214172
56.000000  0.996800  1.214130
56.050000  0.986128  1.214092
56.100000  0.975688  1.213794
56.150000  0.965258  1.213499
56.200000  0.955080  1.212950
56.250000  0.944910  1.212406
56.300000  0.935009  1.211615
56.350000  0.925116  1.210827
56.400000  0.915505  1.209801
56.450000  0.905902  1.208779
56.500000  0.896592  1.207526
56.550000  0.887289  1.206278
56.600000  0.878289  1.204807
56.650000  0.869295  1.203341
56.700000  0.860613  1.201661
56.750000  0.851935  1.199986
56.800000  0.843575  1.198108
56.850000  0.835219  1.196234
56.900000  0.827186  1.194166
56.950000  0.819155  1.192102
57.000000  0.811449  1.189854
57.050000  0.803747  1.187610
57.100000  0.796370  1.185192
57.150000  0.788996  1.182779
57.200000  0.781949  1.180201
57.250000  0.774904  1.177628
57.300000  0.768185  1.174899
57.350000  0.761467  1.172176
57.400000  0.755074  1.169307
57.450000  0.748682  1.166443
57.500000  0.742613  1.163444
57.550000  0.736544  1.160450
57.600000  0.730795  1.157330
57.650000  0.725046  1.154214
57.700000  0.719614  1.150983
57.750000  0.714181  1.147756
57.800000  0.709061  1.144422
57.850000  0.703941  1.141092
57.900000  0.699129  1.137665
57.950000  0.694317  1.134242
58.000000  0.689808  1.130731
58.050000  0.685300  1.127223
58.100000  0.681090  1.123636
58.150000  0.676879  1.120053
58.200000  0.672964  1.116398
58.250000  0.669047  1.112747
58.300000  0.665420  1.109032
58.350000  0.661793  1.105322
58.400000  0.658450  1.101556
58.450000  0.655107  1.097794
58.500000  0.652044  1.093983
58.550000  0.648980  1.090177
58.600000  0.646192  1.086330
58.650000  0.643402  1.082486
58.700000  0.640884  1.078610
58.750000  0.638365  1.074736
58.800000  0.636113  1.070836
58.850000  0.633860  1.066940
58.900000  0.631870  1.063023
58.950000  0.629879  1.059110
59.000000  0.628147  1.055184
59.050000  0.626414  1.051260
59.100000  0.624936  1.047329
59.150000  0.623457  1.043401
59.200000  0.622230  1.039471
59.250000  0.621002  1.035544
59.300000  0.620023  1.031622
59.350000  0.619043  1.027702
59.400000  0.618308  1.023792
59.450000  0.617573  1.019884
59.500000  0.617080  1.015991
59.550000  0.616587  1.012100
59.600000  0.616334  1.008230
59.650000  0.616080  1.004362
59.700000  0.616065  1.000518
59.750000  0.616049  0.996677
59.800000  0.616270  0.992864
59.850000  0.616490  0.989055
59.900000  0.616945  0.985278
59.950000  0.617399  0.981504
60.000000  0.618087  0.977768
60.050000  0.618774  0.974034
60.100000  0.619694  0.970341
60.150000  0.620613  0.966651
60.200000  0.621763  0.963006
60.250000  0.622913  0.959364
60.300000  0.624295  0.955771
60.350000  0.625675  0.952180
60.400000  0.627286  0.948643
60.450000  0.628897  0.945107
60.500000  0.630739  0.941628
60.550000  0.632580  0.938151
60.600000  0.634651  0.934734
60.650000  0.636722  0.931319
60.700000  0.639024  0.927968
60.750000  0.641326  0.924618
60.800000  0.643859  0.921335
60.850000  0.646391  0.918054
60.900000  0.649156  0.914842
60.950000  0.651920  0.911633
61.000000  0.654916  0.908496
61.050000  0.657913  0.905361
61.100000  0.661143  0.902302
61.150000  0.664372  0.899244
61.200000  0.667837  0.896265
61.250000  0.671301  0.893288
61.300000  0.675000  0.890393
61.350000  0.678700  0.887499
61.400000  0.682636  0.884690
61.450000  0.686572  0.881882
61.500000  0.690745  0.879162
61.550000  0.694919  0.876443
61.600000  0.699332  0.873814
61.650000  0.703744  0.871187
61.700000  0.708397  0.868652
61.750000  0.713049  0.866119
61.800000  0.717943  0.863681
61.850000  0.722837  0.861245
61.900000  0.727973  0.858907
61.950000  0.733108  0.856571
62.000000  0.738488  0.854335
62.050000  0.743866  0.852101
62.100000  0.749490  0.849970
62.150000  0.755112  0.847841
62.200000  0.760979  0.845817
62.250000  0.766846  0.843796
62.300000  0.772958  0.841883
62.350000  0.779069  0.839971
62.400000  0.785425  0.838171
62.450000  0.791780  0.836373
62.500000  0.798381  0.834688
62.550000  0.804980  0.833005
62.600000  0.811823  0.831439
62.650000  0.818666  0.829875
62.700000  0.825751  0.828430
62.750000  0.832835  0.826986
62.800000  0.840160  0.825665
62.850000  0.847484  0.824345
62.900000  0.855047  0.823150
62.950000  0.862607  0.821957
63.000000  0.870405  0.820892
63.050000  0.878200  0.819828
63.100000  0.886228  0.818894
63.150000  0.894253  0.817963
63.200000  0.902506  0.817164
63.250000  0.910757  0.816368
63.300000  0.919231  0.815707
63.350000  0.927701  0.815049
63.400000  0.936389  0.814529
63.450000  0.945072  0.814011
63.500000  0.953966  0.813635
63.550000  0.962855  0.813260
63.600000  0.971946  0.813030
63.650000  0.981033  0.812802
63.700000  0.990311  0.812722
63.750000  0.999584  0.812643
63.800000  1.009039  0.812715
63.850000  1.018488  0.812789
63.900000  1.028106  0.813016
63.950000  1.037718  0.813244
64.000000  1.047486  0.813629
64.050000  1.057247  0.814016
64.100000  1.067149  0.814561
64.150000  1.077044  0.815108
64.200000  1.087063  0.815817
64.250000  1.097074  0.816528
64.300000  1.107191  0.817403
64.350000  1.117300  0.818279
64.400000  1.127495  0.819322
64.450000  1.137681  0.820367
64.500000  1.147931  0.821581
64.550000  1.158172  0.822797
64.600000  1.168455  0.824184
64.650000  1.178726  0.825572
64.700000  1.189015  0.827135
64.750000  1.199292  0.828699
64.800000  1.209559  0.830438
64.850000  1.219814  0.832178
64.900000  1.230030  0.834097
64.950000  1.240233  0.836015
65.000000  1.250368  0.838113
65.050000  1.260489  0.840212
65.100000  1.270509  0.842491
65.150000  1.280515  0.844770
65.200000  1.290387  0.847230
65.250000  1.300243  0.849690
65.300000  1.309930  0.852332
65.350000  1.319602  0.854974
65.400000  1.329068  0.857797
65.450000  1.338518  0.860620
65.500000  1.347724  0.863624
65.550000  1.356914  0.866627
65.600000  1.365822  0.869810
65.650000  1.374713  0.872992
65.700000  1.383282  0.876353
65.750000  1.391834  0.879712
65.800000  1.400024  0.883247
65.850000  1.408197  0.886780
65.900000  1.415967  0.890486
65.950000  1.423721  0.894191
66.000000  1.431032  0.898064
66.050000  1.438325  0.901935
66.100000  1.445137  0.905971
66.150000  1.451931  0.910004
66.200000  1.458203  0.914196
66.250000  1.464459  0.918385
66.300000  1.470156  0.922727
66.350000  1.475836  0.927066
66.400000  1.480920  0.931550
66.450000  1.485988  0.936030
66.500000  1.490425  0.940648
66.550000  1.494848  0.945261
66.600000  1.498608  0.950003
66.650000  1.502354  0.954740
66.700000  1.505408  0.959595
66.750000  1.508449  0.964445
66.800000  1.510771  0.969403
66.850000  1.513082  0.974354
66.900000  1.514651  0.979401
66.950000  1.516211  0.984442
67.000000  1.517010  0.989565
67.050000  1.517802  0.994681
67.100000  1.517818  0.999866
67.150000  1.517828  1.005043
67.200000  1.517052  1.010275
67.250000  1.516273  1.015498
67.300000  1.514702  1.020760
67.350000  1.513130  1.026014
67.400000  1.510766  1.031290
67.450000  1.508402  1.036557
67.500000  1.505252  1.041830
67.550000  1.502103  1.047093
67.600000  1.498178  1.052345
67.650000  1.494257  1.057587
67.700000  1.489573  1.062799
67.750000  1.484896  1.068002
67.800000  1.479475  1.073156
67.850000  1.474063  1.078302
67.900000  1.467933  1.083380
67.950000  1.461813  1.088449
68.000000  1.455003  1.093433
68.050000  1.448206  1.098408
68.100000  1.440752  1.103279
68.150000  1.433312  1.108142
68.200000  1.425252  1.112883
68.250000  1.417207  1.117615
68.300000  1.408583  1.122208
68.350000  1.399976  1.126794
68.400000  1.390832  1.131222
68.450000  1.381707  1.135643
68.500000  1.372090  1.139892
68.550000  1.362493  1.144133
68.600000  1.352452  1.148187
68.650000  1.342432  1.152233
68.700000  1.332016  1.156078
68.750000  1.321621  1.159916
68.800000  1.310881  1.163539
68.850000  1.300162  1.167156
68.900000  1.289148  1.170546
68.950000  1.278155  1.173930
69.000000  1.266917  1.177076
69.050000  1.255700  1.180218
69.100000  1.244287  1.183112
69.150000  1.232895  1.186002
69.200000  1.221355  1.188636
69.250000  1.209835  1.191267
69.300000  1.198215  1.193636
69.350000  1.186614  1.196002
69.400000  1.174957  1.198099
69.450000  1.163319  1.200196
69.500000  1.151668  1.202020
69.550000  1.140035  1.203843
69.600000  1.128429  1.205391
69.650000  1.116841  1.206939
69.700000  1.105317  1.208212
69.750000  1.093810  1.209484
69.800000  1.082404  1.210481
69.850000  1.071012  1.211478
69.900000  1.059754  1.212202
69.950000  1.048510  1.212926
70.000000  1.037428  1.213378
70.050000  1.026360  1.213833
70.100000  1.015482  1.214018
70.150000  1.004615  1.214206
70.200000  0.993962  1.214130
70.250000  0.983320  1.214057
70.300000  0.972913  1.213725
70.350000  0.962517  1.213397
70.400000  0.952374  1.212816
70.450000  0.942240  1.212238
70.500000  0.932376  1.211415
70.550000  0.922520  1.210596
70.600000  0.912948  1.209539
70.650000  0.903383  1.208486
70.700000  0.894113  1.207204
70.750000  0.884850  1.205926
70.800000  0.875892  1.204427
70.850000  0.866939  1.202932
70.900000  0.858299  1.201226
70.950000  0.849664  1.199524
71.000000  0.841346  1.197619
71.050000  0.833033  1.195719
71.100000  0.825042  1.193626
71.150000  0.817055  1.191538
71.200000  0.809393  1.189266
71.250000  0.801733  1.187000
71.300000  0.794400  1.184560
71.350000  0.787070  1.182124
71.400000  0.780066  1.179525
71.450000  0.773064  1.176931
71.500000  0.766388  1.174184
71.550000  0.759713  1.171441
71.600000  0.753363  1.168554
71.650000  0.747014  1.165672
71.700000  0.740987  1.162656
71.750000  0.734961  1.159645
71.800000  0.729254  1.156509
71.850000  0.723547  1.153378
71.900000  0.718157  1.150132
71.950000  0.712766  1.146890
72.000000  0.707687  1.143543
72.050000  0.702608  1.140201
72.100000  0.697836  1.136762
72.150000  0.693064  1.133327
72.200000  0.688596  1.129804
72.250000  0.684127  1.126286
72.300000  0.679956  1.122689
72.350000  0.675785  1.119096
72.400000  0.671908  1.115433
72.450000  0.668030  1.111773
72.500000  0.664441  1.108051
72.550000  0.660851  1.104333
72.600000  0.657546  1.100560
72.650000  0.654240  1.096792
72.700000  0.651214  1.092976
72.750000  0.648186  1.089164
72.800000  0.645434  1.085312
72.850000  0.642681  1.081464
72.900000  0.640199  1.077584
72.950000  0.637715  1.073707
73.000000  0.635498  1.069804
73.050000  0.633280  1.065905
73.100000  0.631325  1.061986
73.150000  0.629368  1.058071
73.200000  0.627670  1.054143
73.250000  0.625971  1.050218
73.300000  0.624526  1.046287
73.350000  0.623081  1.042358
73.400000  0.621887  1.038429
73.450000  0.620692  1.034503
73.500000  0.619746  1.030581
73.550000  0.618798  1.026662
73.600000  0.618096  1.022754
73.650000  0.617392  1.018848
73.700000  0.616932  1.014958
73.750000  0.616471  1.011070
73.800000  0.616250  1.007202
73.850000  0.616028  1.003337
73.900000  0.616044  0.999497
73.950000  0.616060  0.995659
74.000000  0.616311  0.991852
74.050000  0.616563  0.988046
74.100000  0.617048  0.984274
74.150000  0.617534  0.980505
74.200000  0.618252  0.976774
74.250000  0.618970  0.973045
74.300000  0.619921  0.969359
74.350000  0.620871  0.965675
74.400000  0.622052  0.962037
74.450000  0.623233  0.958401
74.500000  0.624645  0.954815
74.550000  0.626056  0.951231
74.600000  0.627698  0.947701
74.650000  0.629339  0.944172
74.700000  0.631211  0.940701
74.750000  0.633083  0.937232
74.800000  0.635185  0.933824
74.850000  0.637287  0.930417
74.900000  0.639619  0.927074
74.950000  0.641952  0.923733
75.000000  0.644515  0.920459
75.050000  0.647079  0.917187
75.100000  0.649874  0.913985
75.150000  0.652669  0.910785
75.200000  0.655697  0.907659
75.250000  0.658724  0.904533
75.300000  0.661985  0.901485
75.350000  0.665246  0.898437
75.400000  0.668742  0.895470
75.450000  0.672237  0.892503
75.500000  0.675968  0.889619
75.550000  0.679699  0.886736
75.600000  0.683667  0.883938
75.650000  0.687634  0.881142
75.700000  0.691840  0.878434
75.750000  0.696045  0.875727
75.800000  0.700490  0.873110
75.850000  0.704934  0.870495
75.900000  0.709619  0.867973
75.950000  0.714303  0.865453
76.000000  0.719230  0.863028
76.050000  0.724155  0.860605
76.100000  0.729324  0.858280
76.150000  0.734492  0.855957
76.200000  0.739904  0.853735
76.250000  0.745315  0.851514
76.300000  0.750971  0.849397
76.350000  0.756626  0.847282
76.400000  0.762526  0.845273
76.450000  0.768425  0.843266
76.500000  0.774570  0.841368
76.550000  0.780713  0.839471
76.600000  0.787102  0.837686
76.650000  0.793490  0.835903
76.700000  0.800123  0.834233
76.750000  0.806755  0.832566
76.800000  0.813631  0.831016
76.850000  0.820506  0.829467
76.900000  0.827623  0.828038
76.950000  0.834739  0.826611
77.000000  0.842097  0.825306
77.050000  0.849452  0.824003
77.100000  0.857047  0.822825
77.150000  0.864639  0.821649
77.200000  0.872468  0.820600
77.250000  0.880294  0.819554
77.300000  0.888353  0.818638
77.350000  0.896408  0.817724
77.400000  0.904692  0.816944
77.450000  0.912972  0.816166
77.500000  0.921476  0.815524
77.550000  0.929975  0.814883
77.600000  0.938691  0.814382
77.650000  0.947403  0.813883
77.700000  0.956324  0.813526
77.750000  0.965240  0.813171
77.800000  0.974357  0.812961
77.850000  0.983469  0.812752
77.900000  0.992772  0.812692
77.950000  1.002070  0.812633
78.000000  1.011548  0.812726
78.050000  1.021020  0.812820
78.100000  1.030659  0.813068
78.150000  1.040293  0.813317
78.200000  1.050080  0.813723
78.250000  1.059860  0.814130
78.300000  1.069779  0.814698
78.350000  1.079691  0.815266
78.400000  1.089725  0.815997
78.450000  1.099751  0.816729
78.500000  1.109880  0.817626
78.550000  1.120001  0.818525
78.600000  1.130205  0.819591
78.650000  1.140400  0.820658
78.700000  1.150658  0.821895
78.750000  1.160904  0.823134
78.800000  1.171190  0.824544
78.850000  1.181465  0.825956
78.900000  1.191753  0.827542
78.950000  1.202029  0.829129
79.000000  1.212292  0.830892
79.050000  1.222542  0.832656
79.100000  1.232751  0.834598
79.150000  1.242946  0.836541
79.200000  1.253068  0.838663
79.250000  1.263176  0.840785
79.300000  1.273179  0.843088
79.350000  1.283168  0.845391
79.400000  1.293018  0.847876
79.450000  1.302853  0.850360
79.500000  1.312514  0.853027
79.550000  1.322159  0.855692
79.600000  1.331594  0.858540
79.650000  1.341012  0.861387
79.700000  1.350182  0.864415
79.750000  1.359335  0.867442
79.800000  1.368201  0.870649
79.850000  1.377050  0.873855
79.900000  1.385572  0.877239
79.950000  1.394077  0.880621
80.000000  1.402214  0.884179
80.050000  1.410335  0.887736
80.100000  1.418047  0.891465
80.150000  1.425743  0.895191
80.200000  1.432990  0.899087
80.250000  1.440221  0.902980
80.300000  1.446963  0.907037
80.350000  1.453689  0.911091
80.400000  1.459888  0.915304
80.450000  1.466070  0.919514
80.500000  1.471688  0.923876
80.550000  1.477289  0.928233
80.600000  1.482290  0.932736
80.650000  1.487275  0.937235
80.700000  1.491625  0.941870
80.750000  1.495960  0.946501
80.800000  1.499628  0.951259
80.850000  1.503283  0.956011
80.900000  1.506241  0.960881
80.950000  1.509187  0.965746
81.000000  1.511410  0.970716
81.050000  1.513623  0.975681
81.100000  1.515091  0.980739
81.150000  1.516550  0.985791
81.200000  1.517246  0.990923
81.250000  1.517935  0.996049
81.300000  1.517846  1.001241
81.350000  1.517752  1.006426
81.400000  1.516871  1.011663
81.450000  1.515986  1.016892
81.500000  1.514310  1.022157
81.550000  1.512632  1.027414
81.600000  1.510163  1.032690
81.650000  1.507695  1.037959
81.700000  1.504440  1.043230
81.750000  1.501188  1.048492
81.800000  1.497161  1.053740
81.850000  1.493138  1.058978
81.900000  1.488354  1.064184
81.950000  1.483578  1.069381
82.000000  1.478061  1.074527
82.050000  1.472553  1.079663
82.100000  1.466330  1.084731
82.150000  1.460118  1.089789
82.200000  1.453220  1.094759
82.250000  1.446335  1.099721
82.300000  1.438797  1.104576
82.350000  1.431274  1.109423
82.400000  1.423136  1.114145
82.450000  1.415013  1.118860
82.500000  1.406317  1.123432
82.550000  1.397638  1.127997
82.600000  1.388428  1.132403
82.650000  1.379236  1.136801
82.700000  1.369559  1.141025
82.750000  1.359902  1.145242
82.800000  1.349808  1.149269
82.850000  1.339734  1.153289
82.900000  1.329271  1.157105
82.950000  1.318830  1.160915
83.000000  1.308049  1.164508
83.050000  1.297290  1.168095
83.100000  1.286243  1.171453
83.150000  1.275216  1.174806
83.200000  1.263951  1.177919
83.250000  1.252707  1.181028
83.300000  1.241273  1.183888
83.350000  1.229861  1.186745
83.400000  1.218306  1.189344
83.450000  1.206773  1.191941
83.500000  1.195144  1.194273
83.550000  1.183534  1.196604
83.600000  1.171875  1.198666
83.650000  1.160234  1.200726
83.700000  1.148586  1.202514
83.750000  1.136956  1.204300
83.800000  1.125358  1.205812
83.850000  1.113777  1.207324
83.900000  1.102267  1.208560
83.950000  1.090772  1.209796
84.000000  1.079383  1.210756
84.050000  1.068008  1.211717
84.100000  1.056771  1.212404
84.150000  1.045548  1.213092
84.200000  1.034491  1.213509
84.250000  1.023448  1.213928
84.300000  1.012597  1.214079
84.350000  1.001758  1.214231
84.400000  0.991136  1.214121
84.450000  0.980525  1.214014
84.500000  0.970152  1.213648
84.550000  0.959788  1.213286
84.600000  0.949681  1.212673
84.650000  0.939582  1.212062
84.700000  0.929756  1.211208
84.750000  0.919937  1.210357
84.800000  0.910404  1.209270
84.850000  0.900878  1.208186
84.900000  0.891649  1.206875
84.950000  0.882426  1.205567
85.000000  0.873509  1.204040
85.050000  0.864598  1.202517
85.100000  0.856000  1.200783
85.150000  0.847406  1.199054
85.200000  0.839132  1.197124
85.250000  0.830861  1.195198
85.300000  0.822913  1.193081
85.350000  0.814969  1.190968
85.400000  0.807350  1.188674
85.450000  0.799734  1.186384
85.500000  0.792444  1.183922
85.550000  0.785157  1.181464
85.600000  0.778197  1.178845
85.650000  0.771238  1.176230
85.700000  0.764605  1.173464
85.750000  0.757973  1.170701
85.800000  0.751666  1.167797
85.850000  0.745360  1.164897
85.900000  0.739376  1.161864
85.950000  0.733392  1.158836
86.000000  0.727727  1.155685
86.050000  0.722062  1.152538
86.100000  0.716712  1.149278
86.150000  0.711363  1.146023
86.200000  0.706325  1.142663
86.250000  0.701287  1.139307
86.300000  0.696556  1.135856
86.350000  0.691824  1.132410
86.400000  0.687395  1.128877
86.450000  0.682966  1.125348
86.500000  0.678834  1.121741
86.550000  0.674702  1.118138
86.600000  0.670863  1.114467
86.650000  0.667024  1.110798
86.700000  0.663473  1.107069
86.750000  0.659921  1.103344
86.800000  0.656653  1.099565
86.850000  0.653384  1.095789
86.900000  0.650394  1.091968
86.950000  0.647404  1.088151
87.000000  0.644687  1.084295
87.050000  0.641970  1.080442
87.100000  0.639523  1.076558
87.150000  0.637075  1.072677
87.200000  0.634893  1.068772
87.250000  0.632710  1.064870
87.300000  0.630789  1.060950
87.350000  0.628867  1.057033
87.400000  0.627202  1.053104
87.450000  0.625537  1.049178
87.500000  0.624126  1.045246
87.550000  0.622714  1.041317
87.600000  0.621553  1.037389
87.650000  0.620391  1.033463
87.700000  0.619477  1.029543
87.750000  0.618562  1.025625
87.800000  0.617892  1.021718
87.850000  0.617221  1.017814
87.900000  0.616793  1.013926
87.950000  0.616363  1.010041
88.000000  0.616174  1.006177
88.050000  0.615983  1.002315
88.100000  0.616031  0.998478
88.150000  0.616078  0.994645
88.200000  0.616361  0.990841
88.250000  0.616643  0.987040
88.300000  0.617160  0.983273
88.350000  0.617676  0.979509
88.400000  0.618426  0.975784
88.450000  0.619175  0.972060
88.500000  0.620156  0.968380
88.550000  0.621136  0.964702
88.600000  0.622348  0.961070
88.650000  0.623560  0.957441
88.700000  0.625002  0.953862
88.750000  0.626444  0.950285
88.800000  0.628117  0.946762
88.850000  0.629789  0.943241
88.900000  0.631691  0.939778
88.950000  0.633593  0.936317
89.000000  0.635726  0.932917
89.050000  0.637858  0.929518
89.100000  0.640222  0.926184
89.150000  0.642585  0.922852
89.200000  0.645179  0.919587
89.250000  0.647773  0.916324
89.300000  0.650600  0.913132
89.350000  0.653425  0.909942
89.400000  0.656484  0.906825
89.450000  0.659543  0.903710
89.500000  0.662835  0.900672
89.550000  0.666127  0.897635
89.600000  0.669654  0.894678
89.650000  0.673180  0.891722
89.700000  0.676943  0.888849
89.750000  0.680705  0.885977
89.800000  0.684704  0.883191
89.850000  0.688703  0.880407
89.900000  0.692941  0.877710
89.950000  0.697178  0.875015
90.000000  0.701654  0.872410
90.050000  0.706131  0.869808
90.100000  0.710848  0.867298
90.150000  0.715564  0.864790
90.200000  0.720523  0.862379
90.250000  0.725481  0.859968
90.300000  0.730682  0.857657
90.350000  0.735882  0.855347
90.400000  0.741327  0.853139
90.450000  0.746770  0.850932
90.500000  0.752459  0.848829
90.550000  0.758146  0.846728
90.600000  0.764079  0.844733
90.650000  0.770011  0.842741
90.700000  0.776188  0.840857
90.750000  0.782364  0.838975
90.800000  0.788786  0.837205
90.850000  0.795207  0.835437
90.900000  0.801872  0.833783
90.950000  0.808536  0.832131
91.000000  0.815445  0.830597
91.050000  0.822352  0.829064
91.100000  0.829502  0.827651
91.150000  0.836650  0.826240
91.200000  0.844040  0.824952
91.250000  0.851427  0.823665
91.300000  0.859053  0.822505
91.350000  0.866677  0.821345
91.400000  0.874537  0.820314
91.450000  0.882394  0.819285
91.500000  0.890483  0.818387
91.550000  0.898569  0.817491
91.600000  0.906883  0.816729
91.650000  0.915193  0.815968
91.700000  0.923725  0.815345
91.750000  0.932254  0.814723
91.800000  0.940998  0.814241
91.850000  0.949737  0.813761
91.900000  0.958685  0.813423
91.950000  0.967629  0.813087
92.000000  0.976772  0.812897
92.050000  0.985909  0.812708
92.100000  0.995237  0.812668
92.150000  1.004559  0.812629
92.200000  1.014059  0.812742
92.250000  1.023554  0.812856
92.300000  1.033215  0.813125
92.350000  1.042869  0.813395
92.400000  1.052675  0.813822
92.450000  1.062474  0.814251
92.500000  1.072411  0.814839
92.550000  1.082339  0.815429
92.600000  1.092387  0.816182
92.650000  1.102427  0.816936
92.700000  1.112569  0.817856
92.750000  1.122701  0.818776
92.800000  1.132915  0.819865
92.850000  1.143119  0.820955
92.900000  1.153382  0.822215
92.950000  1.163634  0.823476
93.000000  1.173923  0.824910
93.050000  1.184200  0.826345
93.100000  1.194487  0.827954
93.150000  1.204762  0.829564
93.200000  1.215020  0.831351
93.250000  1.225266  0.833139
93.300000  1.235465  0.835105
93.350000  1.245651  0.837071
93.400000  1.255760  0.839218
93.450000  1.265856  0.841364
93.500000  1.275842  0.843691
93.550000  1.285813  0.846018
93.600000  1.295641  0.848527
93.650000  1.305453  0.851036
93.700000  1.315087  0.853726
93.750000  1.324705  0.856416
93.800000  1.334108  0.859288
93.850000  1.343494  0.862159
93.900000  1.352627  0.865211
93.950000  1.361743  0.868262
94.000000  1.370566  0.871493
94.050000  1.379372  0.874722
94.100000  1.387847  0.878130
94.150000  1.396303  0.881535
94.200000  1.404388  0.885117
94.250000  1.412455  0.888696
94.300000  1.420109  0.892448
94.350000  1.427746  0.896197
94.400000  1.434929  0.900114
94.450000  1.442096  0.904029
94.500000  1.448769  0.908108
94.550000  1.455426  0.912183
94.600000  1.461550  0.916416
94.650000  1.467659  0.920646
94.700000  1.473197  0.925027
94.750000  1.478719  0.929405
94.800000  1.483636  0.933926
94.850000  1.488537  0.938443
94.900000  1.492799  0.943095
94.950000  1.497046  0.947743
95.000000  1.500622  0.952517
95.050000  1.504185  0.957285
95.100000  1.507047  0.962170
95.150000  1.509898  0.967048
95.200000  1.512023  0.972032
95.250000  1.514137  0.977009
95.300000  1.515504  0.982078
95.350000  1.516862  0.987141
95.400000  1.517454  0.992282
95.450000  1.518040  0.997417
95.500000  1.517847  1.002616
95.550000  1.517648  1.007808
95.600000  1.516662  1.013050
95.650000  1.515672  1.018284
95.700000  1.513890  1.023552
95.750000  1.512108  1.028812
95.800000  1.509534  1.034089
95.850000  1.506961  1.039358
95.900000  1.503603  1.044628
95.950000  1.500247  1.049888
96.000000  1.496118  1.055132
96.050000  1.491994  1.060366
96.100000  1.487111  1.065565
96.150000  1.482236  1.070756
96.200000  1.476624  1.075893
96.250000  1.471020  1.081021
96.300000  1.464705  1.086076
96.350000  1.458402  1.091123
96.400000  1.451416  1.096080
96.450000  1.444443  1.101028
96.500000  1.436823  1.105867
96.550000  1.429218  1.110697
96.600000  1.421002  1.115401
96.650000  1.412803  1.120097
96.700000  1.404035  1.124649
96.750000  1.395284  1.129193
96.800000  1.386009  1.133576
96.850000  1.376752  1.137952
96.900000  1.367016  1.142150
96.950000  1.357300  1.146342
97.000000  1.347153  1.150342
97.050000  1.337026  1.154336
97.100000  1.326518  1.158123
97.150000  1.316030  1.161904
97.200000  1.305211  1.165467
97.250000  1.294412  1.169024
97.300000  1.283332  1.172350
97.350000  1.272273  1.175672
97.400000  1.260982  1.178752
97.450000  1.249712  1.181829
97.500000  1.238259  1.184655
97.550000  1.226826  1.187477
97.600000  1.215258  1.190042
97.650000  1.203711  1.192604
97.700000  1.192074  1.194901
97.750000  1.180458  1.197196
97.800000  1.168796  1.199222
97.850000  1.157154  1.201246
97.900000  1.145509  1.202997
97.950000  1.133882  1.204748
98.000000  1.122293  1.206223
98.050000  1.110721  1.207698
98.100000  1.099224  1.208897
98.150000  1.087742  1.210097
98.200000  1.076370  1.211021
98.250000  1.065014  1.211946
98.300000  1.053798  1.212597
98.350000  1.042596  1.213249
98.400000  1.031565  1.213630
98.450000  1.020546  1.214014
98.500000  1.009724  1.214129
98.550000  0.998913  1.214247
98.600000  0.988322  1.214103
98.650000  0.977742  1.213961
98.700000  0.967402  1.213563
98.750000  0.957072  1.213167
98.800000  0.947001  1.212521
98.850000  0.936938  1.211878
98.900000  0.927149  1.210992
98.950000  0.917368  1.210110
99.000000  0.907874  1.208993
99.050000  0.898387  1.207879
99.100000  0.889199  1.206538
99.150000  0.880016  1.205201
99.200000  0.871141  1.203646
99.250000  0.862270  1.202095
99.300000  0.853715  1.200335
99.350000  0.845163  1.198579
99.400000  0.836931  1.196623
99.450000  0.828703  1.194672
99.500000  0.820799  1.192530
99.550000  0.812897  1.190393
99.600000  0.805322  1.188075
99.650000  0.797749  1.185763
99.700000  0.790503  1.183279
99.750000  0.783259  1.180800
99.800000  0.776341  1.178160
99.850000  0.769426  1.175525
99.900000  0.762836  1.172740
99.950000  0.756247  1.169958
100.000000  0.749983  1.167036
