   t     nR      nF
0.000000  0.800000  0.800000
0.050000  0.808000  0.793600
0.100000  0.816677  0.787810
0.150000  0.825342  0.782033
0.200000  0.834667  0.776883
0.250000  0.843978  0.771745
0.300000  0.853931  0.767250
0.350000  0.863869  0.762768
0.400000  0.874425  0.758944
0.450000  0.884964  0.755131
0.500000  0.896095  0.751994
0.550000  0.907207  0.748869
0.600000  0.918878  0.746435
0.650000  0.930527  0.744013
0.700000  0.942698  0.742300
0.750000  0.954845  0.740598
0.800000  0.967467  0.739625
0.850000  0.980062  0.738662
0.900000  0.993079  0.738446
0.950000  1.006067  0.738242
1.000000  1.019414  0.738805
1.050000  1.032727  0.739378
1.100000  1.046329  0.740740
1.150000  1.059893  0.742113
1.200000  1.073662  0.744296
1.250000  1.087389  0.746489
1.300000  1.101229  0.749515
1.350000  1.115021  0.752550
1.400000  1.128820  0.756440
1.450000  1.142567  0.760338
1.500000  1.156203  0.765112
1.550000  1.169782  0.769892
1.600000  1.183121  0.775569
1.650000  1.196397  0.781250
1.700000  1.209292  0.787844
1.750000  1.222120  0.794439
1.800000  1.234414  0.801960
1.850000  1.246637  0.809480
1.900000  1.258165  0.817932
1.950000  1.269618  0.826379
2.000000  1.280208  0.835757
2.050000  1.290721  0.845124
2.100000  1.300198  0.855412
2.150000  1.309598  0.865684
2.200000  1.317788  0.876854
2.250000  1.325902  0.888000
2.300000  1.332638  0.900006
2.350000  1.339301  0.911981
2.400000  1.344427  0.924761
2.450000  1.349485  0.937501
2.500000  1.352861  0.950972
2.550000  1.356177  0.964394
2.600000  1.357690  0.978452
2.650000  1.359153  0.992451
2.700000  1.358716  1.006967
2.750000  1.358242  1.021415
2.800000  1.355807  1.036240
2.850000  1.353350  1.050988
2.900000  1.348907  1.065949
2.950000  1.344459  1.080826
3.000000  1.338040  1.095733
3.050000  1.331635  1.110549
3.100000  1.323319  1.125197
3.150000  1.315035  1.139749
3.200000  1.304941  1.153922
3.250000  1.294898  1.167997
3.300000  1.283187  1.181477
3.350000  1.271544  1.194860
3.400000  1.258410  1.207434
3.450000  1.245358  1.219914
3.500000  1.231023  1.231379
3.550000  1.216781  1.242758
3.600000  1.201484  1.252932
3.650000  1.186290  1.263029
3.700000  1.170281  1.271755
3.750000  1.154380  1.280417
3.800000  1.137911  1.287568
3.850000  1.121549  1.294671
3.900000  1.104862  1.300158
3.950000  1.088280  1.305611
4.000000  1.071603  1.309378
4.050000  1.055026  1.313129
4.100000  1.038567  1.315159
4.150000  1.022201  1.317188
4.200000  1.006144  1.317498
4.250000  0.990171  1.317822
4.300000  0.974674  1.316462
4.350000  0.959252  1.315129
4.400000  0.944445  1.312175
4.450000  0.929704  1.309259
4.500000  0.915693  1.304812
4.550000  0.901738  1.300412
4.600000  0.888604  1.294590
4.650000  0.875515  1.288821
4.700000  0.863317  1.281755
4.750000  0.851155  1.274747
4.800000  0.839932  1.266575
4.850000  0.828737  1.258466
4.900000  0.818512  1.249333
4.950000  0.808308  1.240264
5.000000  0.799091  1.230313
5.050000  0.789889  1.220426
5.100000  0.781680  1.209799
5.150000  0.773480  1.199234
5.200000  0.766270  1.188067
5.250000  0.759064  1.176960
5.300000  0.752837  1.165382
5.350000  0.746612  1.153860
5.400000  0.741350  1.141992
5.450000  0.736087  1.130177
5.500000  0.731768  1.118130
5.550000  0.727446  1.106133
5.600000  0.724047  1.094012
5.650000  0.720644  1.081936
5.700000  0.718143  1.069832
5.750000  0.715635  1.057770
5.800000  0.714008  1.045769
5.850000  0.712374  1.033805
5.900000  0.711600  1.021981
5.950000  0.710818  1.010191
6.000000  0.710876  0.998610
6.050000  0.710925  0.987061
6.100000  0.711796  0.975784
6.150000  0.712657  0.964535
6.200000  0.714323  0.953611
6.250000  0.715980  0.942714
6.300000  0.718425  0.932191
6.350000  0.720860  0.921692
6.400000  0.724070  0.911609
6.450000  0.727270  0.901547
6.500000  0.731230  0.891939
6.550000  0.735181  0.882350
6.600000  0.739879  0.873246
6.650000  0.744568  0.864160
6.700000  0.749993  0.855587
6.750000  0.755409  0.847031
6.800000  0.761549  0.839013
6.850000  0.767679  0.831010
6.900000  0.774522  0.823568
6.950000  0.781354  0.816140
7.000000  0.788888  0.809292
7.050000  0.796410  0.802458
7.100000  0.804620  0.796222
7.150000  0.812818  0.790000
7.200000  0.821689  0.784393
7.250000  0.830547  0.778798
7.300000  0.840061  0.773835
7.350000  0.849561  0.768884
7.400000  0.859696  0.764581
7.450000  0.869815  0.760290
7.500000  0.880546  0.756663
7.550000  0.891260  0.753048
7.600000  0.902556  0.750112
7.650000  0.913833  0.747188
7.700000  0.925659  0.744962
7.750000  0.937463  0.742746
7.800000  0.949775  0.741246
7.850000  0.962063  0.739756
7.900000  0.974813  0.739001
7.950000  0.987534  0.738256
8.000000  1.000661  0.738264
8.050000  1.013756  0.738284
8.100000  1.027192  0.739077
8.150000  1.040593  0.739881
8.200000  1.054260  0.741479
8.250000  1.067888  0.743089
8.300000  1.081695  0.745515
8.350000  1.095459  0.747951
8.400000  1.109306  0.751227
8.450000  1.123105  0.754512
8.500000  1.136877  0.758658
8.550000  1.150596  0.762811
8.600000  1.164168  0.767848
8.650000  1.177681  0.772890
8.700000  1.190914  0.778834
8.750000  1.204084  0.784782
8.800000  1.216828  0.791647
8.850000  1.229505  0.798513
8.900000  1.241601  0.806308
8.950000  1.253626  0.814100
9.000000  1.264906  0.822826
9.050000  1.276112  0.831545
9.100000  1.286403  0.841194
9.150000  1.296617  0.850831
9.200000  1.305744  0.861384
9.250000  1.314794  0.871918
9.300000  1.322584  0.883342
9.350000  1.330299  0.894740
9.400000  1.336587  0.906984
9.450000  1.342803  0.919195
9.500000  1.347438  0.932193
9.550000  1.352006  0.945148
9.600000  1.354854  0.958808
9.650000  1.357644  0.972418
9.700000  1.358598  0.986631
9.750000  1.359507  1.000783
9.800000  1.358492  1.015414
9.850000  1.357445  1.029975
9.900000  1.354423  1.044867
9.950000  1.351385  1.059680
10.000000  1.346358  1.074655
10.050000  1.341332  1.089544
10.100000  1.334347  1.104407
10.150000  1.327382  1.119177
10.200000  1.318528  1.133719
10.250000  1.309712  1.148163
10.300000  1.299123  1.162167
10.350000  1.288589  1.176072
10.400000  1.276434  1.189319
10.450000  1.264352  1.202469
10.500000  1.250835  1.214749
10.550000  1.237404  1.226937
10.600000  1.222754  1.238051
10.650000  1.208200  1.249082
10.700000  1.192660  1.258856
10.750000  1.177223  1.268557
10.800000  1.161045  1.276841
10.850000  1.144973  1.285066
10.900000  1.128405  1.291745
10.950000  1.111945  1.298380
11.000000  1.095227  1.303373
11.050000  1.078614  1.308338
11.100000  1.061969  1.311601
11.150000  1.045424  1.314853
11.200000  1.029054  1.316379
11.250000  1.012775  1.317909
11.300000  0.996857  1.317726
11.350000  0.981020  1.317561
11.400000  0.965704  1.315726
11.450000  0.950459  1.313921
11.500000  0.935867  1.310518
11.550000  0.921336  1.307156
11.600000  0.907567  1.302292
11.650000  0.893850  1.297477
11.700000  0.880977  1.291274
11.750000  0.868147  1.285126
11.800000  0.856224  1.277718
11.850000  0.844335  1.270370
11.900000  0.833396  1.261898
11.950000  0.822483  1.253489
12.000000  0.812547  1.244097
12.050000  0.802630  1.234768
12.100000  0.793704  1.224600
12.150000  0.784790  1.214495
12.200000  0.776870  1.203691
12.250000  0.768958  1.192947
12.300000  0.762033  1.181641
12.350000  0.755113  1.170393
12.400000  0.749167  1.158712
12.450000  0.743222  1.147086
12.500000  0.738235  1.135148
12.550000  0.733246  1.123262
12.600000  0.729197  1.111177
12.650000  0.725143  1.099141
12.700000  0.722008  1.087009
12.750000  0.718867  1.074922
12.800000  0.716622  1.062833
12.850000  0.714370  1.050786
12.900000  0.712994  1.038822
12.950000  0.711610  1.026896
13.000000  0.711080  1.015130
13.050000  0.710542  1.003399
13.100000  0.710838  0.991895
13.150000  0.711126  0.980422
13.200000  0.712231  0.969238
13.250000  0.713326  0.958081
13.300000  0.715221  0.947265
13.350000  0.717107  0.936475
13.400000  0.719776  0.926071
13.450000  0.722437  0.915691
13.500000  0.725867  0.905738
13.550000  0.729288  0.895807
13.600000  0.733466  0.886338
13.650000  0.737634  0.876888
13.700000  0.742547  0.867933
13.750000  0.747450  0.858995
13.800000  0.753086  0.850578
13.850000  0.758713  0.842177
13.900000  0.765061  0.834321
13.950000  0.771398  0.826480
14.000000  0.778446  0.819206
14.050000  0.785483  0.811946
14.100000  0.793217  0.805272
14.150000  0.800940  0.798611
14.200000  0.809347  0.792554
14.250000  0.817742  0.786510
14.300000  0.826805  0.781087
14.350000  0.835855  0.775675
14.400000  0.845555  0.770901
14.450000  0.855241  0.766138
14.500000  0.865556  0.762028
14.550000  0.875855  0.757930
14.600000  0.886758  0.754501
14.650000  0.897643  0.751083
14.700000  0.909102  0.748351
14.750000  0.920541  0.745630
14.800000  0.932518  0.743611
14.850000  0.944472  0.741604
14.900000  0.956923  0.740316
14.950000  0.969347  0.739041
15.000000  0.982219  0.738504
15.050000  0.995061  0.737979
15.100000  1.008291  0.738213
15.150000  1.021489  0.738457
15.200000  1.035008  0.739482
15.250000  1.048489  0.740518
15.300000  1.062214  0.742355
15.350000  1.075898  0.744202
15.400000  1.089735  0.746873
15.450000  1.103527  0.749554
15.500000  1.117373  0.753081
15.550000  1.131168  0.756617
15.600000  1.144903  0.761021
15.650000  1.158584  0.765432
15.700000  1.172080  0.770732
15.750000  1.185516  0.776037
15.800000  1.198631  0.782249
15.850000  1.211681  0.788464
15.900000  1.224263  0.795601
15.950000  1.236775  0.802738
16.000000  1.248660  0.810807
16.050000  1.260471  0.818871
16.100000  1.271490  0.827870
16.150000  1.282433  0.836860
16.200000  1.292412  0.846779
16.250000  1.302313  0.856683
16.300000  1.311076  0.867497
16.350000  1.319762  0.878292
16.400000  1.327139  0.889965
16.450000  1.334440  0.901611
16.500000  1.340268  0.914088
16.550000  1.346026  0.926529
16.600000  1.350158  0.939736
16.650000  1.354226  0.952898
16.700000  1.356536  0.966739
16.750000  1.358792  0.980527
16.800000  1.359182  0.994884
16.850000  1.359530  1.009178
16.900000  1.357935  1.023910
16.950000  1.356311  1.038570
17.000000  1.352703  1.053515
17.050000  1.349084  1.068378
17.100000  1.343479  1.083351
17.150000  1.337880  1.098235
17.200000  1.330336  1.113036
17.250000  1.322817  1.127744
17.300000  1.313438  1.142161
17.350000  1.304102  1.156481
17.400000  1.293031  1.170296
17.450000  1.282021  1.184013
17.500000  1.269440  1.197009
17.550000  1.256936  1.209910
17.600000  1.243056  1.221879
17.650000  1.229265  1.233758
17.700000  1.214321  1.244507
17.750000  1.199475  1.255176
17.800000  1.183713  1.264538
17.850000  1.168056  1.273830
17.900000  1.151728  1.281664
17.950000  1.135508  1.289442
18.000000  1.118862  1.295642
18.050000  1.102323  1.301802
18.100000  1.085593  1.306298
18.150000  1.068968  1.310771
18.200000  1.052373  1.313530
18.250000  1.035875  1.316282
18.300000  1.019610  1.317308
18.350000  1.003434  1.318341
18.400000  0.987667  1.317670
18.450000  0.971979  1.317020
18.500000  0.956853  1.314718
18.550000  0.941796  1.312449
18.600000  0.927427  1.308607
18.650000  0.913116  1.304808
18.700000  0.899594  1.299537
18.750000  0.886121  1.294318
18.800000  0.873514  1.287746
18.850000  0.860947  1.281230
18.900000  0.849302  1.273493
18.950000  0.837688  1.265816
19.000000  0.827034  1.257056
19.050000  0.816405  1.248359
19.100000  0.806758  1.238721
19.150000  0.797129  1.229146
19.200000  0.788492  1.218772
19.250000  0.779867  1.208461
19.300000  0.772235  1.197491
19.350000  0.764610  1.186581
19.400000  0.757969  1.175146
19.450000  0.751331  1.163769
19.500000  0.745665  1.151994
19.550000  0.739998  1.140275
19.600000  0.735284  1.128276
19.650000  0.730568  1.116330
19.700000  0.726786  1.104214
19.750000  0.722999  1.092147
19.800000  0.720123  1.080012
19.850000  0.717242  1.067922
19.900000  0.715252  1.055855
19.950000  0.713254  1.043829
20.000000  0.712126  1.031910
20.050000  0.710989  1.020028
20.100000  0.710702  1.008326
20.150000  0.710406  0.996658
20.200000  0.710939  0.985236
20.250000  0.711464  0.973845
20.300000  0.712800  0.962757
20.350000  0.714127  0.951697
20.400000  0.716249  0.940992
20.450000  0.718363  0.930312
20.500000  0.721256  0.920031
20.550000  0.724139  0.909773
20.600000  0.727789  0.899953
20.650000  0.731430  0.890154
20.700000  0.735824  0.880828
20.750000  0.740208  0.871520
20.800000  0.745334  0.862715
20.850000  0.750450  0.853927
20.900000  0.756296  0.845667
20.950000  0.762132  0.837423
21.000000  0.768686  0.829731
21.050000  0.775231  0.822054
21.100000  0.782481  0.814950
21.150000  0.789721  0.807859
21.200000  0.797655  0.801360
21.250000  0.805577  0.794873
21.300000  0.814180  0.788996
21.350000  0.822769  0.783132
21.400000  0.832023  0.777893
21.450000  0.841263  0.772666
21.500000  0.851148  0.768081
21.550000  0.861018  0.763507
21.600000  0.871510  0.759591
21.650000  0.881986  0.755687
21.700000  0.893058  0.752457
21.750000  0.904112  0.749238
21.800000  0.915730  0.746709
21.850000  0.927327  0.744192
21.900000  0.939452  0.742383
21.950000  0.951552  0.740585
22.000000  0.964136  0.739512
22.050000  0.976694  0.738452
22.100000  0.989682  0.738136
22.150000  1.002640  0.737831
22.200000  1.015968  0.738291
22.250000  1.029262  0.738763
22.300000  1.042856  0.740021
22.350000  1.056412  0.741289
22.400000  1.070186  0.743366
22.450000  1.083919  0.745453
22.500000  1.097777  0.748371
22.550000  1.111589  0.751298
22.600000  1.125423  0.755078
22.650000  1.139205  0.758866
22.700000  1.152893  0.763529
22.750000  1.166524  0.768198
22.800000  1.179933  0.773763
22.850000  1.193280  0.779332
22.900000  1.206265  0.785813
22.950000  1.219183  0.792296
23.000000  1.231588  0.799706
23.050000  1.243922  0.807114
23.100000  1.255581  0.815455
23.150000  1.267167  0.823792
23.200000  1.277910  0.833063
23.250000  1.288576  0.842323
23.300000  1.298228  0.852509
23.350000  1.307801  0.862678
23.400000  1.316186  0.873751
23.450000  1.324495  0.884802
23.500000  1.331444  0.896720
23.550000  1.338320  0.908609
23.600000  1.343675  0.921312
23.650000  1.348962  0.933978
23.700000  1.352582  0.947386
23.750000  1.356140  0.960747
23.800000  1.357905  0.974759
23.850000  1.359619  0.988714
23.900000  1.359439  1.003204
23.950000  1.359222  1.017627
24.000000  1.357043  1.032448
24.050000  1.354842  1.047193
24.100000  1.350649  1.062175
24.150000  1.346451  1.077073
24.200000  1.340272  1.092027
24.250000  1.334105  1.106891
24.300000  1.326012  1.121613
24.350000  1.317949  1.136239
24.400000  1.308056  1.150514
24.450000  1.298212  1.164691
24.500000  1.286676  1.178300
24.550000  1.275205  1.191812
24.600000  1.262216  1.204539
24.650000  1.249307  1.217173
24.700000  1.235084  1.228815
24.750000  1.220954  1.240370
24.800000  1.205736  1.250740
24.850000  1.190620  1.261033
24.900000  1.174657  1.269971
24.950000  1.158801  1.278843
25.000000  1.142344  1.286217
25.050000  1.125997  1.293541
25.100000  1.109292  1.299256
25.150000  1.092694  1.304936
25.200000  1.075972  1.308932
25.250000  1.059352  1.312910
25.300000  1.042824  1.315166
25.350000  1.026390  1.317419
25.400000  1.010244  1.317948
25.450000  0.994184  1.318488
25.500000  0.978580  1.317334
25.550000  0.963054  1.316206
25.600000  0.948128  1.313444
25.650000  0.933269  1.310719
25.700000  0.919130  1.306447
25.750000  0.905047  1.302221
25.800000  0.891777  1.296555
25.850000  0.878554  1.290942
25.900000  0.866217  1.284012
25.950000  0.853916  1.277141
26.000000  0.842551  1.269087
26.050000  0.831215  1.261094
26.100000  0.820848  1.252058
26.150000  0.810503  1.243086
26.200000  0.801146  1.233214
26.250000  0.791804  1.223404
26.300000  0.783457  1.212837
26.350000  0.775120  1.202332
26.400000  0.767774  1.191206
26.450000  0.760434  1.180141
26.500000  0.754075  1.168589
26.550000  0.747719  1.157093
26.600000  0.742329  1.145236
26.650000  0.736939  1.133432
26.700000  0.732496  1.121383
26.750000  0.728050  1.109384
26.800000  0.724532  1.097247
26.850000  0.721009  1.085157
26.900000  0.718393  1.073027
26.950000  0.715769  1.060940
27.000000  0.714031  1.048903
27.050000  0.712285  1.036905
27.100000  0.711402  1.025036
27.150000  0.710511  1.013203
27.200000  0.710464  1.001571
27.250000  0.710408  0.989972
27.300000  0.711176  0.978636
27.350000  0.711936  0.967330
27.400000  0.713502  0.956344
27.450000  0.715060  0.945385
27.500000  0.717407  0.934794
27.550000  0.719746  0.924227
27.600000  0.722861  0.914072
27.650000  0.725967  0.903939
27.700000  0.729835  0.894256
27.750000  0.733694  0.884592
27.800000  0.738302  0.875410
27.850000  0.742902  0.866246
27.900000  0.748239  0.857593
27.950000  0.753567  0.848957
28.000000  0.759621  0.840856
28.050000  0.765665  0.832771
28.100000  0.772425  0.825244
28.150000  0.779174  0.817732
28.200000  0.786627  0.810798
28.250000  0.794068  0.803878
28.300000  0.802200  0.797555
28.350000  0.810320  0.791245
28.400000  0.819116  0.785548
28.450000  0.827899  0.779864
28.500000  0.837341  0.774811
28.550000  0.846769  0.769770
28.600000  0.856836  0.765375
28.650000  0.866888  0.760992
28.700000  0.877556  0.757271
28.750000  0.888206  0.753562
28.800000  0.899445  0.750531
28.850000  0.910664  0.747513
28.900000  0.922438  0.745189
28.950000  0.934190  0.742877
29.000000  0.946458  0.741278
29.050000  0.958701  0.739690
29.100000  0.971414  0.738834
29.150000  0.984099  0.737989
29.200000  0.997198  0.737895
29.250000  1.010267  0.737813
29.300000  1.023686  0.738501
29.350000  1.037071  0.739201
29.400000  1.050733  0.740694
29.450000  1.064356  0.742197
29.500000  1.078172  0.744515
29.550000  1.091945  0.746843
29.600000  1.105816  0.750008
29.650000  1.119638  0.753183
29.700000  1.133450  0.757217
29.750000  1.147209  0.761259
29.800000  1.160839  0.766182
29.850000  1.174410  0.771111
29.900000  1.187720  0.776941
29.950000  1.200966  0.782775
30.000000  1.213808  0.789526
30.050000  1.226581  0.796278
30.100000  1.238796  0.803960
30.150000  1.250938  0.811639
30.200000  1.262359  0.820254
30.250000  1.273704  0.828862
30.300000  1.284157  0.838403
30.350000  1.294532  0.847932
30.400000  1.303842  0.858382
30.450000  1.313075  0.868815
30.500000  1.321068  0.880142
30.550000  1.328985  0.891446
30.600000  1.335495  0.903604
30.650000  1.341931  0.915730
30.700000  1.346803  0.928654
30.750000  1.351607  0.941536
30.800000  1.354705  0.955138
30.850000  1.357744  0.968689
30.900000  1.358956  0.982861
30.950000  1.360121  0.996973
31.000000  1.359368  1.011583
31.050000  1.358581  1.026125
31.100000  1.355819  1.041019
31.150000  1.353038  1.055836
31.200000  1.348264  1.070839
31.250000  1.343488  1.085757
31.300000  1.336742  1.100675
31.350000  1.330014  1.115501
31.400000  1.321381  1.130125
31.450000  1.312783  1.144653
31.500000  1.302391  1.158768
31.550000  1.292052  1.172784
31.600000  1.280066  1.186169
31.650000  1.268151  1.199457
31.700000  1.254772  1.211900
31.750000  1.241478  1.224250
31.800000  1.226932  1.235550
31.850000  1.212482  1.246765
31.900000  1.197012  1.256743
31.950000  1.181646  1.266647
32.000000  1.165504  1.275150
32.050000  1.149470  1.283591
32.100000  1.132906  1.290498
32.150000  1.116451  1.297359
32.200000  1.099707  1.302585
32.250000  1.083070  1.307780
32.300000  1.066373  1.311275
32.350000  1.049776  1.314757
32.400000  1.033330  1.316511
32.450000  1.016977  1.318266
32.500000  1.000963  1.318301
32.550000  0.985033  1.318352
32.600000  0.969605  1.316723
32.650000  0.954250  1.315122
32.700000  0.939534  1.311909
32.750000  0.924882  1.308736
32.800000  0.910980  1.304045
32.850000  0.897131  1.299401
32.900000  0.884119  1.293351
32.950000  0.871152  1.287356
33.000000  0.859086  1.280081
33.050000  0.847056  1.272866
33.100000  0.835973  1.264507
33.150000  0.824917  1.256211
33.200000  0.814838  1.246912
33.250000  0.804778  1.237677
33.300000  0.795710  1.227582
33.350000  0.786656  1.217551
33.400000  0.778596  1.206801
33.450000  0.770546  1.196114
33.500000  0.763485  1.184845
33.550000  0.756429  1.173636
33.600000  0.750351  1.161976
33.650000  0.744274  1.150373
33.700000  0.739159  1.138442
33.750000  0.734042  1.126563
33.800000  0.729868  1.114472
33.850000  0.725691  1.102430
33.900000  0.722435  1.090280
33.950000  0.719174  1.078175
34.000000  0.716813  1.066057
34.050000  0.714446  1.053982
34.100000  0.712956  1.041980
34.150000  0.711460  1.030016
34.200000  0.710821  1.018204
34.250000  0.710174  1.006426
34.300000  0.710365  0.994869
34.350000  0.710547  0.983343
34.400000  0.711548  0.972098
34.450000  0.712541  0.960882
34.500000  0.714335  0.950001
34.550000  0.716121  0.939146
34.600000  0.718693  0.928673
34.650000  0.721257  0.918223
34.700000  0.724592  0.908197
34.750000  0.727918  0.898192
34.800000  0.732002  0.888646
34.850000  0.736078  0.879120
34.900000  0.740900  0.870085
34.950000  0.745713  0.861067
35.000000  0.751261  0.852568
35.050000  0.756799  0.844085
35.100000  0.763060  0.836145
35.150000  0.769312  0.828221
35.200000  0.776275  0.820860
35.250000  0.783228  0.813515
35.300000  0.790881  0.806753
35.350000  0.798523  0.800004
35.400000  0.806851  0.793858
35.450000  0.815168  0.787725
35.500000  0.824155  0.782210
35.550000  0.833130  0.776708
35.600000  0.842759  0.771842
35.650000  0.852373  0.766987
35.700000  0.862620  0.762783
35.750000  0.872851  0.758592
35.800000  0.883691  0.755067
35.850000  0.894514  0.751554
35.900000  0.905915  0.748725
35.950000  0.917297  0.745907
36.000000  0.929223  0.743790
36.050000  0.941127  0.741684
36.100000  0.953534  0.740296
36.150000  0.965916  0.738920
36.200000  0.978752  0.738282
36.250000  0.991560  0.737654
36.300000  1.004765  0.737784
36.350000  1.017938  0.737924
36.400000  1.031443  0.738842
36.450000  1.044911  0.739772
36.500000  1.058634  0.741500
36.550000  1.072317  0.743239
36.600000  1.086167  0.745800
36.650000  1.099972  0.748371
36.700000  1.113846  0.751786
36.750000  1.127669  0.755209
36.800000  1.141450  0.759499
36.850000  1.155176  0.763796
36.900000  1.168736  0.768981
36.950000  1.182236  0.774171
37.000000  1.195434  0.780267
37.050000  1.208568  0.786367
37.100000  1.221253  0.793388
37.150000  1.233869  0.800410
37.200000  1.245880  0.808364
37.250000  1.257818  0.816314
37.300000  1.268984  0.825200
37.350000  1.280075  0.834079
37.400000  1.290223  0.843889
37.450000  1.300294  0.853685
37.500000  1.309249  0.864397
37.550000  1.318125  0.875090
37.600000  1.325713  0.886668
37.650000  1.333226  0.898220
37.700000  1.339283  0.910613
37.750000  1.345269  0.922971
37.800000  1.349645  0.936107
37.850000  1.353957  0.949199
37.900000  1.356523  0.962985
37.950000  1.359034  0.976718
38.000000  1.359688  0.991039
38.050000  1.360297  1.005298
38.100000  1.358967  1.020015
38.150000  1.357607  1.034661
38.200000  1.354261  1.049616
38.250000  1.350902  1.064489
38.300000  1.345549  1.079498
38.350000  1.340201  1.094419
38.400000  1.332895  1.109284
38.450000  1.325612  1.124055
38.500000  1.316451  1.138564
38.550000  1.307330  1.152976
38.600000  1.296451  1.166912
38.650000  1.285632  1.180749
38.700000  1.273214  1.193893
38.750000  1.260870  1.206940
38.800000  1.247121  1.219081
38.850000  1.233460  1.231131
38.900000  1.218612  1.242075
38.950000  1.203862  1.252936
39.000000  1.188162  1.262509
39.050000  1.172567  1.272011
39.100000  1.156267  1.280069
39.150000  1.140075  1.288071
39.200000  1.123425  1.294503
39.250000  1.106882  1.300894
39.300000  1.090119  1.305627
39.350000  1.073461  1.310333
39.400000  1.056806  1.313328
39.450000  1.040250  1.316312
39.500000  1.023902  1.317566
39.550000  1.007644  1.318826
39.600000  0.991776  1.318373
39.650000  0.975988  1.317939
39.700000  0.960745  1.315841
39.750000  0.945573  1.313775
39.800000  0.931076  1.310120
39.850000  0.916638  1.306508
39.900000  0.902980  1.301407
39.950000  0.889372  1.296357
40.000000  0.876623  1.289934
40.050000  0.863915  1.283568
40.100000  0.852125  1.275960
40.150000  0.840367  1.268413
40.200000  0.829568  1.259762
40.250000  0.818794  1.251174
40.300000  0.809002  1.241624
40.350000  0.799229  1.232138
40.400000  0.790449  1.221834
40.450000  0.781682  1.211593
40.500000  0.773909  1.200673
40.550000  0.766144  1.189815
40.600000  0.759367  1.178413
40.650000  0.752593  1.167071
40.700000  0.746793  1.155314
40.750000  0.740994  1.143613
40.800000  0.736152  1.131618
40.850000  0.731307  1.119675
40.900000  0.727400  1.107550
40.950000  0.723488  1.095473
41.000000  0.720492  1.083317
41.050000  0.717491  1.071205
41.100000  0.715383  1.059107
41.150000  0.713269  1.047049
41.200000  0.712027  1.035089
41.250000  0.710778  1.023166
41.300000  0.710381  1.011415
41.350000  0.709975  0.999698
41.400000  0.710402  0.988221
41.450000  0.710821  0.976773
41.500000  0.712053  0.965624
41.550000  0.713277  0.954502
41.600000  0.715299  0.943729
41.650000  0.717311  0.932982
41.700000  0.720106  0.922630
41.750000  0.722892  0.912300
41.800000  0.726446  0.902405
41.850000  0.729990  0.892531
41.900000  0.734291  0.883126
41.950000  0.738582  0.873740
42.000000  0.743616  0.864853
42.050000  0.748641  0.855984
42.100000  0.754398  0.847640
42.150000  0.760145  0.839313
42.200000  0.766612  0.831535
42.250000  0.773070  0.823772
42.300000  0.780236  0.816580
42.350000  0.787391  0.809402
42.400000  0.795243  0.802813
42.450000  0.803084  0.796238
42.500000  0.811607  0.790270
42.550000  0.820118  0.784315
42.600000  0.829296  0.778983
42.650000  0.838460  0.773664
42.700000  0.848273  0.768985
42.750000  0.858072  0.764318
42.800000  0.868497  0.760307
42.850000  0.878905  0.756307
42.900000  0.889915  0.752980
42.950000  0.900906  0.749664
43.000000  0.912468  0.747037
43.050000  0.924009  0.744421
43.100000  0.936083  0.742511
43.150000  0.948135  0.740613
43.200000  0.960677  0.739438
43.250000  0.973193  0.738275
43.300000  0.986148  0.737855
43.350000  0.999073  0.737446
43.400000  1.012379  0.737800
43.450000  1.025651  0.738166
43.500000  1.039234  0.739315
43.550000  1.052779  0.740475
43.600000  1.066556  0.742442
43.650000  1.080291  0.744418
43.700000  1.094166  0.747223
43.750000  1.107995  0.750038
43.800000  1.121862  0.753703
43.850000  1.135677  0.757377
43.900000  1.149416  0.761924
43.950000  1.163098  0.766478
44.000000  1.176577  0.771925
44.050000  1.189994  0.777377
44.100000  1.203069  0.783741
44.150000  1.216078  0.790107
44.200000  1.228593  0.797399
44.250000  1.241039  0.804690
44.300000  1.252832  0.812916
44.350000  1.264551  0.821137
44.400000  1.275450  0.830294
44.450000  1.286273  0.839443
44.500000  1.296102  0.849519
44.550000  1.305854  0.859581
44.600000  1.314439  0.870552
44.650000  1.322947  0.881501
44.700000  1.330116  0.893326
44.750000  1.337210  0.905122
44.800000  1.342803  0.917743
44.850000  1.348326  0.930327
44.900000  1.352197  0.943668
44.950000  1.356006  0.956962
45.000000  1.358033  0.970923
45.050000  1.360008  0.984827
45.100000  1.360097  0.999286
45.150000  1.360145  1.013680
45.200000  1.358236  1.028492
45.250000  1.356301  1.043230
45.300000  1.352373  1.058228
45.350000  1.348436  1.073144
45.400000  1.342510  1.088142
45.450000  1.336593  1.103050
45.500000  1.328736  1.117844
45.550000  1.320907  1.132543
45.600000  1.311229  1.146920
45.650000  1.301596  1.161198
45.700000  1.290247  1.174937
45.750000  1.278962  1.188577
45.800000  1.266129  1.201462
45.850000  1.253375  1.214252
45.900000  1.239275  1.226075
45.950000  1.225267  1.237810
46.000000  1.210137  1.248382
46.050000  1.195108  1.258875
46.100000  1.179199  1.268031
46.150000  1.163396  1.277120
46.200000  1.146959  1.284725
46.250000  1.130630  1.292277
46.300000  1.113913  1.298230
46.350000  1.097303  1.304145
46.400000  1.080539  1.308382
46.450000  1.063878  1.312597
46.500000  1.047282  1.315089
46.550000  1.030783  1.317577
46.600000  1.014547  1.318334
46.650000  0.998399  1.319101
46.700000  0.982688  1.318165
46.750000  0.967055  1.317252
46.800000  0.952008  1.314693
46.850000  0.937028  1.312170
46.900000  0.922757  1.308083
46.950000  0.908543  1.304042
47.000000  0.895133  1.298542
47.050000  0.881772  1.293095
47.100000  0.869289  1.286312
47.150000  0.856845  1.279586
47.200000  0.845333  1.271657
47.250000  0.833851  1.263790
47.300000  0.823337  1.254859
47.350000  0.812845  1.245991
47.400000  0.803341  1.236203
47.450000  0.793854  1.226479
47.500000  0.785362  1.215977
47.550000  0.776881  1.205537
47.600000  0.769395  1.194459
47.650000  0.761914  1.183441
47.700000  0.755418  1.171918
47.750000  0.748924  1.160452
47.800000  0.743401  1.148609
47.850000  0.737877  1.136820
47.900000  0.733306  1.124770
47.950000  0.728731  1.112771
48.000000  0.725088  1.100621
48.050000  0.721440  1.088518
48.100000  0.718702  1.076364
48.150000  0.715957  1.064252
48.200000  0.714101  1.052180
48.250000  0.712238  1.040148
48.300000  0.711242  1.028235
48.350000  0.710238  1.016359
48.400000  0.710080  1.004675
48.450000  0.709914  0.993024
48.500000  0.710575  0.981630
48.550000  0.711228  0.970266
48.600000  0.712690  0.959215
48.650000  0.714144  0.948191
48.700000  0.716390  0.937531
48.750000  0.718628  0.926896
48.800000  0.721644  0.916667
48.850000  0.724650  0.906461
48.900000  0.728422  0.896700
48.950000  0.732184  0.886959
49.000000  0.736699  0.877696
49.050000  0.741204  0.868452
49.100000  0.746449  0.859716
49.150000  0.751685  0.850997
49.200000  0.757649  0.842811
49.250000  0.763604  0.834641
49.300000  0.770276  0.827026
49.350000  0.776938  0.819427
49.400000  0.784306  0.812404
49.450000  0.791662  0.805395
49.500000  0.799712  0.798980
49.550000  0.807750  0.792579
49.600000  0.816466  0.786790
49.650000  0.825170  0.781014
49.700000  0.834536  0.775867
49.750000  0.843889  0.770732
49.800000  0.853884  0.766241
49.850000  0.863864  0.761763
49.900000  0.874464  0.757945
49.950000  0.885048  0.754139
50.000000  0.896224  0.751010
50.050000  0.907382  0.747892
50.100000  0.919100  0.745468
50.150000  0.930797  0.743056
50.200000  0.943016  0.741355
50.250000  0.955212  0.739665
50.300000  0.967884  0.738704
50.350000  0.980529  0.737755
50.400000  0.993598  0.737555
50.450000  1.006636  0.737366
50.500000  1.020035  0.737947
50.550000  1.033401  0.738538
50.600000  1.047055  0.739920
50.650000  1.060671  0.741313
50.700000  1.074493  0.743518
50.750000  1.088273  0.745733
50.800000  1.102164  0.748784
50.850000  1.116008  0.751844
50.900000  1.129859  0.755762
50.950000  1.143656  0.759688
51.000000  1.157342  0.764493
51.050000  1.170970  0.769304
51.100000  1.184356  0.775015
51.150000  1.197679  0.780730
51.200000  1.210617  0.787362
51.250000  1.223489  0.793995
51.300000  1.235822  0.801557
51.350000  1.248084  0.809118
51.400000  1.259646  0.817616
51.450000  1.271133  0.826107
51.500000  1.281750  0.835535
51.550000  1.292290  0.844951
51.600000  1.301786  0.855292
51.650000  1.311205  0.865617
51.700000  1.319407  0.876843
51.750000  1.327532  0.888046
51.800000  1.334269  0.900112
51.850000  1.340933  0.912147
51.900000  1.346050  0.924991
51.950000  1.351098  0.937794
52.000000  1.354454  0.951331
52.050000  1.357750  0.964819
52.100000  1.359231  0.978944
52.150000  1.360662  0.993011
52.200000  1.360182  1.007596
52.250000  1.359665  1.022112
52.300000  1.357175  1.037005
52.350000  1.354664  1.051821
52.400000  1.350155  1.066848
52.450000  1.345643  1.081791
52.500000  1.339149  1.096762
52.550000  1.332670  1.111640
52.600000  1.324271  1.126346
52.650000  1.315905  1.140956
52.700000  1.305723  1.155181
52.750000  1.295592  1.169308
52.800000  1.283787  1.182832
52.850000  1.272052  1.196259
52.900000  1.258822  1.208868
52.950000  1.245676  1.221383
53.000000  1.231245  1.232873
53.050000  1.216909  1.244277
53.100000  1.201519  1.254464
53.150000  1.186232  1.264576
53.200000  1.170134  1.273305
53.250000  1.154144  1.281970
53.300000  1.137591  1.289113
53.350000  1.121146  1.296208
53.400000  1.104381  1.301676
53.450000  1.087723  1.307111
53.500000  1.070976  1.310849
53.550000  1.054331  1.314570
53.600000  1.037810  1.316563
53.650000  1.021384  1.318554
53.700000  1.005274  1.318818
53.750000  0.989249  1.319096
53.800000  0.973707  1.317684
53.850000  0.958241  1.316298
53.900000  0.943398  1.313286
53.950000  0.928620  1.310313
54.000000  0.914582  1.305804
54.050000  0.900598  1.301342
54.100000  0.887443  1.295455
54.150000  0.874333  1.289623
54.200000  0.862120  1.282490
54.250000  0.849943  1.275417
54.300000  0.838711  1.267179
54.350000  0.827507  1.259004
54.400000  0.817279  1.249806
54.450000  0.807071  1.240671
54.500000  0.797855  1.230657
54.550000  0.788653  1.220706
54.600000  0.780449  1.210018
54.650000  0.772253  1.199391
54.700000  0.765051  1.188165
54.750000  0.757853  1.176999
54.800000  0.751637  1.165364
54.850000  0.745422  1.153787
54.900000  0.740173  1.141866
54.950000  0.734923  1.129999
55.000000  0.730619  1.117903
55.050000  0.726312  1.105858
55.100000  0.722931  1.093690
55.150000  0.719544  1.081569
55.200000  0.717061  1.069424
55.250000  0.714572  1.057321
55.300000  0.712965  1.045281
55.350000  0.711351  1.033279
55.400000  0.710598  1.021420
55.450000  0.709837  1.009596
55.500000  0.709917  0.997985
55.550000  0.709988  0.986405
55.600000  0.710882  0.975099
55.650000  0.711767  0.963822
55.700000  0.713457  0.952875
55.750000  0.715138  0.941953
55.800000  0.717608  0.931409
55.850000  0.720069  0.920888
55.900000  0.723305  0.910786
55.950000  0.726531  0.900705
56.000000  0.730519  0.891081
56.050000  0.734497  0.881475
56.100000  0.739225  0.872358
56.150000  0.743942  0.863258
56.200000  0.749397  0.854674
56.250000  0.754843  0.846107
56.300000  0.761014  0.838080
56.350000  0.767175  0.830068
56.400000  0.774051  0.822619
56.450000  0.780916  0.815184
56.500000  0.788483  0.808332
56.550000  0.796040  0.801493
56.600000  0.804285  0.795254
56.650000  0.812519  0.789028
56.700000  0.821427  0.783420
56.750000  0.830322  0.777824
56.800000  0.839875  0.772861
56.850000  0.849413  0.767911
56.900000  0.859589  0.763610
56.950000  0.869749  0.759322
57.000000  0.880522  0.755698
57.050000  0.891277  0.752087
57.100000  0.902618  0.749157
57.150000  0.913938  0.746238
57.200000  0.925810  0.744019
57.250000  0.937659  0.741811
57.300000  0.950019  0.740319
57.350000  0.962354  0.738839
57.400000  0.975152  0.738094
57.450000  0.987922  0.737360
57.500000  1.001099  0.737382
57.550000  1.014244  0.737414
57.600000  1.027732  0.738222
57.650000  1.041183  0.739041
57.700000  1.054902  0.740657
57.750000  1.068581  0.742283
57.800000  1.082441  0.744729
57.850000  1.096257  0.747185
57.900000  1.110156  0.750483
57.950000  1.124007  0.753790
58.000000  1.137831  0.757961
58.050000  1.151600  0.762140
58.100000  1.165223  0.767204
58.150000  1.178785  0.772275
58.200000  1.192066  0.778250
58.250000  1.205283  0.784229
58.300000  1.218073  0.791129
58.350000  1.230794  0.798030
58.400000  1.242931  0.805864
58.450000  1.254996  0.813694
58.500000  1.266313  0.822463
58.550000  1.277553  0.831224
58.600000  1.287875  0.840920
58.650000  1.298118  0.850603
58.700000  1.307268  0.861206
58.750000  1.316340  0.871791
58.800000  1.324145  0.883269
58.850000  1.331873  0.894721
58.900000  1.338167  0.907023
58.950000  1.344388  0.919292
59.000000  1.349017  0.932351
59.050000  1.353580  0.945367
59.100000  1.356412  0.959092
59.150000  1.359186  0.972765
59.200000  1.360114  0.987044
59.250000  1.360995  1.001262
59.300000  1.359942  1.015960
59.350000  1.358857  1.030587
59.400000  1.355786  1.045547
59.450000  1.352698  1.060426
59.500000  1.347612  1.075468
59.550000  1.342527  1.090421
59.600000  1.335472  1.105347
59.650000  1.328438  1.120180
59.700000  1.319507  1.134780
59.750000  1.310615  1.149283
59.800000  1.299942  1.163339
59.850000  1.289325  1.177296
59.900000  1.277083  1.190589
59.950000  1.264913  1.203784
60.000000  1.251306  1.216100
60.050000  1.237785  1.228325
60.100000  1.223044  1.239467
60.150000  1.208400  1.250525
60.200000  1.192771  1.260315
60.250000  1.177246  1.270034
60.300000  1.160981  1.278324
60.350000  1.144825  1.286556
60.400000  1.128175  1.293230
60.450000  1.111635  1.299860
60.500000  1.094842  1.304839
60.550000  1.078154  1.309789
60.600000  1.061442  1.313028
60.650000  1.044829  1.316255
60.700000  1.028399  1.317749
60.750000  1.012060  1.319245
60.800000  0.996089  1.319021
60.850000  0.980200  1.318815
60.900000  0.964839  1.316932
60.950000  0.949549  1.315080
61.000000  0.934920  1.311625
61.050000  0.920353  1.308210
61.100000  0.906554  1.303289
61.150000  0.892807  1.298418
61.200000  0.879911  1.292155
61.250000  0.867058  1.285948
61.300000  0.855118  1.278478
61.350000  0.843211  1.271069
61.400000  0.832261  1.262535
61.450000  0.821336  1.254064
61.500000  0.811394  1.244610
61.550000  0.801470  1.235221
61.600000  0.792542  1.224992
61.650000  0.783626  1.214827
61.700000  0.775707  1.203964
61.750000  0.767796  1.193162
61.800000  0.760876  1.181799
61.850000  0.753960  1.170495
61.900000  0.748022  1.158760
61.950000  0.742084  1.147081
62.000000  0.737107  1.135092
62.050000  0.732128  1.123156
62.100000  0.728090  1.111023
62.150000  0.724049  1.098939
62.200000  0.720927  1.086763
62.250000  0.717799  1.074631
62.300000  0.715570  1.062502
62.350000  0.713334  1.050413
62.400000  0.711974  1.038412
62.450000  0.710606  1.026449
62.500000  0.710094  1.014649
62.550000  0.709574  1.002882
62.600000  0.709890  0.991347
62.650000  0.710197  0.979843
62.700000  0.711321  0.968631
62.750000  0.712437  0.957446
62.800000  0.714353  0.946604
62.850000  0.716260  0.935789
62.900000  0.718952  0.925363
62.950000  0.721635  0.914960
63.000000  0.725089  0.904987
63.050000  0.728534  0.895036
63.100000  0.732736  0.885550
63.150000  0.736929  0.876083
63.200000  0.741868  0.867112
63.250000  0.746797  0.858159
63.300000  0.752460  0.849729
63.350000  0.758114  0.841315
63.400000  0.764491  0.833449
63.450000  0.770857  0.825597
63.500000  0.777934  0.818314
63.550000  0.785001  0.811045
63.600000  0.792767  0.804364
63.650000  0.800522  0.797697
63.700000  0.808962  0.791634
63.750000  0.817390  0.785585
63.800000  0.826488  0.780158
63.850000  0.835573  0.774743
63.900000  0.845310  0.769967
63.950000  0.855033  0.765203
64.000000  0.865386  0.761093
64.050000  0.875723  0.756994
64.100000  0.886667  0.753566
64.150000  0.897592  0.750150
64.200000  0.909093  0.747421
64.250000  0.920574  0.744703
64.300000  0.932595  0.742689
64.350000  0.944593  0.740686
64.400000  0.957090  0.739406
64.450000  0.969560  0.738137
64.500000  0.982479  0.737608
64.550000  0.995368  0.737091
64.600000  1.008648  0.737335
64.650000  1.021895  0.737590
64.700000  1.035463  0.738627
64.750000  1.048996  0.739675
64.800000  1.062771  0.741526
64.850000  1.076506  0.743388
64.900000  1.090396  0.746076
64.950000  1.104240  0.748774
65.000000  1.118137  0.752320
65.050000  1.131984  0.755875
65.100000  1.145772  0.760301
65.150000  1.159504  0.764735
65.200000  1.173051  0.770060
65.250000  1.186537  0.775390
65.300000  1.199702  0.781631
65.350000  1.212801  0.787875
65.400000  1.225428  0.795044
65.450000  1.237986  0.802213
65.500000  1.249914  0.810317
65.550000  1.261768  0.818417
65.600000  1.272826  0.827456
65.650000  1.283806  0.836486
65.700000  1.293818  0.846448
65.750000  1.303751  0.856396
65.800000  1.312540  0.867258
65.850000  1.321251  0.878100
65.900000  1.328646  0.889826
65.950000  1.335965  0.901523
66.000000  1.341802  0.914056
66.050000  1.347568  0.926553
66.100000  1.351700  0.939819
66.150000  1.355767  0.953041
66.200000  1.358066  0.966944
66.250000  1.360311  0.980793
66.300000  1.360679  0.995215
66.350000  1.361005  1.009573
66.400000  1.359376  1.024372
66.450000  1.357720  1.039098
66.500000  1.354068  1.054109
66.550000  1.350404  1.069038
66.600000  1.344745  1.084076
66.650000  1.339092  1.099025
66.700000  1.331484  1.113890
66.750000  1.323902  1.128659
66.800000  1.314451  1.143136
66.850000  1.305044  1.157514
66.900000  1.293895  1.171383
66.950000  1.282807  1.185154
67.000000  1.270143  1.198197
67.050000  1.257556  1.211144
67.100000  1.243591  1.223152
67.150000  1.229715  1.235070
67.200000  1.214684  1.245849
67.250000  1.199752  1.256548
67.300000  1.183904  1.265929
67.350000  1.168163  1.275241
67.400000  1.151752  1.283085
67.450000  1.135450  1.290873
67.500000  1.118725  1.297073
67.550000  1.102107  1.303232
67.600000  1.085305  1.307718
67.650000  1.068607  1.312180
67.700000  1.051945  1.314920
67.750000  1.035381  1.317652
67.800000  1.019056  1.318650
67.850000  1.002820  1.319655
67.900000  0.987001  1.318948
67.950000  0.971260  1.318262
68.000000  0.956089  1.315917
68.050000  0.940987  1.313605
68.100000  0.926579  1.309715
68.150000  0.912230  1.305869
68.200000  0.898677  1.300546
68.250000  0.885172  1.295275
68.300000  0.872540  1.288647
68.350000  0.859947  1.282077
68.400000  0.848283  1.274282
68.450000  0.836649  1.266549
68.500000  0.825982  1.257731
68.550000  0.815338  1.248976
68.600000  0.805682  1.239280
68.650000  0.796043  1.229647
68.700000  0.787401  1.219216
68.750000  0.778771  1.208848
68.800000  0.771137  1.197822
68.850000  0.763509  1.186856
68.900000  0.756870  1.175367
68.950000  0.750234  1.163937
69.000000  0.744571  1.152110
69.050000  0.738908  1.140339
69.100000  0.734201  1.128292
69.150000  0.729492  1.116296
69.200000  0.725718  1.104134
69.250000  0.721939  1.092020
69.300000  0.719074  1.079842
69.350000  0.716204  1.067708
69.400000  0.714225  1.055601
69.450000  0.712239  1.043535
69.500000  0.711124  1.031578
69.550000  0.710001  1.019658
69.600000  0.709728  1.007922
69.650000  0.709447  0.996220
69.700000  0.709997  0.984766
69.750000  0.710537  0.973343
69.800000  0.711891  0.962226
69.850000  0.713235  0.951137
69.900000  0.715376  0.940406
69.950000  0.717507  0.929700
70.000000  0.720420  0.919396
70.050000  0.723323  0.909114
70.100000  0.726994  0.899273
70.150000  0.730655  0.889453
70.200000  0.735071  0.880108
70.250000  0.739478  0.870781
70.300000  0.744627  0.861959
70.350000  0.749766  0.853154
70.400000  0.755637  0.844880
70.450000  0.761497  0.836622
70.500000  0.768078  0.828917
70.550000  0.774648  0.821227
70.600000  0.781926  0.814112
70.650000  0.789194  0.807010
70.700000  0.797157  0.800502
70.750000  0.805109  0.794007
70.800000  0.813742  0.788122
70.850000  0.822362  0.782251
70.900000  0.831649  0.777006
70.950000  0.840921  0.771773
71.000000  0.850841  0.767184
71.050000  0.860745  0.762607
71.100000  0.871274  0.758688
71.150000  0.881787  0.754782
71.200000  0.892897  0.751550
71.250000  0.903989  0.748330
71.300000  0.915648  0.745802
71.350000  0.927286  0.743286
71.400000  0.939453  0.741479
71.450000  0.951596  0.739683
71.500000  0.964224  0.738614
71.550000  0.976826  0.737557
71.600000  0.989860  0.737247
71.650000  1.002865  0.736948
71.700000  1.016241  0.737416
71.750000  1.029583  0.737895
71.800000  1.043227  0.739162
71.850000  1.056833  0.740440
71.900000  1.070658  0.742529
71.950000  1.084441  0.744627
72.000000  1.098352  0.747559
72.050000  1.112215  0.750500
72.100000  1.126102  0.754296
72.150000  1.139936  0.758101
72.200000  1.153676  0.762783
72.250000  1.167360  0.767472
72.300000  1.180821  0.773059
72.350000  1.194220  0.778650
72.400000  1.207255  0.785157
72.450000  1.220223  0.791666
72.500000  1.232676  0.799104
72.550000  1.245058  0.806542
72.600000  1.256763  0.814916
72.650000  1.268393  0.823286
72.700000  1.279177  0.832594
72.750000  1.289884  0.841891
72.800000  1.299572  0.852118
72.850000  1.309181  0.862328
72.900000  1.317595  0.873447
72.950000  1.325933  0.884543
73.000000  1.332904  0.896511
73.050000  1.339801  0.908449
73.100000  1.345170  0.921206
73.150000  1.350470  0.933925
73.200000  1.354093  0.947391
73.250000  1.357655  0.960810
73.300000  1.359414  0.974882
73.350000  1.361121  0.988898
73.400000  1.360925  1.003451
73.450000  1.360690  1.017938
73.500000  1.358484  1.032824
73.550000  1.356255  1.047634
73.600000  1.352024  1.062682
73.650000  1.347786  1.077646
73.700000  1.341559  1.092665
73.750000  1.335343  1.107594
73.800000  1.327191  1.122379
73.850000  1.319070  1.137069
73.900000  1.309111  1.151404
73.950000  1.299201  1.165640
74.000000  1.287591  1.179304
74.050000  1.276048  1.192871
74.100000  1.262980  1.205648
74.150000  1.249993  1.218330
74.200000  1.235689  1.230014
74.250000  1.221478  1.241610
74.300000  1.206177  1.252013
74.350000  1.190978  1.262338
74.400000  1.174933  1.271299
74.450000  1.158995  1.280195
74.500000  1.142458  1.287583
74.550000  1.126031  1.294920
74.600000  1.109250  1.300639
74.650000  1.092575  1.306322
74.700000  1.075782  1.310313
74.750000  1.059090  1.314285
74.800000  1.042496  1.316526
74.850000  1.025997  1.318764
74.900000  1.009791  1.319269
74.950000  0.993671  1.319785
75.000000  0.978015  1.318601
75.050000  0.962435  1.317441
75.100000  0.947463  1.314641
75.150000  0.932557  1.311879
75.200000  0.918379  1.307563
75.250000  0.904256  1.303294
75.300000  0.890953  1.297581
75.350000  0.877696  1.291921
75.400000  0.865331  1.284940
75.450000  0.853003  1.278018
75.500000  0.841616  1.269911
75.550000  0.830258  1.261866
75.600000  0.819875  1.252776
75.650000  0.809512  1.243749
75.700000  0.800143  1.233822
75.750000  0.790788  1.223959
75.800000  0.782432  1.213337
75.850000  0.774086  1.202777
75.900000  0.766736  1.191599
75.950000  0.759390  1.180481
76.000000  0.753030  1.168876
76.050000  0.746672  1.157329
76.100000  0.741283  1.145421
76.150000  0.735893  1.133568
76.200000  0.731454  1.121471
76.250000  0.727011  1.109424
76.300000  0.723498  1.097242
76.350000  0.719981  1.085106
76.400000  0.717371  1.072934
76.450000  0.714755  1.060804
76.500000  0.713025  1.048727
76.550000  0.711288  1.036688
76.600000  0.710415  1.024782
76.650000  0.709535  1.012912
76.700000  0.709499  1.001245
76.750000  0.709455  0.989611
76.800000  0.710236  0.978243
76.850000  0.711009  0.966905
76.900000  0.712589  0.955889
76.950000  0.714161  0.944899
77.000000  0.716524  0.934282
77.050000  0.718879  0.923688
77.100000  0.722010  0.913508
77.150000  0.725133  0.903350
77.200000  0.729019  0.893644
77.250000  0.732896  0.883958
77.300000  0.737523  0.874755
77.350000  0.742142  0.865571
77.400000  0.747500  0.856900
77.450000  0.752848  0.848245
77.500000  0.758925  0.840128
77.550000  0.764991  0.832027
77.600000  0.771775  0.824486
77.650000  0.778548  0.816959
77.700000  0.786025  0.810012
77.750000  0.793492  0.803079
77.800000  0.801651  0.796745
77.850000  0.809798  0.790423
77.900000  0.818622  0.784718
77.950000  0.827434  0.779024
78.000000  0.836907  0.773963
78.050000  0.846365  0.768914
78.100000  0.856465  0.764512
78.150000  0.866549  0.760123
78.200000  0.877251  0.756397
78.250000  0.887936  0.752683
78.300000  0.899212  0.749649
78.350000  0.910467  0.746627
78.400000  0.922280  0.744302
78.450000  0.934072  0.741988
78.500000  0.946381  0.740388
78.550000  0.958665  0.738800
78.600000  0.971421  0.737945
78.650000  0.984149  0.737101
78.700000  0.997294  0.737010
78.750000  1.010408  0.736931
78.800000  1.023875  0.737624
78.850000  1.037307  0.738328
78.900000  1.051018  0.739827
78.950000  1.064690  0.741337
79.000000  1.078558  0.743664
79.050000  1.092381  0.746001
79.100000  1.106304  0.749177
79.150000  1.120178  0.752363
79.200000  1.134044  0.756411
79.250000  1.147856  0.760467
79.300000  1.161539  0.765406
79.350000  1.175163  0.770352
79.400000  1.188526  0.776201
79.450000  1.201826  0.782054
79.500000  1.214720  0.788828
79.550000  1.227545  0.795603
79.600000  1.239810  0.803311
79.650000  1.252003  0.811017
79.700000  1.263471  0.819661
79.750000  1.274864  0.828299
79.800000  1.285360  0.837875
79.850000  1.295780  0.847439
79.900000  1.305129  0.857927
79.950000  1.314400  0.868398
80.000000  1.322427  0.879769
80.050000  1.330377  0.891116
80.100000  1.336912  0.903321
80.150000  1.343375  0.915495
80.200000  1.348265  0.928470
80.250000  1.353087  0.941404
80.300000  1.356193  0.955062
80.350000  1.359240  0.968669
80.400000  1.360452  0.982901
80.450000  1.361615  0.997072
80.500000  1.360850  1.011745
80.550000  1.360051  1.026349
80.600000  1.357267  1.041308
80.650000  1.354464  1.056189
80.700000  1.349656  1.071259
80.750000  1.344847  1.086242
80.800000  1.338058  1.101226
80.850000  1.331286  1.116117
80.900000  1.322600  1.130806
80.950000  1.313949  1.145398
81.000000  1.303495  1.159574
81.050000  1.293095  1.173651
81.100000  1.281040  1.187093
81.150000  1.269057  1.200438
81.200000  1.255604  1.212932
81.250000  1.242236  1.225333
81.300000  1.227612  1.236677
81.350000  1.213085  1.247937
81.400000  1.197535  1.257951
81.450000  1.182090  1.267890
81.500000  1.165868  1.276420
81.550000  1.149755  1.284889
81.600000  1.133113  1.291814
81.650000  1.116580  1.298692
81.700000  1.099761  1.303926
81.750000  1.083049  1.309129
81.800000  1.066281  1.312624
81.850000  1.049614  1.316104
81.900000  1.033103  1.317847
81.950000  1.016684  1.319592
82.000000  1.000610  1.319609
82.050000  0.984620  1.319641
82.100000  0.969138  1.317985
82.150000  0.953729  1.316358
82.200000  0.938966  1.313112
82.250000  0.924266  1.309907
82.300000  0.910322  1.305176
82.350000  0.896432  1.300494
82.400000  0.883385  1.294401
82.450000  0.870381  1.288363
82.500000  0.858286  1.281041
82.550000  0.846226  1.273779
82.600000  0.835118  1.265371
82.650000  0.824038  1.257026
82.700000  0.813938  1.247676
82.750000  0.803859  1.238390
82.800000  0.794775  1.228244
82.850000  0.785705  1.218161
82.900000  0.777634  1.207360
82.950000  0.769572  1.196621
83.000000  0.762503  1.185301
83.050000  0.755438  1.174041
83.100000  0.749355  1.162331
83.150000  0.743273  1.150678
83.200000  0.738156  1.138699
83.250000  0.733037  1.126772
83.300000  0.728863  1.114634
83.350000  0.724685  1.102545
83.400000  0.721431  1.090350
83.450000  0.718172  1.078201
83.500000  0.715815  1.066041
83.550000  0.713452  1.053923
83.600000  0.711968  1.041881
83.650000  0.710477  1.029877
83.700000  0.709845  1.018027
83.750000  0.709206  1.006212
83.800000  0.709405  0.994619
83.850000  0.709596  0.983058
83.900000  0.710607  0.971780
83.950000  0.711610  0.960531
84.000000  0.713416  0.949620
84.050000  0.715213  0.938734
84.100000  0.717798  0.928233
84.150000  0.720373  0.917755
84.200000  0.723722  0.907702
84.250000  0.727062  0.897671
84.300000  0.731162  0.888102
84.350000  0.735253  0.878551
84.400000  0.740092  0.869494
84.450000  0.744921  0.860455
84.500000  0.750487  0.851935
84.550000  0.756043  0.843433
84.600000  0.762324  0.835474
84.650000  0.768595  0.827532
84.700000  0.775580  0.820155
84.750000  0.782554  0.812792
84.800000  0.790230  0.806016
84.850000  0.797894  0.799253
84.900000  0.806247  0.793093
84.950000  0.814588  0.786947
85.000000  0.823602  0.781420
85.050000  0.832604  0.775907
85.100000  0.842261  0.771030
85.150000  0.851903  0.766165
85.200000  0.862181  0.761952
85.250000  0.872443  0.757752
85.300000  0.883316  0.754220
85.350000  0.894171  0.750700
85.400000  0.905607  0.747864
85.450000  0.917024  0.745040
85.500000  0.928988  0.742919
85.550000  0.940929  0.740808
85.600000  0.953376  0.739418
85.650000  0.965798  0.738039
85.700000  0.978676  0.737398
85.750000  0.991526  0.736769
85.800000  1.004776  0.736899
85.850000  1.017994  0.737040
85.900000  1.031545  0.737960
85.950000  1.045061  0.738891
86.000000  1.058833  0.740623
86.050000  1.072565  0.742366
86.100000  1.086466  0.744933
86.150000  1.100322  0.747509
86.200000  1.114248  0.750932
86.250000  1.128124  0.754364
86.300000  1.141959  0.758664
86.350000  1.155738  0.762972
86.400000  1.169353  0.768170
86.450000  1.182907  0.773374
86.500000  1.196161  0.779487
86.550000  1.209349  0.785603
86.600000  1.222089  0.792644
86.650000  1.234759  0.799686
86.700000  1.246823  0.807663
86.750000  1.258813  0.815637
86.800000  1.270031  0.824551
86.850000  1.281172  0.833457
86.900000  1.291368  0.843298
86.950000  1.301486  0.853127
87.000000  1.310483  0.863875
87.050000  1.319402  0.874603
87.100000  1.327028  0.886223
87.150000  1.334577  0.897815
87.200000  1.340665  0.910254
87.250000  1.346681  0.922657
87.300000  1.351081  0.935843
87.350000  1.355415  0.948985
87.400000  1.357995  0.962826
87.450000  1.360519  0.976613
87.500000  1.361177  0.990993
87.550000  1.361790  1.005310
87.600000  1.360454  1.020090
87.650000  1.359088  1.034798
87.700000  1.355725  1.049816
87.750000  1.352348  1.064754
87.800000  1.346968  1.079829
87.850000  1.341591  1.094816
87.900000  1.334247  1.109748
87.950000  1.326926  1.124585
88.000000  1.317716  1.139160
88.050000  1.308547  1.153637
88.100000  1.297612  1.167636
88.150000  1.286735  1.181537
88.200000  1.274253  1.194739
88.250000  1.261845  1.207846
88.300000  1.248026  1.220041
88.350000  1.234295  1.232145
88.400000  1.219372  1.243136
88.450000  1.204549  1.254044
88.500000  1.188771  1.263657
88.550000  1.173100  1.273199
88.600000  1.156722  1.281288
88.650000  1.140454  1.289320
88.700000  1.123727  1.295775
88.750000  1.107108  1.302188
88.800000  1.090271  1.306933
88.850000  1.073539  1.311652
88.900000  1.056814  1.314650
88.950000  1.040188  1.317638
89.000000  1.023774  1.318886
89.050000  1.007451  1.320140
89.100000  0.991521  1.319673
89.150000  0.975673  1.319225
89.200000  0.960375  1.317106
89.250000  0.945148  1.315018
89.300000  0.930601  1.311335
89.350000  0.916115  1.307695
89.400000  0.902413  1.302559
89.450000  0.888761  1.297475
89.500000  0.875975  1.291013
89.550000  0.863229  1.284608
89.600000  0.851406  1.276957
89.650000  0.839616  1.269367
89.700000  0.828790  1.260670
89.750000  0.817988  1.252037
89.800000  0.808174  1.242440
89.850000  0.798377  1.232906
89.900000  0.789579  1.222553
89.950000  0.780793  1.212263
90.000000  0.773006  1.201294
90.050000  0.765226  1.190387
90.100000  0.758437  1.178936
90.150000  0.751651  1.167545
90.200000  0.745843  1.155740
90.250000  0.740035  1.143990
90.300000  0.735187  1.131948
90.350000  0.730337  1.119958
90.400000  0.726426  1.107787
90.450000  0.722512  1.095664
90.500000  0.719515  1.083464
90.550000  0.716512  1.071308
90.600000  0.714405  1.059168
90.650000  0.712292  1.047068
90.700000  0.711053  1.035068
90.750000  0.709806  1.023105
90.800000  0.709413  1.011316
90.850000  0.709011  0.999561
90.900000  0.709444  0.988047
90.950000  0.709868  0.976564
91.000000  0.711107  0.965381
91.050000  0.712338  0.954225
91.100000  0.714368  0.943421
91.150000  0.716389  0.932642
91.200000  0.719194  0.922260
91.250000  0.721989  0.911901
91.300000  0.725554  0.901979
91.350000  0.729110  0.892077
91.400000  0.733423  0.882647
91.450000  0.737726  0.873235
91.500000  0.742775  0.864324
91.550000  0.747814  0.855431
91.600000  0.753586  0.847066
91.650000  0.759348  0.838717
91.700000  0.765833  0.830919
91.750000  0.772307  0.823136
91.800000  0.779492  0.815925
91.850000  0.786666  0.808729
91.900000  0.794539  0.802123
91.950000  0.802400  0.795531
92.000000  0.810945  0.789547
92.050000  0.819479  0.783577
92.100000  0.828681  0.778231
92.150000  0.837870  0.772898
92.200000  0.847709  0.768206
92.250000  0.857534  0.763527
92.300000  0.867987  0.759504
92.350000  0.878425  0.755494
92.400000  0.889466  0.752156
92.450000  0.900488  0.748831
92.500000  0.912083  0.746195
92.550000  0.923658  0.743571
92.600000  0.935768  0.741653
92.650000  0.947856  0.739748
92.700000  0.960436  0.738568
92.750000  0.972991  0.737399
92.800000  0.985987  0.736974
92.850000  0.998954  0.736561
92.900000  1.012304  0.736913
92.950000  1.025620  0.737275
93.000000  1.039249  0.738424
93.050000  1.052841  0.739583
93.100000  1.066667  0.741550
93.150000  1.080451  0.743528
93.200000  1.094378  0.746336
93.250000  1.108258  0.749153
93.300000  1.122178  0.752824
93.350000  1.136047  0.756503
93.400000  1.149840  0.761057
93.450000  1.163578  0.765619
93.500000  1.177112  0.771076
93.550000  1.190586  0.776539
93.600000  1.203717  0.782916
93.650000  1.216783  0.789296
93.700000  1.229355  0.796605
93.750000  1.241858  0.803913
93.800000  1.253707  0.812159
93.850000  1.265481  0.820401
93.900000  1.276434  0.829583
93.950000  1.287311  0.838756
94.000000  1.297192  0.848862
94.050000  1.306994  0.858953
94.100000  1.315626  0.869958
94.150000  1.324181  0.880941
94.200000  1.331392  0.892804
94.250000  1.338528  0.904639
94.300000  1.344156  0.917304
94.350000  1.349714  0.929932
94.400000  1.353613  0.943321
94.450000  1.357450  0.956664
94.500000  1.359496  0.970677
94.550000  1.361489  0.984636
94.600000  1.361588  0.999152
94.650000  1.361646  1.013603
94.700000  1.359736  1.028477
94.750000  1.357800  1.043277
94.800000  1.353860  1.058340
94.850000  1.349910  1.073320
94.900000  1.343962  1.088385
94.950000  1.338023  1.103360
95.000000  1.330132  1.118222
95.050000  1.322270  1.132989
95.100000  1.312548  1.147433
95.150000  1.302872  1.161778
95.200000  1.291470  1.175582
95.250000  1.280132  1.189288
95.300000  1.267239  1.202235
95.350000  1.254425  1.215086
95.400000  1.240258  1.226967
95.450000  1.226183  1.238758
95.500000  1.210982  1.249381
95.550000  1.195882  1.259925
95.600000  1.179898  1.269125
95.650000  1.164021  1.278258
95.700000  1.147508  1.285898
95.750000  1.131104  1.293485
95.800000  1.114312  1.299465
95.850000  1.097627  1.305406
95.900000  1.080789  1.309660
95.950000  1.064056  1.313892
96.000000  1.047390  1.316393
96.050000  1.030820  1.318888
96.100000  1.014518  1.319645
96.150000  0.998304  1.320411
96.200000  0.982531  1.319466
96.250000  0.966837  1.318544
96.300000  0.951733  1.315967
96.350000  0.936697  1.313427
96.400000  0.922375  1.309316
96.450000  0.908109  1.305250
96.500000  0.894654  1.299721
96.550000  0.881247  1.294244
96.600000  0.868724  1.287425
96.650000  0.856240  1.280665
96.700000  0.844693  1.272696
96.750000  0.833175  1.264790
96.800000  0.822631  1.255817
96.850000  0.812109  1.246907
96.900000  0.802580  1.237074
96.950000  0.793066  1.227305
97.000000  0.784553  1.216756
97.050000  0.776050  1.206270
97.100000  0.768545  1.195145
97.150000  0.761046  1.184080
97.200000  0.754536  1.172509
97.250000  0.748028  1.160997
97.300000  0.742493  1.149106
97.350000  0.736957  1.137270
97.400000  0.732377  1.125174
97.450000  0.727793  1.113129
97.500000  0.724143  1.100934
97.550000  0.720489  1.088786
97.600000  0.717746  1.076588
97.650000  0.714998  1.064433
97.700000  0.713139  1.052319
97.750000  0.711274  1.040244
97.800000  0.710277  1.028291
97.850000  0.709272  1.016374
97.900000  0.709115  1.004652
97.950000  0.708950  0.992962
98.000000  0.709614  0.981532
98.050000  0.710270  0.970131
98.100000  0.711736  0.959046
98.150000  0.713193  0.947987
98.200000  0.715445  0.937294
98.250000  0.717688  0.926626
98.300000  0.720711  0.916367
98.350000  0.723725  0.906129
98.400000  0.727505  0.896339
98.450000  0.731276  0.886570
98.500000  0.735800  0.877280
98.550000  0.740315  0.868009
98.600000  0.745571  0.859247
98.650000  0.750818  0.850503
98.700000  0.756796  0.842293
98.750000  0.762763  0.834099
98.800000  0.769450  0.826463
98.850000  0.776127  0.818841
98.900000  0.783510  0.811797
98.950000  0.790883  0.804767
99.000000  0.798951  0.798334
99.050000  0.807007  0.791914
99.100000  0.815744  0.786107
99.150000  0.824468  0.780314
99.200000  0.833856  0.775150
99.250000  0.843231  0.769998
99.300000  0.853251  0.765493
99.350000  0.863255  0.760999
99.400000  0.873883  0.757168
99.450000  0.884493  0.753348
99.500000  0.895699  0.750206
99.550000  0.906886  0.747077
99.600000  0.918636  0.744641
99.650000  0.930365  0.742218
99.700000  0.942619  0.740507
99.750000  0.954849  0.738807
99.800000  0.967559  0.737838
99.850000  0.980242  0.736881
99.900000  0.993351  0.736673
99.950000  1.006430  0.736477
100.000000  1.019873  0.737052
