   t     nR      nF
0.000000  1.019873  1.200000
0.050000  1.009674  1.200954
0.100000  0.999583  1.200929
0.150000  0.989541  1.200909
0.200000  0.979702  1.199925
0.250000  0.969909  1.198950
0.300000  0.960406  1.197038
0.350000  0.950944  1.195143
0.400000  0.941849  1.192348
0.450000  0.932791  1.189575
0.500000  0.924166  1.185952
0.550000  0.915573  1.182355
0.600000  0.907470  1.177966
0.650000  0.899395  1.173606
0.700000  0.891856  1.168521
0.750000  0.884341  1.163466
0.800000  0.877400  1.157755
0.850000  0.870479  1.152078
0.900000  0.864162  1.145818
0.950000  0.857861  1.139592
1.000000  0.852187  1.132859
1.050000  0.846526  1.126161
1.100000  0.841507  1.119032
1.150000  0.836498  1.111938
1.200000  0.832143  1.104488
1.250000  0.827796  1.097072
1.300000  0.824107  1.089375
1.350000  0.820425  1.081710
1.400000  0.817404  1.073835
1.450000  0.814386  1.065992
1.500000  0.812030  1.058006
1.550000  0.809674  1.050051
1.600000  0.807977  1.042018
1.650000  0.806280  1.034014
1.700000  0.805235  1.025993
1.750000  0.804188  1.018000
1.800000  0.803787  1.010046
1.850000  0.803383  1.002118
1.900000  0.803617  0.994283
1.950000  0.803847  0.986473
2.000000  0.804704  0.978803
2.050000  0.805557  0.971157
2.100000  0.807028  0.963696
2.150000  0.808493  0.956258
2.200000  0.810564  0.949046
2.250000  0.812629  0.941855
2.300000  0.815289  0.934928
2.350000  0.817942  0.928020
2.400000  0.821177  0.921412
2.450000  0.824404  0.914821
2.500000  0.828199  0.908560
2.550000  0.831986  0.902317
2.600000  0.836326  0.896432
2.650000  0.840657  0.890563
2.700000  0.845526  0.885080
2.750000  0.850384  0.879611
2.800000  0.855764  0.874552
2.850000  0.861131  0.869506
2.900000  0.867001  0.864892
2.950000  0.872858  0.860291
3.000000  0.879196  0.856142
3.050000  0.885520  0.852004
3.100000  0.892301  0.848338
3.150000  0.899067  0.844684
3.200000  0.906265  0.841518
3.250000  0.913446  0.838363
3.300000  0.921030  0.835713
3.350000  0.928595  0.833073
3.400000  0.936530  0.830954
3.450000  0.944446  0.828844
3.500000  0.952695  0.827270
3.550000  0.960923  0.825705
3.600000  0.969443  0.824689
3.650000  0.977941  0.823681
3.700000  0.986686  0.823236
3.750000  0.995407  0.822797
3.800000  1.004325  0.822933
3.850000  1.013217  0.823076
3.900000  1.022252  0.823804
3.950000  1.031257  0.824537
4.000000  1.040346  0.825865
4.050000  1.049404  0.827198
4.100000  1.058480  0.829135
4.150000  1.067523  0.831074
4.200000  1.076513  0.833624
4.250000  1.085469  0.836175
4.300000  1.094296  0.839341
4.350000  1.103086  0.842507
4.400000  1.111669  0.846290
4.450000  1.120213  0.850070
4.500000  1.128464  0.854465
4.550000  1.136676  0.858855
4.600000  1.144508  0.863855
4.650000  1.152299  0.868849
4.700000  1.159620  0.874441
4.750000  1.166900  0.880025
4.800000  1.173620  0.886191
4.850000  1.180299  0.892346
4.900000  1.186327  0.899063
4.950000  1.192314  0.905763
5.000000  1.197563  0.912998
5.050000  1.202772  0.920213
5.100000  1.207159  0.927925
5.150000  1.211510  0.935614
5.200000  1.214960  0.943757
5.250000  1.218376  0.951871
5.300000  1.220823  0.960386
5.350000  1.223242  0.968869
5.400000  1.224632  0.977689
5.450000  1.225998  0.986474
5.500000  1.226290  0.995525
5.550000  1.226564  1.004536
5.600000  1.225733  1.013732
5.650000  1.224892  1.022885
5.700000  1.222930  1.032135
5.750000  1.220965  1.041339
5.800000  1.217883  1.050543
5.850000  1.214805  1.059699
5.900000  1.210631  1.068753
5.950000  1.206469  1.077758
6.000000  1.201250  1.086555
6.050000  1.196051  1.095302
6.100000  1.189851  1.103734
6.150000  1.183680  1.112116
6.200000  1.176580  1.120076
6.250000  1.169516  1.127987
6.300000  1.161612  1.135373
6.350000  1.153749  1.142712
6.400000  1.145146  1.149428
6.450000  1.136590  1.156101
6.500000  1.127404  1.162061
6.550000  1.118269  1.167983
6.600000  1.108619  1.173112
6.650000  1.099023  1.178209
6.700000  1.089033  1.182445
6.750000  1.079099  1.186657
6.800000  1.068891  1.189955
6.850000  1.058739  1.193234
6.900000  1.048433  1.195562
6.950000  1.038181  1.197878
7.000000  1.027890  1.199221
7.050000  1.017651  1.200558
7.100000  1.007480  1.200916
7.150000  0.997359  1.201275
7.200000  0.987405  1.200662
7.250000  0.977499  1.200057
7.300000  0.967850  1.198502
7.350000  0.958244  1.196961
7.400000  0.948976  1.194503
7.450000  0.939747  1.192065
7.500000  0.930927  1.188757
7.550000  0.922141  1.185473
7.600000  0.913824  1.181373
7.650000  0.905537  1.177301
7.700000  0.897768  1.172476
7.750000  0.890026  1.167682
7.800000  0.882844  1.162203
7.850000  0.875684  1.156757
7.900000  0.869117  1.150699
7.950000  0.862569  1.144675
8.000000  0.856638  1.138114
8.050000  0.850722  1.131587
8.100000  0.845444  1.124600
8.150000  0.840177  1.117648
8.200000  0.835559  1.110310
8.250000  0.830951  1.103007
8.300000  0.827000  1.095393
8.350000  0.823055  1.087813
8.400000  0.819772  1.079994
8.450000  0.816494  1.072209
8.500000  0.813877  1.064254
8.550000  0.811262  1.056331
8.600000  0.809307  1.048304
8.650000  0.807352  1.040308
8.700000  0.806052  1.032271
8.750000  0.804752  1.024263
8.800000  0.804100  1.016272
8.850000  0.803446  1.008309
8.900000  0.803432  1.000417
8.950000  0.803415  0.992551
9.000000  0.804031  0.984808
9.050000  0.804641  0.977088
9.100000  0.805874  0.969537
9.150000  0.807102  0.962009
9.200000  0.808941  0.954692
9.250000  0.810773  0.947395
9.300000  0.813206  0.940350
9.350000  0.815631  0.933324
9.400000  0.818644  0.926584
9.450000  0.821649  0.919862
9.500000  0.825228  0.913459
9.550000  0.828799  0.907073
9.600000  0.832930  0.901036
9.650000  0.837052  0.895014
9.700000  0.841718  0.889368
9.750000  0.846374  0.883738
9.800000  0.851558  0.878507
9.850000  0.856731  0.873291
9.900000  0.862414  0.868498
9.950000  0.868084  0.863718
10.000000  0.874244  0.859383
10.050000  0.880391  0.855060
10.100000  0.887005  0.851201
10.150000  0.893604  0.847354
10.200000  0.900645  0.843989
10.250000  0.907671  0.840635
10.300000  0.915110  0.837779
10.350000  0.922533  0.834935
10.400000  0.930338  0.832605
10.450000  0.938125  0.830285
10.500000  0.946259  0.828495
10.550000  0.954374  0.826714
10.600000  0.962797  0.825478
10.650000  0.971199  0.824249
10.700000  0.979866  0.823578
10.750000  0.988510  0.822915
10.800000  0.997371  0.822822
10.850000  1.006207  0.822735
10.900000  1.015208  0.823230
10.950000  1.024181  0.823731
11.000000  1.033261  0.824824
11.050000  1.042311  0.825921
11.100000  1.051405  0.827620
11.150000  1.060467  0.829321
11.200000  1.069505  0.831631
11.250000  1.078509  0.833943
11.300000  1.087414  0.836869
11.350000  1.096284  0.839795
11.400000  1.104977  0.843338
11.450000  1.113633  0.846879
11.500000  1.122030  0.851036
11.550000  1.130387  0.855191
11.600000  1.138399  0.859957
11.650000  1.146370  0.864718
11.700000  1.153907  0.870082
11.750000  1.161403  0.875439
11.800000  1.168374  0.881386
11.850000  1.175303  0.887322
11.900000  1.181617  0.893830
11.950000  1.187889  0.900324
12.000000  1.193457  0.907363
12.050000  1.198985  0.914385
12.100000  1.203722  0.921919
12.150000  1.208422  0.929432
12.200000  1.212250  0.937416
12.250000  1.216043  0.945375
12.300000  1.218892  0.953755
12.350000  1.221711  0.962106
12.400000  1.223522  0.970820
12.450000  1.225307  0.979500
12.500000  1.226034  0.988475
12.550000  1.226740  0.997412
12.600000  1.226351  1.006568
12.650000  1.225949  1.015681
12.700000  1.224429  1.024927
12.750000  1.222903  1.034128
12.800000  1.220255  1.043368
12.850000  1.217609  1.052560
12.900000  1.213856  1.061691
12.950000  1.210111  1.070773
13.000000  1.205291  1.079690
13.050000  1.200489  1.088556
13.100000  1.194660  1.097149
13.150000  1.188857  1.105692
13.200000  1.182095  1.113855
13.250000  1.175366  1.121968
13.300000  1.167759  1.129595
13.350000  1.160192  1.137175
13.400000  1.151844  1.144169
13.450000  1.143541  1.151118
13.500000  1.134563  1.157387
13.550000  1.125635  1.163617
13.600000  1.116146  1.169083
13.650000  1.106710  1.174514
13.700000  1.096832  1.179109
13.750000  1.087010  1.183676
13.800000  1.076867  1.187348
13.850000  1.066779  1.190999
13.900000  1.056491  1.193711
13.950000  1.046258  1.196408
14.000000  1.035942  1.198139
14.050000  1.025679  1.199861
14.100000  1.015442  1.200604
14.150000  1.005257  1.201345
14.200000  0.995202  1.201109
14.250000  0.985195  1.200878
14.300000  0.975412  1.199686
14.350000  0.965673  1.198507
14.400000  0.956242  1.196395
14.450000  0.946852  1.194301
14.500000  0.937845  1.191317
14.550000  0.928874  1.188355
14.600000  0.920349  1.184555
14.650000  0.911856  1.180781
14.700000  0.903864  1.176229
14.750000  0.895900  1.171706
14.800000  0.888481  1.166471
14.850000  0.881086  1.161268
14.900000  0.874272  1.155424
14.950000  0.867478  1.149613
15.000000  0.861294  1.143236
15.050000  0.855125  1.136893
15.100000  0.849588  1.130059
15.150000  0.844063  1.123260
15.200000  0.839184  1.116047
15.250000  0.834314  1.108868
15.300000  0.830101  1.101349
15.350000  0.825894  1.093864
15.400000  0.822348  1.086113
15.450000  0.818808  1.078395
15.500000  0.815929  1.070481
15.550000  0.813054  1.062599
15.600000  0.810840  1.054589
15.650000  0.808627  1.046610
15.700000  0.807071  1.038566
15.750000  0.805515  1.030551
15.800000  0.804610  1.022532
15.850000  0.803703  1.014540
15.900000  0.803441  1.006600
15.950000  0.803176  0.998685
16.000000  0.803547  0.990874
16.050000  0.803913  0.983088
16.100000  0.804906  0.975453
16.150000  0.805894  0.967841
16.200000  0.807498  0.960424
16.250000  0.809096  0.953028
16.300000  0.811299  0.945869
16.350000  0.813494  0.938729
16.400000  0.816283  0.931863
16.450000  0.819064  0.925015
16.500000  0.822425  0.918473
16.550000  0.825777  0.911949
16.600000  0.829696  0.905762
16.650000  0.833605  0.899592
16.700000  0.838066  0.893787
16.750000  0.842516  0.887998
16.800000  0.847502  0.882600
16.850000  0.852477  0.877216
16.900000  0.857969  0.872247
16.950000  0.863450  0.867292
17.000000  0.869428  0.862773
17.050000  0.875393  0.858267
17.100000  0.881835  0.854217
17.150000  0.888263  0.850180
17.200000  0.895143  0.846617
17.250000  0.902008  0.843066
17.300000  0.909299  0.840008
17.350000  0.916573  0.836961
17.400000  0.924242  0.834422
17.450000  0.931894  0.831894
17.500000  0.939908  0.829890
17.550000  0.947903  0.827895
17.600000  0.956222  0.826439
17.650000  0.964520  0.824992
17.700000  0.973102  0.824098
17.750000  0.981660  0.823211
17.800000  0.990457  0.822890
17.850000  0.999228  0.822576
17.900000  1.008185  0.822839
17.950000  1.017116  0.823108
18.000000  1.026177  0.823966
18.050000  1.035209  0.824829
18.100000  1.044311  0.826289
18.150000  1.053382  0.827754
18.200000  1.062455  0.829824
18.250000  1.071495  0.831897
18.300000  1.080467  0.834582
18.350000  1.089404  0.837269
18.400000  1.098195  0.840571
18.450000  1.106950  0.843872
18.500000  1.115478  0.847791
18.550000  1.123967  0.851707
18.600000  1.132146  0.856238
18.650000  1.140284  0.860764
18.700000  1.148022  0.865898
18.750000  1.155720  0.871025
18.800000  1.162928  0.876749
18.850000  1.170095  0.882462
18.900000  1.176681  0.888757
18.950000  1.183226  0.895038
19.000000  1.189101  0.901876
19.050000  1.194935  0.908698
19.100000  1.200011  0.916047
19.150000  1.205048  0.923376
19.200000  1.209244  0.931194
19.250000  1.213404  0.938988
19.300000  1.216648  0.947225
19.350000  1.219858  0.955433
19.400000  1.222084  0.964030
19.450000  1.224282  0.972594
19.500000  1.225439  0.981481
19.550000  1.226574  0.990331
19.600000  1.226625  0.999431
19.650000  1.226660  1.008491
19.700000  1.225584  1.017718
19.750000  1.224498  1.026901
19.800000  1.222290  1.036161
19.850000  1.220080  1.045374
19.900000  1.216754  1.054566
19.950000  1.213434  1.063709
20.000000  1.209023  1.072729
20.050000  1.204626  1.081698
20.100000  1.199181  1.090436
20.150000  1.193759  1.099124
20.200000  1.187348  1.107473
20.250000  1.180968  1.115773
20.300000  1.173676  1.123627
20.350000  1.166421  1.131433
20.400000  1.158345  1.138691
20.450000  1.150313  1.145903
20.500000  1.141562  1.152470
20.550000  1.132859  1.158996
20.600000  1.123550  1.164789
20.650000  1.114293  1.170545
20.700000  1.104546  1.175491
20.750000  1.094854  1.180407
20.800000  1.084794  1.184449
20.850000  1.074790  1.188466
20.900000  1.064538  1.191560
20.950000  1.054342  1.194636
21.000000  1.044017  1.196753
21.050000  1.033746  1.198860
21.100000  1.023460  1.199990
21.150000  1.013226  1.201116
21.200000  1.003082  1.201261
21.250000  0.992988  1.201409
21.300000  0.983083  1.200587
21.350000  0.973223  1.199774
21.400000  0.963640  1.198017
21.450000  0.954099  1.196274
21.500000  0.944914  1.193624
21.550000  0.935766  1.190994
21.600000  0.927041  1.187504
21.650000  0.918350  1.184038
21.700000  0.910140  1.179769
21.750000  0.901959  1.175529
21.800000  0.894308  1.170549
21.850000  0.886682  1.165601
21.900000  0.879624  1.159983
21.950000  0.872588  1.154397
22.000000  0.866152  1.148216
22.050000  0.859733  1.142069
22.100000  0.853938  1.135400
22.150000  0.848157  1.128767
22.200000  0.843016  1.121689
22.250000  0.837887  1.114645
22.300000  0.833410  1.107233
22.350000  0.828942  1.099855
22.400000  0.825133  1.092182
22.450000  0.821330  1.084542
22.500000  0.818189  1.076680
22.550000  0.815052  1.068850
22.600000  0.812578  1.060865
22.650000  0.810105  1.052912
22.700000  0.808291  1.044870
22.750000  0.806478  1.036857
22.800000  0.805319  1.028817
22.850000  0.804158  1.020806
22.900000  0.803646  1.012824
22.950000  0.803130  1.004869
23.000000  0.803255  0.996998
23.050000  0.803375  0.989152
23.100000  0.804126  0.981439
23.150000  0.804872  0.973749
23.200000  0.806239  0.966238
23.250000  0.807600  0.958749
23.300000  0.809570  0.951481
23.350000  0.811534  0.944233
23.400000  0.814096  0.937245
23.450000  0.816650  0.930275
23.500000  0.819790  0.923599
23.550000  0.822922  0.916942
23.600000  0.826625  0.910610
23.650000  0.830320  0.904295
23.700000  0.834572  0.898334
23.750000  0.838814  0.892390
23.800000  0.843598  0.886827
23.850000  0.848372  0.881279
23.900000  0.853670  0.876137
23.950000  0.858957  0.871009
24.000000  0.864750  0.866309
24.050000  0.870530  0.861622
24.100000  0.876796  0.857385
24.150000  0.883048  0.853159
24.200000  0.889763  0.849403
24.250000  0.896463  0.845657
24.300000  0.903599  0.842398
24.350000  0.910720  0.839150
24.400000  0.918248  0.836404
24.450000  0.925759  0.833669
24.500000  0.933646  0.831453
24.550000  0.941515  0.829246
24.600000  0.949723  0.827573
24.650000  0.957911  0.825909
24.700000  0.966399  0.824792
24.750000  0.974865  0.823684
24.800000  0.983588  0.823136
24.850000  0.992286  0.822596
24.900000  1.001192  0.822628
24.950000  1.010071  0.822667
25.000000  1.019103  0.823291
25.050000  1.028108  0.823920
25.100000  1.037206  0.825144
25.150000  1.046274  0.826372
25.200000  1.055373  0.828203
25.250000  1.064438  0.830037
25.300000  1.073464  0.832482
25.350000  1.082455  0.834928
25.400000  1.091332  0.837989
25.450000  1.100173  0.841051
25.500000  1.108819  0.844729
25.550000  1.117428  0.848406
25.600000  1.125759  0.852699
25.650000  1.134050  0.856989
25.700000  1.141977  0.861890
25.750000  1.149863  0.866785
25.800000  1.157295  0.872282
25.850000  1.164685  0.877770
25.900000  1.171531  0.883846
25.950000  1.178335  0.889911
26.000000  1.184503  0.896542
26.050000  1.190631  0.903159
26.100000  1.196033  0.910316
26.150000  1.201397  0.917454
26.200000  1.205950  0.925098
26.250000  1.210467  0.932719
26.300000  1.214095  0.940802
26.350000  1.217688  0.948859
26.400000  1.220322  0.957327
26.450000  1.222926  0.965764
26.500000  1.224509  0.974550
26.550000  1.226067  0.983302
26.600000  1.226556  0.992334
26.650000  1.227026  1.001326
26.700000  1.226393  1.010520
26.750000  1.225748  1.019671
26.800000  1.223982  1.028935
26.850000  1.222211  1.038153
26.900000  1.219319  1.047390
26.950000  1.216430  1.056579
27.000000  1.212437  1.065684
27.050000  1.208455  1.074740
27.100000  1.203405  1.083607
27.150000  1.198374  1.092423
27.200000  1.192329  1.100944
27.250000  1.186311  1.109413
27.300000  1.179349  1.117479
27.350000  1.172422  1.125496
27.400000  1.164636  1.133004
27.450000  1.156891  1.140465
27.500000  1.148385  1.147318
27.550000  1.139927  1.154128
27.600000  1.130816  1.160238
27.650000  1.121756  1.166309
27.700000  1.112160  1.171598
27.750000  1.102618  1.176854
27.800000  1.092660  1.181259
27.850000  1.082757  1.185638
27.900000  1.072560  1.189109
27.950000  1.062418  1.192560
28.000000  1.052102  1.195064
28.050000  1.041841  1.197555
28.100000  1.031520  1.199073
28.150000  1.021252  1.200584
28.200000  1.011035  1.201114
28.250000  1.000868  1.201644
28.300000  0.990853  1.201197
28.350000  0.980885  1.200758
28.400000  0.971161  1.199361
28.450000  0.961481  1.197978
28.500000  0.952126  1.195670
28.550000  0.942811  1.193380
28.600000  0.933894  1.190210
28.650000  0.925012  1.187062
28.700000  0.916590  1.183088
28.750000  0.908200  1.179141
28.800000  0.900321  1.174429
28.850000  0.892469  1.169746
28.900000  0.885172  1.164366
28.950000  0.877897  1.159018
29.000000  0.871211  1.153044
29.050000  0.864545  1.147104
29.100000  0.858494  1.140614
29.150000  0.852458  1.134158
29.200000  0.847057  1.127227
29.250000  0.841669  1.120331
29.300000  0.836929  1.113036
29.350000  0.832199  1.105776
29.400000  0.828127  1.098192
29.450000  0.824061  1.090642
29.500000  0.820657  1.082841
29.550000  0.817258  1.075073
29.600000  0.814522  1.067125
29.650000  0.811788  1.059207
29.700000  0.809715  1.051176
29.750000  0.807643  1.043175
29.800000  0.806228  1.035123
29.850000  0.804812  1.027100
29.900000  0.804047  1.019085
29.950000  0.803280  1.011097
30.000000  0.803156  1.003173
30.050000  0.803028  0.995274
30.100000  0.803535  0.987489
30.150000  0.804038  0.979729
30.200000  0.805165  0.972130
30.250000  0.806287  0.964554
30.300000  0.808023  0.957183
30.350000  0.809753  0.949832
30.400000  0.812085  0.942726
30.450000  0.814411  0.935640
30.500000  0.817327  0.928835
30.550000  0.820235  0.922048
30.600000  0.823721  0.915575
30.650000  0.827198  0.909119
30.700000  0.831239  0.903007
30.750000  0.835270  0.896911
30.800000  0.839849  0.891187
30.850000  0.844419  0.885478
30.900000  0.849520  0.880166
30.950000  0.854610  0.874868
31.000000  0.860214  0.869990
31.050000  0.865805  0.865126
31.100000  0.871891  0.860702
31.150000  0.877964  0.856292
31.200000  0.884508  0.852343
31.250000  0.891038  0.848405
31.300000  0.898016  0.844947
31.350000  0.904978  0.841500
31.400000  0.912360  0.838550
31.450000  0.919725  0.835611
31.500000  0.927479  0.833184
31.550000  0.935215  0.830767
31.600000  0.943306  0.828878
31.650000  0.951377  0.826999
31.700000  0.959765  0.825661
31.750000  0.968131  0.824332
31.800000  0.976772  0.823560
31.850000  0.985389  0.822794
31.900000  0.994234  0.822598
31.950000  1.003052  0.822408
32.000000  1.012047  0.822799
32.050000  1.021014  0.823195
32.100000  1.030099  0.824183
32.150000  1.039154  0.825175
32.200000  1.048266  0.826767
32.250000  1.057346  0.828364
32.300000  1.066414  0.830568
32.350000  1.075448  0.832774
32.400000  1.084398  0.835594
32.450000  1.093312  0.838415
32.500000  1.102064  0.841853
32.550000  1.110779  0.845290
32.600000  1.119249  0.849344
32.650000  1.127680  0.853395
32.700000  1.135782  0.858061
32.750000  1.143842  0.862721
32.800000  1.151484  0.867989
32.850000  1.159085  0.873248
32.900000  1.166176  0.879102
32.950000  1.173225  0.884946
33.000000  1.179674  0.891366
33.050000  1.186082  0.897772
33.100000  1.191799  0.904731
33.150000  1.197476  0.911672
33.200000  1.202376  0.919133
33.250000  1.207238  0.926574
33.300000  1.211241  0.934495
33.350000  1.215208  0.942391
33.400000  1.218241  0.950720
33.450000  1.221243  0.959019
33.500000  1.223246  0.967694
33.550000  1.225222  0.976335
33.600000  1.226146  0.985285
33.650000  1.227048  0.994198
33.700000  1.226857  1.003344
33.750000  1.226652  1.012448
33.800000  1.225330  1.021702
33.850000  1.224001  1.030910
33.900000  1.221547  1.040176
33.950000  1.219093  1.049394
34.000000  1.215526  1.058569
34.050000  1.211966  1.067695
34.100000  1.207321  1.076674
34.150000  1.202693  1.085603
34.200000  1.197026  1.094277
34.250000  1.191383  1.102902
34.300000  1.184766  1.111164
34.350000  1.178181  1.119376
34.400000  1.170702  1.127120
34.450000  1.163261  1.134816
34.500000  1.155019  1.141941
34.550000  1.146822  1.149022
34.600000  1.137929  1.155438
34.650000  1.129085  1.161812
34.700000  1.119659  1.167435
34.750000  1.110285  1.173023
34.800000  1.100448  1.177785
34.850000  1.090666  1.182517
34.900000  1.080542  1.186362
34.950000  1.070473  1.190184
35.000000  1.060183  1.193072
35.050000  1.049949  1.195944
35.100000  1.039610  1.197851
35.150000  1.029326  1.199749
35.200000  1.019049  1.200665
35.250000  1.008825  1.201580
35.300000  0.998713  1.201514
35.350000  0.988651  1.201452
35.400000  0.978797  1.200423
35.450000  0.968988  1.199405
35.500000  0.959475  1.197447
35.550000  0.950003  1.195506
35.600000  0.940902  1.192666
35.650000  0.931838  1.189846
35.700000  0.923211  1.186177
35.750000  0.914617  1.182534
35.800000  0.906516  1.178100
35.850000  0.898444  1.173695
35.900000  0.890911  1.168564
35.950000  0.883402  1.163465
36.000000  0.876470  1.157712
36.050000  0.869559  1.151991
36.100000  0.863254  1.145690
36.150000  0.856965  1.139423
36.200000  0.851306  1.132652
36.250000  0.845659  1.125915
36.300000  0.840657  1.118750
36.350000  0.835666  1.111619
36.400000  0.831330  1.104136
36.450000  0.827001  1.096686
36.500000  0.823334  1.088958
36.550000  0.819672  1.081263
36.600000  0.816673  1.073359
36.650000  0.813677  1.065488
36.700000  0.811344  1.057477
36.750000  0.809013  1.049497
36.800000  0.807340  1.041442
36.850000  0.805667  1.033416
36.900000  0.804648  1.025376
36.950000  0.803627  1.017364
37.000000  0.803252  1.009393
37.050000  0.802875  1.001449
37.100000  0.803136  0.993600
37.150000  0.803393  0.985776
37.200000  0.804279  0.978096
37.250000  0.805160  0.970438
37.300000  0.806659  0.962969
37.350000  0.808152  0.955522
37.400000  0.810253  0.948304
37.450000  0.812348  0.941106
37.500000  0.815038  0.934176
37.550000  0.817720  0.927264
37.600000  0.820985  0.920654
37.650000  0.824242  0.914062
37.700000  0.828069  0.907802
37.750000  0.831886  0.901559
37.800000  0.836258  0.895677
37.850000  0.840620  0.889810
37.900000  0.845521  0.884331
37.950000  0.850411  0.878867
38.000000  0.855822  0.873814
38.050000  0.861222  0.868774
38.100000  0.867123  0.864168
38.150000  0.873013  0.859575
38.200000  0.879383  0.855436
38.250000  0.885739  0.851309
38.300000  0.892553  0.847654
38.350000  0.899352  0.844011
38.400000  0.906582  0.840858
38.450000  0.913795  0.837716
38.500000  0.921411  0.835081
38.550000  0.929009  0.832456
38.600000  0.936976  0.830353
38.650000  0.944924  0.828260
38.700000  0.953204  0.826704
38.750000  0.961464  0.825157
38.800000  0.970015  0.824160
38.850000  0.978543  0.823172
38.900000  0.987318  0.822747
38.950000  0.996068  0.822330
39.000000  1.005015  0.822488
39.050000  1.013935  0.822653
39.100000  1.022997  0.823406
39.150000  1.032030  0.824163
39.200000  1.041144  0.825517
39.250000  1.050227  0.826876
39.300000  1.059326  0.828840
39.350000  1.068392  0.830807
39.400000  1.077402  0.833386
39.450000  1.086378  0.835966
39.500000  1.095223  0.839162
39.550000  1.104030  0.842359
39.600000  1.112627  0.846173
39.650000  1.121184  0.849985
39.700000  1.129446  0.854413
39.750000  1.137668  0.858837
39.800000  1.145506  0.863872
39.850000  1.153303  0.868900
39.900000  1.160626  0.874528
39.950000  1.167907  0.880147
40.000000  1.174623  0.886351
40.050000  1.181298  0.892542
40.100000  1.187317  0.899296
40.150000  1.193296  0.906034
40.200000  1.198530  0.913307
40.250000  1.203726  0.920560
40.300000  1.208093  0.928310
40.350000  1.212423  0.936037
40.400000  1.215848  0.944217
40.450000  1.219239  0.952369
40.500000  1.221655  0.960921
40.550000  1.224042  0.969440
40.600000  1.225396  0.978296
40.650000  1.226725  0.987117
40.700000  1.226976  0.996201
40.750000  1.227209  1.005245
40.800000  1.226332  1.014473
40.850000  1.225445  1.023657
40.900000  1.223433  1.032935
40.950000  1.221419  1.042167
41.000000  1.218283  1.051396
41.050000  1.215152  1.060576
41.100000  1.210922  1.069650
41.150000  1.206705  1.078675
41.200000  1.201428  1.087488
41.250000  1.196173  1.096250
41.300000  1.189915  1.104692
41.350000  1.183687  1.113084
41.400000  1.176530  1.121049
41.450000  1.169409  1.128965
41.500000  1.161448  1.136349
41.550000  1.153530  1.143688
41.600000  1.144874  1.150397
41.650000  1.136264  1.157063
41.700000  1.127027  1.163010
41.750000  1.117841  1.168919
41.800000  1.108145  1.174030
41.850000  1.098502  1.179108
41.900000  1.088470  1.183321
41.950000  1.078493  1.187509
42.000000  1.068247  1.190778
42.050000  1.058057  1.194029
42.100000  1.047718  1.196324
42.150000  1.037433  1.198607
42.200000  1.027113  1.199913
42.250000  1.016847  1.201215
42.300000  1.006653  1.201532
42.350000  0.996509  1.201852
42.400000  0.986538  1.201196
42.450000  0.976614  1.200550
42.500000  0.966952  1.198950
42.550000  0.957333  1.197365
42.600000  0.948058  1.194863
42.650000  0.938821  1.192381
42.700000  0.929997  1.189027
42.750000  0.921207  1.185698
42.800000  0.912890  1.181553
42.850000  0.904603  1.177436
42.900000  0.896839  1.172568
42.950000  0.889101  1.167729
43.000000  0.881926  1.162208
43.050000  0.874774  1.156719
43.100000  0.868217  1.150619
43.150000  0.861678  1.144554
43.200000  0.855761  1.137954
43.250000  0.849858  1.131389
43.300000  0.844595  1.124365
43.350000  0.839343  1.117375
43.400000  0.834743  1.110003
43.450000  0.830152  1.102666
43.500000  0.826220  1.095021
43.550000  0.822295  1.087409
43.600000  0.819033  1.079562
43.650000  0.815774  1.071747
43.700000  0.813180  1.063766
43.750000  0.810587  1.055817
43.800000  0.808655  1.047767
43.850000  0.806724  1.039748
43.900000  0.805449  1.031691
43.950000  0.804172  1.023662
44.000000  0.803546  1.015654
44.050000  0.802917  1.007673
44.100000  0.802930  0.999766
44.150000  0.802939  0.991885
44.200000  0.803581  0.984129
44.250000  0.804219  0.976397
44.300000  0.805480  0.968836
44.350000  0.806735  0.961298
44.400000  0.808602  0.953973
44.450000  0.810463  0.946670
44.500000  0.812924  0.939619
44.550000  0.815378  0.932588
44.600000  0.818421  0.925845
44.650000  0.821455  0.919121
44.700000  0.825065  0.912717
44.750000  0.828665  0.906330
44.800000  0.832827  0.900294
44.850000  0.836979  0.894274
44.900000  0.841676  0.888631
44.950000  0.846363  0.883003
45.000000  0.851578  0.877778
45.050000  0.856782  0.872567
45.100000  0.862496  0.867781
45.150000  0.868198  0.863008
45.200000  0.874390  0.858681
45.250000  0.880568  0.854367
45.300000  0.887214  0.850518
45.350000  0.893845  0.846681
45.400000  0.900918  0.843327
45.450000  0.907976  0.839985
45.500000  0.915447  0.837144
45.550000  0.922901  0.834312
45.600000  0.930738  0.831998
45.650000  0.938557  0.829693
45.700000  0.946723  0.827919
45.750000  0.954868  0.826155
45.800000  0.963323  0.824936
45.850000  0.971755  0.823726
45.900000  0.980452  0.823075
45.950000  0.989125  0.822432
46.000000  0.998016  0.822360
46.050000  1.006880  0.822294
46.100000  1.015909  0.822812
46.150000  1.024909  0.823336
46.200000  1.034015  0.824453
46.250000  1.043091  0.825575
46.300000  1.052209  0.827299
46.350000  1.061295  0.829027
46.400000  1.070355  0.831364
46.450000  1.079380  0.833704
46.500000  1.088304  0.836659
46.550000  1.097193  0.839614
46.600000  1.105902  0.843187
46.650000  1.114573  0.846759
46.700000  1.122982  0.850948
46.750000  1.131351  0.855134
46.800000  1.139371  0.859934
46.850000  1.147350  0.864728
46.900000  1.154892  0.870127
46.950000  1.162391  0.875518
47.000000  1.169361  0.881501
47.050000  1.176290  0.887473
47.100000  1.182598  0.894018
47.150000  1.188864  0.900547
47.200000  1.194421  0.907624
47.250000  1.199938  0.914683
47.300000  1.204659  0.922255
47.350000  1.209342  0.929804
47.400000  1.213148  0.937826
47.450000  1.216919  0.945822
47.500000  1.219741  0.954240
47.550000  1.222532  0.962627
47.600000  1.224310  0.971377
47.650000  1.226062  0.980092
47.700000  1.226751  0.989102
47.750000  1.227419  0.998073
47.800000  1.226987  1.007260
47.850000  1.226542  1.016406
47.900000  1.224975  1.025681
47.950000  1.223402  1.034911
48.000000  1.220704  1.044177
48.050000  1.218008  1.053395
48.100000  1.214200  1.062549
48.150000  1.210403  1.071653
48.200000  1.205527  1.080587
48.250000  1.200670  1.089471
48.300000  1.194785  1.098077
48.350000  1.188926  1.106633
48.400000  1.182107  1.114803
48.450000  1.175322  1.122923
48.500000  1.167660  1.130553
48.550000  1.160038  1.138134
48.600000  1.151636  1.145124
48.650000  1.143279  1.152070
48.700000  1.134250  1.158329
48.750000  1.125271  1.164550
48.800000  1.115733  1.170000
48.850000  1.106250  1.175417
48.900000  1.096328  1.179991
48.950000  1.086462  1.184538
49.000000  1.076279  1.188185
49.050000  1.066152  1.191810
49.100000  1.055829  1.194492
49.150000  1.045561  1.197159
49.200000  1.035215  1.198855
49.250000  1.024922  1.200544
49.300000  1.014660  1.201249
49.350000  1.004450  1.201953
49.400000  0.994375  1.201677
49.450000  0.984348  1.201406
49.500000  0.974550  1.200172
49.550000  0.964796  1.198951
49.600000  0.955355  1.196796
49.650000  0.945955  1.194659
49.700000  0.936941  1.191631
49.750000  0.927964  1.188625
49.800000  0.919438  1.184781
49.850000  0.910943  1.180963
49.900000  0.902953  1.176367
49.950000  0.894990  1.171800
50.000000  0.887577  1.166523
50.050000  0.880187  1.161277
50.100000  0.873382  1.155392
50.150000  0.866596  1.149540
50.200000  0.860422  1.143124
50.250000  0.854265  1.136741
50.300000  0.848741  1.129871
50.350000  0.843230  1.123035
50.400000  0.838367  1.115786
50.450000  0.833513  1.108572
50.500000  0.829317  1.101021
50.550000  0.825128  1.093504
50.600000  0.821602  1.085723
50.650000  0.818080  1.077975
50.700000  0.815223  1.070035
50.750000  0.812368  1.062126
50.800000  0.810176  1.054092
50.850000  0.807985  1.046088
50.900000  0.806452  1.038022
50.950000  0.804919  1.029986
51.000000  0.804038  1.021948
51.050000  0.803156  1.013937
51.100000  0.802919  1.005981
51.150000  0.802679  0.998050
51.200000  0.803075  0.990226
51.250000  0.803468  0.982426
51.300000  0.804487  0.974780
51.350000  0.805502  0.967156
51.400000  0.807133  0.959731
51.450000  0.808758  0.952327
51.500000  0.810989  0.945161
51.550000  0.813212  0.938015
51.600000  0.816029  0.931144
51.650000  0.818839  0.924292
51.700000  0.822228  0.917748
51.750000  0.825610  0.911222
51.800000  0.829558  0.905036
51.850000  0.833497  0.898866
51.900000  0.837988  0.893063
51.950000  0.842468  0.887275
52.000000  0.847484  0.881881
52.050000  0.852490  0.876501
52.100000  0.858012  0.871537
52.150000  0.863524  0.866587
52.200000  0.869533  0.862076
52.250000  0.875529  0.857577
52.300000  0.882003  0.853536
52.350000  0.888462  0.849508
52.400000  0.895373  0.845956
52.450000  0.902270  0.842416
52.500000  0.909592  0.839370
52.550000  0.916897  0.836334
52.600000  0.924598  0.833810
52.650000  0.932281  0.831295
52.700000  0.940326  0.829306
52.750000  0.948351  0.827327
52.800000  0.956702  0.825888
52.850000  0.965030  0.824457
52.900000  0.973642  0.823581
52.950000  0.982230  0.822713
53.000000  0.991056  0.822412
53.050000  0.999856  0.822117
53.100000  1.008841  0.822402
53.150000  1.017800  0.822693
53.200000  1.026888  0.823574
53.250000  1.035946  0.824459
53.300000  1.045073  0.825944
53.350000  1.054168  0.827434
53.400000  1.063264  0.829530
53.450000  1.072327  0.831629
53.500000  1.081319  0.834342
53.550000  1.090275  0.837056
53.600000  1.099084  0.840387
53.650000  1.107856  0.843718
53.700000  1.116398  0.847667
53.750000  1.124901  0.851614
53.800000  1.133090  0.856177
53.850000  1.141238  0.860735
53.900000  1.148984  0.865902
53.950000  1.156687  0.871062
54.000000  1.163898  0.876821
54.050000  1.171066  0.882569
54.100000  1.177650  0.888899
54.150000  1.184191  0.895216
54.200000  1.190058  0.902090
54.250000  1.195884  0.908948
54.300000  1.200947  0.916334
54.350000  1.205971  0.923700
54.400000  1.210148  0.931555
54.450000  1.214290  0.939385
54.500000  1.217509  0.947659
54.550000  1.220695  0.955904
54.600000  1.222892  0.964536
54.650000  1.225060  0.973135
54.700000  1.226183  0.982057
54.750000  1.227283  0.990942
54.800000  1.227294  1.000075
54.850000  1.227290  1.009167
54.900000  1.226169  1.018425
54.950000  1.225040  1.027638
55.000000  1.222783  1.036925
55.050000  1.220526  1.046166
55.100000  1.217149  1.055382
55.150000  1.213778  1.064549
55.200000  1.209314  1.073588
55.250000  1.204864  1.082577
55.300000  1.199365  1.091331
55.350000  1.193888  1.100034
55.400000  1.187422  1.108393
55.450000  1.180986  1.116703
55.500000  1.173639  1.124562
55.550000  1.166330  1.132373
55.600000  1.158200  1.139630
55.650000  1.150114  1.146841
55.700000  1.141312  1.153402
55.750000  1.132558  1.159922
55.800000  1.123200  1.165703
55.850000  1.113894  1.171447
55.900000  1.104102  1.176377
55.950000  1.094365  1.181275
56.000000  1.084264  1.185294
56.050000  1.074219  1.189289
56.100000  1.063930  1.192356
56.150000  1.053698  1.195405
56.200000  1.043341  1.197491
56.250000  1.033038  1.199567
56.300000  1.022725  1.200661
56.350000  1.012463  1.201753
56.400000  1.002298  1.201860
56.450000  0.992182  1.201970
56.500000  0.982259  1.201108
56.550000  0.972382  1.200255
56.600000  0.962786  1.198456
56.650000  0.953233  1.196672
56.700000  0.944039  1.193979
56.750000  0.934883  1.191306
56.800000  0.926154  1.187773
56.850000  0.917459  1.184264
56.900000  0.909248  1.179953
56.950000  0.901067  1.175669
57.000000  0.893419  1.170648
57.050000  0.885796  1.165657
57.100000  0.878746  1.159998
57.150000  0.871716  1.154372
57.200000  0.865289  1.148151
57.250000  0.858879  1.141964
57.300000  0.853096  1.135259
57.350000  0.847326  1.128588
57.400000  0.842200  1.121474
57.450000  0.837085  1.114395
57.500000  0.832624  1.106950
57.550000  0.828172  1.099539
57.600000  0.824381  1.091835
57.650000  0.820595  1.084166
57.700000  0.817474  1.076275
57.750000  0.814357  1.068417
57.800000  0.811903  1.060407
57.850000  0.809450  1.052429
57.900000  0.807659  1.044364
57.950000  0.805867  1.036329
58.000000  0.804731  1.028269
58.050000  0.803594  1.020238
58.100000  0.803105  1.012239
58.150000  0.802613  1.004267
58.200000  0.802762  0.996381
58.250000  0.802908  0.988520
58.300000  0.803684  0.980794
58.350000  0.804456  0.973092
58.400000  0.805849  0.965572
58.450000  0.807236  0.958073
58.500000  0.809233  0.950797
58.550000  0.811224  0.943542
58.600000  0.813813  0.936548
58.650000  0.816395  0.929573
58.700000  0.819563  0.922894
58.750000  0.822723  0.916233
58.800000  0.826455  0.909900
58.850000  0.830178  0.903583
58.900000  0.834459  0.897624
58.950000  0.838730  0.891680
59.000000  0.843544  0.886120
59.050000  0.848347  0.880574
59.100000  0.853676  0.875436
59.150000  0.858992  0.870312
59.200000  0.864816  0.865619
59.250000  0.870626  0.860938
59.300000  0.876923  0.856708
59.350000  0.883205  0.852490
59.400000  0.889951  0.848743
59.450000  0.896681  0.845007
59.500000  0.903849  0.841758
59.550000  0.911000  0.838521
59.600000  0.918560  0.835788
59.650000  0.926101  0.833065
59.700000  0.934019  0.830863
59.750000  0.941918  0.828670
59.800000  0.950157  0.827013
59.850000  0.958375  0.825364
59.900000  0.966894  0.824264
59.950000  0.975390  0.823173
60.000000  0.984141  0.822644
60.050000  0.992869  0.822122
60.100000  1.001802  0.822175
60.150000  1.010710  0.822234
60.200000  1.019769  0.822879
60.250000  1.028801  0.823530
60.300000  1.037925  0.824776
60.350000  1.047018  0.826028
60.400000  1.056140  0.827884
60.450000  1.065229  0.829743
60.500000  1.074276  0.832213
60.550000  1.083289  0.834686
60.600000  1.092185  0.837775
60.650000  1.101044  0.840864
60.700000  1.109706  0.844572
60.750000  1.118330  0.848278
60.800000  1.126674  0.852602
60.850000  1.134977  0.856922
60.900000  1.142913  0.861855
60.950000  1.150807  0.866782
61.000000  1.158243  0.872313
61.050000  1.165638  0.877834
61.100000  1.172484  0.883945
61.150000  1.179287  0.890044
61.200000  1.185451  0.896711
61.250000  1.191573  0.903363
61.300000  1.196966  0.910556
61.350000  1.202319  0.917730
61.400000  1.206857  0.925410
61.450000  1.211358  0.933067
61.500000  1.214965  0.941186
61.550000  1.218538  0.949279
61.600000  1.221146  0.957783
61.650000  1.223723  0.966255
61.700000  1.225275  0.975077
61.750000  1.226802  0.983863
61.800000  1.227255  0.992928
61.850000  1.227689  1.001954
61.900000  1.227015  1.011179
61.950000  1.226329  1.020361
62.000000  1.224518  1.029654
62.050000  1.222702  1.038901
62.100000  1.219762  1.048163
62.150000  1.216824  1.057377
62.200000  1.212780  1.066504
62.250000  1.208747  1.075581
62.300000  1.203644  1.084466
62.350000  1.198561  1.093300
62.400000  1.192461  1.101833
62.450000  1.186390  1.110315
62.500000  1.179374  1.118389
62.550000  1.172392  1.126413
62.600000  1.164553  1.133924
62.650000  1.156755  1.141388
62.700000  1.148198  1.148237
62.750000  1.139688  1.155044
62.800000  1.130528  1.161145
62.850000  1.121419  1.167207
62.900000  1.111777  1.172483
62.950000  1.102189  1.177725
63.000000  1.092188  1.182111
63.050000  1.082243  1.186470
63.100000  1.072008  1.189917
63.150000  1.061828  1.193344
63.200000  1.051478  1.195820
63.250000  1.041183  1.198282
63.300000  1.030833  1.199768
63.350000  1.020537  1.201247
63.400000  1.010295  1.201741
63.450000  1.000104  1.202236
63.500000  0.990069  1.201751
63.550000  0.980082  1.201274
63.600000  0.970343  1.199837
63.650000  0.960647  1.198414
63.700000  0.951282  1.196064
63.750000  0.941957  1.193733
63.800000  0.933033  1.190521
63.850000  0.924145  1.187332
63.900000  0.915721  1.183316
63.950000  0.907328  1.179327
64.000000  0.899450  1.174573
64.050000  0.891599  1.169848
64.100000  0.884307  1.164428
64.150000  0.877037  1.159039
64.200000  0.870358  1.153026
64.250000  0.863699  1.147047
64.300000  0.857658  1.140519
64.350000  0.851632  1.134025
64.400000  0.846244  1.127058
64.450000  0.840868  1.120127
64.500000  0.836143  1.112799
64.550000  0.831427  1.105505
64.600000  0.827371  1.097890
64.650000  0.823321  1.090309
64.700000  0.819936  1.082479
64.750000  0.816554  1.074683
64.800000  0.813837  1.066707
64.850000  0.811123  1.058764
64.900000  0.809071  1.050709
64.950000  0.807020  1.042685
65.000000  0.805626  1.034612
65.050000  0.804232  1.026568
65.100000  0.803490  1.018534
65.150000  0.802745  1.010528
65.200000  0.802644  1.002588
65.250000  0.802541  0.994673
65.300000  0.803072  0.986875
65.350000  0.803599  0.979102
65.400000  0.804751  0.971492
65.450000  0.805898  0.963904
65.500000  0.807660  0.956524
65.550000  0.809416  0.949165
65.600000  0.811775  0.942052
65.650000  0.814127  0.934960
65.700000  0.817070  0.928150
65.750000  0.820005  0.921358
65.800000  0.823519  0.914882
65.850000  0.827024  0.908424
65.900000  0.831092  0.902312
65.950000  0.835152  0.896215
66.000000  0.839760  0.890492
66.050000  0.844358  0.884785
66.100000  0.849488  0.879476
66.150000  0.854607  0.874181
66.200000  0.860241  0.869308
66.250000  0.865862  0.864448
66.300000  0.871978  0.860031
66.350000  0.878080  0.855627
66.400000  0.884655  0.851686
66.450000  0.891215  0.847756
66.500000  0.898223  0.844308
66.550000  0.905215  0.840871
66.600000  0.912628  0.837932
66.650000  0.920023  0.835003
66.700000  0.927808  0.832589
66.750000  0.935574  0.830185
66.800000  0.943695  0.828310
66.850000  0.951796  0.826445
66.900000  0.960214  0.825123
66.950000  0.968610  0.823810
67.000000  0.977280  0.823055
67.050000  0.985926  0.822307
67.100000  0.994799  0.822129
67.150000  1.003647  0.821958
67.200000  1.012668  0.822369
67.250000  1.021662  0.822785
67.300000  1.030774  0.823795
67.350000  1.039855  0.824809
67.400000  1.048991  0.826424
67.450000  1.058095  0.828044
67.500000  1.067186  0.830273
67.550000  1.076242  0.832504
67.600000  1.085212  0.835351
67.650000  1.094146  0.838198
67.700000  1.102916  0.841664
67.750000  1.111647  0.845128
67.800000  1.120132  0.849212
67.850000  1.128577  0.853293
67.900000  1.136689  0.857989
67.950000  1.144760  0.862680
68.000000  1.152409  0.867980
68.050000  1.160016  0.873271
68.100000  1.167110  0.879159
68.150000  1.174161  0.885035
68.200000  1.180608  0.891490
68.250000  1.187014  0.897930
68.300000  1.192724  0.904924
68.350000  1.198394  0.911900
68.400000  1.203282  0.919397
68.450000  1.208131  0.926873
68.500000  1.212117  0.934830
68.550000  1.216066  0.942762
68.600000  1.219077  0.951126
68.650000  1.222056  0.959461
68.700000  1.224031  0.968170
68.750000  1.225979  0.976846
68.800000  1.226870  0.985830
68.850000  1.227739  0.994776
68.900000  1.227511  1.003954
68.950000  1.227269  1.013091
69.000000  1.225905  1.022374
69.050000  1.224533  1.031612
69.100000  1.222034  1.040904
69.150000  1.219534  1.050149
69.200000  1.215918  1.059348
69.250000  1.212310  1.068497
69.300000  1.207614  1.077496
69.350000  1.202935  1.086444
69.400000  1.197215  1.095134
69.450000  1.191521  1.103773
69.500000  1.184851  1.112046
69.550000  1.178213  1.120268
69.600000  1.170680  1.128017
69.650000  1.163187  1.135718
69.700000  1.154894  1.142844
69.750000  1.146645  1.149925
69.800000  1.137703  1.156335
69.850000  1.128810  1.162704
69.900000  1.119337  1.168316
69.950000  1.109917  1.173893
70.000000  1.100036  1.178638
70.050000  1.090211  1.183355
70.100000  1.080046  1.187178
70.150000  1.069938  1.190980
70.200000  1.059613  1.193842
70.250000  1.049343  1.196689
70.300000  1.038973  1.198566
70.350000  1.028658  1.200434
70.400000  1.018356  1.201318
70.450000  1.008105  1.202200
70.500000  0.997972  1.202098
70.550000  0.987887  1.202000
70.600000  0.978016  1.200933
70.650000  0.968191  1.199877
70.700000  0.958664  1.197879
70.750000  0.949179  1.195899
70.800000  0.940070  1.193017
70.850000  0.930998  1.190157
70.900000  0.922367  1.186447
70.950000  0.913768  1.182763
71.000000  0.905666  1.178288
71.050000  0.897593  1.173842
71.100000  0.890062  1.168671
71.150000  0.882556  1.163532
71.200000  0.875630  1.157739
71.250000  0.868724  1.151980
71.300000  0.862427  1.145641
71.350000  0.856147  1.139337
71.400000  0.850498  1.132529
71.450000  0.844862  1.125757
71.500000  0.839873  1.118557
71.550000  0.834894  1.111393
71.600000  0.830573  1.103878
71.650000  0.826259  1.096397
71.700000  0.822608  1.088639
71.750000  0.818962  1.080914
71.800000  0.815981  1.072984
71.850000  0.813004  1.065086
71.900000  0.810690  1.057050
71.950000  0.808377  1.049046
72.000000  0.806725  1.040969
72.050000  0.805073  1.032921
72.100000  0.804075  1.024861
72.150000  0.803075  1.016829
72.200000  0.802723  1.008842
72.250000  0.802368  1.000881
72.300000  0.802653  0.993017
72.350000  0.802933  0.985179
72.400000  0.803843  0.977486
72.450000  0.804747  0.969816
72.500000  0.806272  0.962337
72.550000  0.807790  0.954880
72.600000  0.809916  0.947654
72.650000  0.812036  0.940449
72.700000  0.814752  0.933512
72.750000  0.817461  0.926595
72.800000  0.820753  0.919981
72.850000  0.824037  0.913385
72.900000  0.827890  0.907123
72.950000  0.831735  0.900878
73.000000  0.836134  0.894996
73.050000  0.840524  0.889130
73.100000  0.845453  0.883653
73.150000  0.850372  0.878190
73.200000  0.855812  0.873141
73.250000  0.861240  0.868105
73.300000  0.867171  0.863504
73.350000  0.873089  0.858916
73.400000  0.879489  0.854784
73.450000  0.885875  0.850663
73.500000  0.892718  0.847017
73.550000  0.899547  0.843382
73.600000  0.906807  0.840239
73.650000  0.914050  0.837107
73.700000  0.921696  0.834483
73.750000  0.929324  0.831870
73.800000  0.937321  0.829780
73.850000  0.945298  0.827700
73.900000  0.953608  0.826158
73.950000  0.961897  0.824625
74.000000  0.970478  0.823644
74.050000  0.979035  0.822672
74.100000  0.987839  0.822264
74.150000  0.996617  0.821864
74.200000  1.005592  0.822042
74.250000  1.014540  0.822226
74.300000  1.023628  0.822998
74.350000  1.032687  0.823776
74.400000  1.041826  0.825153
74.450000  1.050934  0.826533
74.500000  1.060056  0.828520
74.550000  1.069145  0.830511
74.600000  1.078177  0.833115
74.650000  1.087174  0.835720
74.700000  1.096037  0.838943
74.750000  1.104864  0.842166
74.800000  1.113476  0.846008
74.850000  1.122049  0.849848
74.900000  1.130324  0.854306
74.950000  1.138558  0.858759
75.000000  1.146405  0.863825
75.050000  1.154210  0.868883
75.100000  1.161538  0.874544
75.150000  1.168825  0.880195
75.200000  1.175542  0.886432
75.250000  1.182217  0.892656
75.300000  1.188232  0.899444
75.350000  1.194206  0.906217
75.400000  1.199432  0.913524
75.450000  1.204618  0.920811
75.500000  1.208971  0.928597
75.550000  1.213287  0.936359
75.600000  1.216692  0.944574
75.650000  1.220064  0.952761
75.700000  1.222456  0.961348
75.750000  1.224818  0.969902
75.800000  1.226142  0.978792
75.850000  1.227443  0.987645
75.900000  1.227659  0.996762
75.950000  1.227857  1.005839
76.000000  1.226942  1.015097
76.050000  1.226016  1.024312
76.100000  1.223961  1.033618
76.150000  1.221904  1.042878
76.200000  1.218722  1.052132
76.250000  1.215545  1.061337
76.300000  1.211266  1.070433
76.350000  1.207000  1.079479
76.400000  1.201673  1.088309
76.450000  1.196367  1.097088
76.500000  1.190058  1.105544
76.550000  1.183778  1.113948
76.600000  1.176569  1.121921
76.650000  1.169396  1.129845
76.700000  1.161385  1.137232
76.750000  1.153416  1.144574
76.800000  1.144709  1.151280
76.850000  1.136051  1.157944
76.900000  1.126766  1.163883
76.950000  1.117533  1.169785
77.000000  1.107792  1.174882
77.050000  1.098105  1.179948
77.100000  1.088032  1.184143
77.150000  1.078014  1.188313
77.200000  1.067731  1.191559
77.250000  1.057505  1.194788
77.300000  1.047133  1.197056
77.350000  1.036815  1.199313
77.400000  1.026468  1.200588
77.450000  1.016173  1.201859
77.500000  1.005955  1.202143
77.550000  0.995788  1.202430
77.600000  0.985797  1.201738
77.650000  0.975854  1.201055
77.700000  0.966177  1.199418
77.750000  0.956544  1.197795
77.800000  0.947257  1.195254
77.850000  0.938010  1.192732
77.900000  0.929179  1.189339
77.950000  0.920382  1.185970
78.000000  0.912063  1.181785
78.050000  0.903773  1.177628
78.100000  0.896009  1.172719
78.150000  0.888271  1.167841
78.200000  0.881100  1.162281
78.250000  0.873951  1.156753
78.300000  0.867401  1.150616
78.350000  0.860869  1.144513
78.400000  0.854960  1.137877
78.450000  0.849066  1.131276
78.500000  0.843814  1.124217
78.550000  0.838573  1.117194
78.600000  0.833986  1.109790
78.650000  0.829408  1.102420
78.700000  0.825492  1.094745
78.750000  0.821581  1.087103
78.800000  0.818335  1.079228
78.850000  0.815094  1.071386
78.900000  0.812517  1.063379
78.950000  0.809942  1.055405
79.000000  0.808029  1.047332
79.050000  0.806117  1.039290
79.100000  0.804862  1.031212
79.150000  0.803606  1.023163
79.200000  0.803001  1.015137
79.250000  0.802393  1.007138
79.300000  0.802428  0.999215
79.350000  0.802459  0.991319
79.400000  0.803125  0.983549
79.450000  0.803785  0.975804
79.500000  0.805069  0.968232
79.550000  0.806348  0.960682
79.600000  0.808240  0.953349
79.650000  0.810125  0.946036
79.700000  0.812612  0.938979
79.750000  0.815091  0.931941
79.800000  0.818159  0.925193
79.850000  0.821219  0.918463
79.900000  0.824855  0.912056
79.950000  0.828482  0.905667
80.000000  0.832670  0.899629
80.050000  0.836849  0.893608
80.100000  0.841574  0.887966
80.150000  0.846288  0.882339
80.200000  0.851531  0.877116
80.250000  0.856763  0.871907
80.300000  0.862506  0.867125
80.350000  0.868236  0.862356
80.400000  0.874457  0.858035
80.450000  0.880664  0.853726
80.500000  0.887338  0.849884
80.550000  0.893999  0.846054
80.600000  0.901101  0.842709
80.650000  0.908188  0.839376
80.700000  0.915689  0.836544
80.750000  0.923173  0.833723
80.800000  0.931039  0.831420
80.850000  0.938887  0.829127
80.900000  0.947082  0.827366
80.950000  0.955257  0.825615
81.000000  0.963740  0.824411
81.050000  0.972202  0.823215
81.100000  0.980927  0.822580
81.150000  0.989629  0.821953
81.200000  0.998547  0.821899
81.250000  1.007440  0.821851
81.300000  1.016495  0.822388
81.350000  1.025522  0.822930
81.400000  1.034654  0.824068
81.450000  1.043755  0.825210
81.500000  1.052898  0.826956
81.550000  1.062007  0.828706
81.600000  1.071089  0.831067
81.650000  1.080136  0.833431
81.700000  1.089081  0.836410
81.750000  1.097989  0.839391
81.800000  1.106716  0.842990
81.850000  1.115404  0.846589
81.900000  1.123827  0.850806
81.950000  1.132211  0.855021
82.000000  1.140242  0.859850
82.050000  1.148232  0.864673
82.100000  1.155781  0.870104
82.150000  1.163287  0.875525
82.200000  1.170261  0.881541
82.250000  1.177192  0.887544
82.300000  1.183499  0.894122
82.350000  1.189764  0.900685
82.400000  1.195315  0.907795
82.450000  1.200826  0.914888
82.500000  1.205535  0.922494
82.550000  1.210207  0.930078
82.600000  1.213997  0.938135
82.650000  1.217753  0.946165
82.700000  1.220553  0.954617
82.750000  1.223323  0.963039
82.800000  1.225075  0.971823
82.850000  1.226801  0.980572
82.900000  1.227458  0.989614
82.950000  1.228096  0.998618
83.000000  1.227628  1.007836
83.050000  1.227147  1.017013
83.100000  1.225540  1.026317
83.150000  1.223928  1.035576
83.200000  1.221186  1.044869
83.250000  1.218446  1.054113
83.300000  1.214592  1.063290
83.350000  1.210749  1.072417
83.400000  1.205825  1.081371
83.450000  1.200919  1.090274
83.500000  1.194983  1.098896
83.550000  1.189074  1.107466
83.600000  1.182205  1.115647
83.650000  1.175369  1.123778
83.700000  1.167656  1.131413
83.750000  1.159984  1.139001
83.800000  1.151532  1.145991
83.850000  1.143127  1.152937
83.900000  1.134050  1.159192
83.950000  1.125023  1.165408
84.000000  1.115441  1.170848
84.050000  1.105912  1.176255
84.100000  1.095949  1.180815
84.150000  1.086041  1.185347
84.200000  1.075819  1.188974
84.250000  1.065654  1.192580
84.300000  1.055297  1.195238
84.350000  1.044995  1.197881
84.400000  1.034618  1.199550
84.450000  1.024296  1.201211
84.500000  1.014009  1.201884
84.550000  1.003773  1.202558
84.600000  0.993676  1.202247
84.650000  0.983628  1.201943
84.700000  0.973813  1.200673
84.750000  0.964042  1.199415
84.800000  0.954588  1.197223
84.850000  0.945175  1.195048
84.900000  0.936153  1.191981
84.950000  0.927167  1.188937
85.000000  0.918635  1.185054
85.050000  0.910135  1.181197
85.100000  0.902144  1.176562
85.150000  0.894180  1.171957
85.200000  0.886768  1.166641
85.250000  0.879379  1.161357
85.300000  0.872578  1.155434
85.350000  0.865797  1.149545
85.400000  0.859631  1.143092
85.450000  0.853481  1.136674
85.500000  0.847966  1.129768
85.550000  0.842464  1.122898
85.600000  0.837612  1.115617
85.650000  0.832770  1.108370
85.700000  0.828588  1.100789
85.750000  0.824412  1.093241
85.800000  0.820901  1.085432
85.850000  0.817394  1.077656
85.900000  0.814553  1.069689
85.950000  0.811715  1.061754
86.000000  0.809540  1.053696
86.050000  0.807367  1.045668
86.100000  0.805853  1.037581
86.150000  0.804339  1.029524
86.200000  0.803479  1.021466
86.250000  0.802616  1.013437
86.300000  0.802400  1.005464
86.350000  0.802181  0.997516
86.400000  0.802599  0.989677
86.450000  0.803014  0.981863
86.500000  0.804056  0.974204
86.550000  0.805093  0.966569
86.600000  0.806747  0.959133
86.650000  0.808396  0.951719
86.700000  0.810650  0.944545
86.750000  0.812898  0.937391
86.800000  0.815740  0.930514
86.850000  0.818574  0.923655
86.900000  0.821989  0.917108
86.950000  0.825396  0.910577
87.000000  0.829370  0.904388
87.050000  0.833335  0.898216
87.100000  0.837852  0.892412
87.150000  0.842359  0.886624
87.200000  0.847403  0.881231
87.250000  0.852435  0.875852
87.300000  0.857985  0.870891
87.350000  0.863524  0.865944
87.400000  0.869561  0.861437
87.450000  0.875586  0.856942
87.500000  0.882087  0.852908
87.550000  0.888575  0.848885
87.600000  0.895515  0.845341
87.650000  0.902440  0.841808
87.700000  0.909791  0.838770
87.750000  0.917125  0.835744
87.800000  0.924855  0.833229
87.850000  0.932567  0.830725
87.900000  0.940641  0.828748
87.950000  0.948696  0.826780
88.000000  0.957075  0.825355
88.050000  0.965432  0.823937
88.100000  0.974072  0.823076
88.150000  0.982689  0.822222
88.200000  0.991542  0.821937
88.250000  1.000370  0.821659
88.300000  1.009383  0.821962
88.350000  1.018368  0.822270
88.400000  1.027482  0.823170
88.450000  1.036567  0.824075
88.500000  1.045718  0.825581
88.550000  1.054838  0.827091
88.600000  1.063957  0.829209
88.650000  1.073043  0.831331
88.700000  1.082056  0.834067
88.750000  1.091034  0.836805
88.800000  1.099861  0.840161
88.850000  1.108651  0.843517
88.900000  1.117210  0.847493
88.950000  1.125729  0.851467
89.000000  1.133931  0.856058
89.050000  1.142092  0.860644
89.100000  1.149847  0.865841
89.150000  1.157560  0.871030
89.200000  1.164776  0.876820
89.250000  1.171949  0.882599
89.300000  1.178534  0.888961
89.350000  1.185077  0.895309
89.400000  1.190941  0.902217
89.450000  1.196764  0.909108
89.500000  1.201819  0.916527
89.550000  1.206835  0.923926
89.600000  1.210999  0.931815
89.650000  1.215128  0.939680
89.700000  1.218329  0.947987
89.750000  1.221498  0.956266
89.800000  1.223671  0.964932
89.850000  1.225817  0.973565
89.900000  1.226912  0.982520
89.950000  1.227984  0.991438
90.000000  1.227963  1.000603
90.050000  1.227926  1.009727
90.100000  1.226769  1.019014
90.150000  1.225602  1.028257
90.200000  1.223305  1.037572
90.250000  1.221007  1.046840
90.300000  1.217586  1.056081
90.350000  1.214172  1.065273
90.400000  1.209661  1.074333
90.450000  1.205165  1.083343
90.500000  1.199617  1.092114
90.550000  1.194092  1.100834
90.600000  1.187576  1.109207
90.650000  1.181092  1.117530
90.700000  1.173695  1.125397
90.750000  1.166336  1.133216
90.800000  1.158157  1.140477
90.850000  1.150023  1.147692
90.900000  1.141172  1.154251
90.950000  1.132371  1.160769
91.000000  1.122967  1.166543
91.050000  1.113616  1.172281
91.100000  1.103782  1.177199
91.150000  1.094002  1.182086
91.200000  1.083862  1.186088
91.250000  1.073777  1.190067
91.300000  1.063453  1.193112
91.350000  1.053184  1.196140
91.400000  1.042796  1.198201
91.450000  1.032461  1.200253
91.500000  1.022120  1.201318
91.550000  1.011832  1.202381
91.600000  1.001643  1.202457
91.650000  0.991503  1.202536
91.700000  0.981561  1.201639
91.750000  0.971665  1.200753
91.800000  0.962055  1.198917
91.850000  0.952486  1.197097
91.900000  0.943281  1.194367
91.950000  0.934114  1.191657
92.000000  0.925378  1.188086
92.050000  0.916676  1.184540
92.100000  0.908462  1.180190
92.150000  0.900277  1.175869
92.200000  0.892629  1.170809
92.250000  0.885006  1.165781
92.300000  0.877957  1.160084
92.350000  0.870930  1.154421
92.400000  0.864508  1.148164
92.450000  0.858104  1.141942
92.500000  0.852328  1.135201
92.550000  0.846567  1.128496
92.600000  0.841450  1.121349
92.650000  0.836345  1.114238
92.700000  0.831896  1.106761
92.750000  0.827455  1.099319
92.800000  0.823678  1.091587
92.850000  0.819906  1.083888
92.900000  0.816800  1.075971
92.950000  0.813697  1.068086
93.000000  0.811260  1.060052
93.050000  0.808824  1.052049
93.100000  0.807050  1.043962
93.150000  0.805276  1.035904
93.200000  0.804159  1.027824
93.250000  0.803040  1.019773
93.300000  0.802571  1.011756
93.350000  0.802099  1.003766
93.400000  0.802269  0.995864
93.450000  0.802435  0.987988
93.500000  0.803233  0.980249
93.550000  0.804026  0.972534
93.600000  0.805441  0.965002
93.650000  0.806850  0.957492
93.700000  0.808871  0.950206
93.750000  0.810885  0.942942
93.800000  0.813498  0.935940
93.850000  0.816103  0.928958
93.900000  0.819295  0.922274
93.950000  0.822479  0.915608
94.000000  0.826236  0.909271
94.050000  0.829985  0.902951
94.100000  0.834291  0.896989
94.150000  0.838588  0.891044
94.200000  0.843428  0.885484
94.250000  0.848258  0.879938
94.300000  0.853613  0.874802
94.350000  0.858956  0.869679
94.400000  0.864807  0.864989
94.450000  0.870645  0.860311
94.500000  0.876969  0.856086
94.550000  0.883279  0.851873
94.600000  0.890052  0.848131
94.650000  0.896811  0.844401
94.700000  0.904007  0.841161
94.750000  0.911186  0.837931
94.800000  0.918774  0.835207
94.850000  0.926345  0.832493
94.900000  0.934291  0.830302
94.950000  0.942218  0.828119
95.000000  0.950486  0.826474
95.050000  0.958733  0.824837
95.100000  0.967279  0.823750
95.150000  0.975804  0.822672
95.200000  0.984583  0.822158
95.250000  0.993338  0.821651
95.300000  1.002299  0.821720
95.350000  1.011234  0.821796
95.400000  1.020320  0.822459
95.450000  1.029377  0.823127
95.500000  1.038527  0.824393
95.550000  1.047645  0.825664
95.600000  1.056791  0.827540
95.650000  1.065904  0.829420
95.700000  1.074973  0.831913
95.750000  1.084008  0.834408
95.800000  1.092924  0.837521
95.850000  1.101802  0.840634
95.900000  1.110482  0.844367
95.950000  1.119124  0.848099
96.000000  1.127482  0.852450
96.050000  1.135800  0.856796
96.100000  1.143747  0.861758
96.150000  1.151653  0.866713
96.200000  1.159097  0.872273
96.250000  1.166500  0.877824
96.300000  1.173349  0.883966
96.350000  1.180157  0.890095
96.400000  1.186320  0.896794
96.450000  1.192441  0.903478
96.500000  1.197829  0.910703
96.550000  1.203177  0.917910
96.600000  1.207706  0.925623
96.650000  1.212197  0.933314
96.700000  1.215790  0.941467
96.750000  1.219348  0.949593
96.800000  1.221936  0.958130
96.850000  1.224494  0.966636
96.900000  1.226022  0.975491
96.950000  1.227524  0.984310
97.000000  1.227948  0.993407
97.050000  1.228352  1.002465
97.100000  1.227645  1.011720
97.150000  1.226925  1.020933
97.200000  1.225077  1.030254
97.250000  1.223223  1.039530
97.300000  1.220241  1.048818
97.350000  1.217263  1.058058
97.400000  1.213174  1.067208
97.450000  1.209097  1.076308
97.500000  1.203948  1.085212
97.550000  1.198818  1.094065
97.600000  1.192671  1.102614
97.650000  1.186552  1.111112
97.700000  1.179487  1.119196
97.750000  1.172457  1.127232
97.800000  1.164570  1.134748
97.850000  1.156723  1.142218
97.900000  1.148119  1.149069
97.950000  1.139561  1.155877
98.000000  1.130356  1.161975
98.050000  1.121201  1.168033
98.100000  1.111516  1.173300
98.150000  1.101884  1.178534
98.200000  1.091843  1.182906
98.250000  1.081858  1.187252
98.300000  1.071585  1.190681
98.350000  1.061369  1.194090
98.400000  1.050985  1.196543
98.450000  1.040657  1.198983
98.500000  1.030278  1.200443
98.550000  1.019952  1.201897
98.600000  1.009685  1.202361
98.650000  0.999469  1.202827
98.700000  0.989413  1.202310
98.750000  0.979405  1.201801
98.800000  0.969649  1.200330
98.850000  0.959936  1.198873
98.900000  0.950558  1.196488
98.950000  0.941220  1.194122
99.000000  0.932287  1.190873
99.050000  0.923390  1.187647
99.100000  0.914960  1.183594
99.150000  0.906561  1.179568
99.200000  0.898681  1.174776
99.250000  0.890828  1.170015
99.300000  0.883536  1.164558
99.350000  0.876266  1.159132
99.400000  0.869592  1.153084
99.450000  0.862936  1.147069
99.500000  0.856900  1.140506
99.550000  0.850881  1.133978
99.600000  0.845501  1.126978
99.650000  0.840133  1.120013
99.700000  0.835418  1.112654
99.750000  0.830712  1.105329
99.800000  0.826668  1.097684
99.850000  0.822630  1.090074
99.900000  0.819258  1.082217
99.950000  0.815890  1.074393
100.000000  0.813189  1.066392
