   t     nR      nF
0.000000  1.272699  1.200000
0.050000  1.259972  1.209817
0.100000  1.246263  1.218871
0.150000  1.232624  1.227876
0.200000  1.218174  1.236009
0.250000  1.203799  1.244099
0.300000  1.188790  1.251222
0.350000  1.173857  1.258309
0.400000  1.158468  1.264348
0.450000  1.143156  1.270359
0.500000  1.127562  1.275260
0.550000  1.112043  1.280140
0.600000  1.096409  1.283865
0.650000  1.080847  1.287579
0.700000  1.065326  1.290111
0.750000  1.049873  1.292640
0.800000  1.034603  1.293979
0.850000  1.019395  1.295323
0.900000  1.004498  1.295487
0.950000  0.989657  1.295661
1.000000  0.975237  1.294683
1.050000  0.960868  1.293721
1.100000  0.947015  1.291645
1.150000  0.933205  1.289592
1.200000  0.919990  1.286477
1.250000  0.906812  1.283389
1.300000  0.894292  1.279301
1.350000  0.881803  1.275244
1.400000  0.870021  1.270257
1.450000  0.858264  1.265304
1.500000  0.847251  1.259497
1.550000  0.836258  1.253725
1.600000  0.826033  1.247180
1.650000  0.815824  1.240671
1.700000  0.806398  1.233469
1.750000  0.796985  1.226305
1.800000  0.788362  1.218532
1.850000  0.779748  1.210795
1.900000  0.771925  1.202531
1.950000  0.764108  1.194303
2.000000  0.757078  1.185628
2.050000  0.750052  1.176987
2.100000  0.743803  1.167976
2.150000  0.737556  1.158999
2.200000  0.732076  1.149726
2.250000  0.726596  1.140485
2.300000  0.721869  1.131017
2.350000  0.717140  1.121580
2.400000  0.713150  1.111982
2.450000  0.709157  1.102413
2.500000  0.705887  1.092744
2.550000  0.702614  1.083103
2.600000  0.700048  1.073418
2.650000  0.697478  1.063759
2.700000  0.695601  1.054110
2.750000  0.693719  1.044484
2.800000  0.692515  1.034916
2.850000  0.691306  1.025369
2.900000  0.690761  1.015924
2.950000  0.690211  1.006499
3.000000  0.690313  0.997216
3.050000  0.690409  0.987951
3.100000  0.691145  0.978864
3.150000  0.691875  0.969794
3.200000  0.693235  0.960935
3.250000  0.694589  0.952092
3.300000  0.696562  0.943488
3.350000  0.698530  0.934900
3.400000  0.701110  0.926578
3.450000  0.703683  0.918269
3.500000  0.706861  0.910252
3.550000  0.710033  0.902247
3.600000  0.713802  0.894555
3.650000  0.717565  0.886874
3.700000  0.721919  0.879526
3.750000  0.726268  0.872188
3.800000  0.731202  0.865201
3.850000  0.736130  0.858224
3.900000  0.741638  0.851613
3.950000  0.747141  0.845012
4.000000  0.753218  0.838793
4.050000  0.759289  0.832583
4.100000  0.765930  0.826768
4.150000  0.772564  0.820963
4.200000  0.779762  0.815565
4.250000  0.786952  0.810177
4.300000  0.794700  0.805209
4.350000  0.802440  0.800250
4.400000  0.810729  0.795723
4.450000  0.819009  0.791205
4.500000  0.827829  0.787131
4.550000  0.836640  0.783065
4.600000  0.845979  0.779456
4.650000  0.855307  0.775854
4.700000  0.865150  0.772720
4.750000  0.874982  0.769594
4.800000  0.885310  0.766947
4.850000  0.895626  0.764309
4.900000  0.906419  0.762161
4.950000  0.917198  0.760021
5.000000  0.928430  0.758385
5.050000  0.939646  0.756757
5.100000  0.951286  0.755645
5.150000  0.962909  0.754540
5.200000  0.974922  0.753965
5.250000  0.986915  0.753398
5.300000  0.999259  0.753374
5.350000  1.011582  0.753357
5.400000  1.024209  0.753898
5.450000  1.036812  0.754445
5.500000  1.049669  0.755564
5.550000  1.062498  0.756690
5.600000  1.075520  0.758401
5.650000  1.088513  0.760120
5.700000  1.101632  0.762438
5.750000  1.114717  0.764763
5.800000  1.127854  0.767702
5.850000  1.140954  0.770647
5.900000  1.154022  0.774220
5.950000  1.167050  0.777797
6.000000  1.179954  0.782015
6.050000  1.192815  0.786237
6.100000  1.205452  0.791111
6.150000  1.218043  0.795987
6.200000  1.230302  0.801525
6.250000  1.242511  0.807063
6.300000  1.254275  0.813268
6.350000  1.265985  0.819472
6.400000  1.277129  0.826346
6.450000  1.288218  0.833216
6.500000  1.298615  0.840755
6.550000  1.308954  0.848287
6.600000  1.318473  0.856480
6.650000  1.327934  0.864663
6.700000  1.336445  0.873493
6.750000  1.344898  0.882310
6.800000  1.352273  0.891752
6.850000  1.359592  0.901176
6.900000  1.365709  0.911195
6.950000  1.371773  0.921192
7.000000  1.376520  0.931743
7.050000  1.381218  0.942268
7.100000  1.384494  0.953296
7.150000  1.387727  0.964292
7.200000  1.389449  0.975729
7.250000  1.391135  0.987129
7.300000  1.391240  0.998895
7.350000  1.391317  1.010619
7.400000  1.389762  1.022623
7.450000  1.388190  1.034581
7.500000  1.384962  1.046720
7.550000  1.381726  1.058809
7.600000  1.376836  1.070971
7.650000  1.371950  1.083078
7.700000  1.365438  1.095142
7.750000  1.358943  1.107148
7.800000  1.350877  1.118986
7.850000  1.342841  1.130765
7.900000  1.333318  1.142246
7.950000  1.323835  1.153668
8.000000  1.312975  1.164662
8.050000  1.302165  1.175597
8.100000  1.290109  1.185976
8.150000  1.278112  1.196297
8.200000  1.265020  1.205938
8.250000  1.251994  1.215526
8.300000  1.238036  1.224316
8.350000  1.224151  1.233059
8.400000  1.209506  1.240900
8.450000  1.194938  1.248699
8.500000  1.179788  1.255505
8.550000  1.164716  1.262276
8.600000  1.149241  1.267980
8.650000  1.133842  1.273657
8.700000  1.118212  1.278208
8.750000  1.102657  1.282741
8.800000  1.087036  1.286109
8.850000  1.071485  1.289467
8.900000  1.056020  1.291640
8.950000  1.040621  1.293810
9.000000  1.025445  1.294793
9.050000  1.010330  1.295781
9.100000  0.995561  1.295596
9.150000  0.980847  1.295423
9.200000  0.966585  1.294107
9.250000  0.952371  1.292810
9.300000  0.938698  1.290413
9.350000  0.925068  1.288040
9.400000  0.912053  1.284622
9.450000  0.899073  1.281233
9.500000  0.886768  1.276863
9.550000  0.874492  1.272526
9.600000  0.862936  1.267281
9.650000  0.851404  1.262070
9.700000  0.840623  1.256028
9.750000  0.829862  1.250023
9.800000  0.819875  1.243268
9.850000  0.809902  1.236549
9.900000  0.800717  1.229164
9.950000  0.791542  1.221815
10.000000  0.783159  1.213882
10.050000  0.774784  1.205985
10.100000  0.767200  1.197585
10.150000  0.759620  1.189221
10.200000  0.752826  1.180434
10.250000  0.746034  1.171680
10.300000  0.740018  1.162580
10.350000  0.734002  1.153512
10.400000  0.728750  1.144170
10.450000  0.723497  1.134859
10.500000  0.718993  1.125342
10.550000  0.714487  1.115855
10.600000  0.710715  1.106227
10.650000  0.706941  1.096626
10.700000  0.703884  1.086944
10.750000  0.700825  1.077288
10.800000  0.698468  1.067606
10.850000  0.696107  1.057949
10.900000  0.694434  1.048316
10.950000  0.692756  1.038706
11.000000  0.691753  1.029168
11.050000  0.690744  1.019651
11.100000  0.690395  1.010248
11.150000  0.690042  1.000864
11.200000  0.690336  0.991634
11.250000  0.690624  0.982422
11.300000  0.691550  0.973398
11.350000  0.692470  0.964391
11.400000  0.694016  0.955603
11.450000  0.695556  0.946831
11.500000  0.697714  0.938308
11.550000  0.699866  0.929799
11.600000  0.702627  0.921564
11.650000  0.705382  0.913342
11.700000  0.708740  0.905419
11.750000  0.712091  0.897507
11.800000  0.716038  0.889915
11.850000  0.719979  0.882334
11.900000  0.724510  0.875090
11.950000  0.729035  0.867858
12.000000  0.734143  0.860981
12.050000  0.739246  0.854114
12.100000  0.744928  0.847618
12.150000  0.750604  0.841132
12.200000  0.756853  0.835032
12.250000  0.763095  0.828940
12.300000  0.769906  0.823249
12.350000  0.776710  0.817566
12.400000  0.784076  0.812295
12.450000  0.791435  0.807034
12.500000  0.799348  0.802196
12.550000  0.807254  0.797367
12.600000  0.815705  0.792975
12.650000  0.824149  0.788591
12.700000  0.833129  0.784654
12.750000  0.842099  0.780726
12.800000  0.851594  0.777258
12.850000  0.861078  0.773797
12.900000  0.871072  0.770808
12.950000  0.881054  0.767827
13.000000  0.891527  0.765328
13.050000  0.901988  0.762838
13.100000  0.912919  0.760842
13.150000  0.923836  0.758855
13.200000  0.935197  0.757374
13.250000  0.946542  0.755902
13.300000  0.958302  0.754950
13.350000  0.970043  0.754005
13.400000  0.982164  0.753595
13.450000  0.994265  0.753191
13.500000  1.006704  0.753335
13.550000  1.019120  0.753487
13.600000  1.031826  0.754200
13.650000  1.044508  0.754920
13.700000  1.057425  0.756216
13.750000  1.070314  0.757518
13.800000  1.083378  0.759412
13.850000  1.096411  0.761311
13.900000  1.109548  0.763815
13.950000  1.122651  0.766326
14.000000  1.135782  0.769455
14.050000  1.148874  0.772589
14.100000  1.161909  0.776356
14.150000  1.174901  0.780127
14.200000  1.187741  0.784543
14.250000  1.200537  0.788961
14.300000  1.213077  0.794036
14.350000  1.225570  0.799111
14.400000  1.237698  0.804851
14.450000  1.249774  0.810590
14.500000  1.261370  0.816999
14.550000  1.272911  0.823405
14.600000  1.283849  0.830482
14.650000  1.294730  0.837554
14.700000  1.304881  0.845293
14.750000  1.314975  0.853024
14.800000  1.324208  0.861414
14.850000  1.333384  0.869792
14.900000  1.341570  0.878812
14.950000  1.349699  0.887818
15.000000  1.356711  0.897441
15.050000  1.363668  0.907044
15.100000  1.369387  0.917232
15.150000  1.375054  0.927397
15.200000  1.379370  0.938102
15.250000  1.383639  0.948778
15.300000  1.386457  0.959941
15.350000  1.389234  0.971070
15.400000  1.390476  0.982619
15.450000  1.391685  0.994130
15.500000  1.391293  1.005983
15.550000  1.390877  1.017792
15.600000  1.388819  1.029853
15.650000  1.386746  1.041865
15.700000  1.383013  1.054029
15.750000  1.379277  1.066140
15.800000  1.373891  1.078290
15.850000  1.368512  1.090385
15.900000  1.361521  1.102400
15.950000  1.354550  1.114356
16.000000  1.346031  1.126105
16.050000  1.337544  1.137795
16.100000  1.327600  1.149149
16.150000  1.317700  1.160443
16.200000  1.306459  1.171269
16.250000  1.295271  1.182038
16.300000  1.282880  1.192210
16.350000  1.270551  1.202328
16.400000  1.257173  1.211728
16.450000  1.243864  1.221077
16.500000  1.229674  1.229595
16.550000  1.215558  1.238067
16.600000  1.200736  1.245607
16.650000  1.185990  1.253108
16.700000  1.170718  1.259591
16.750000  1.155522  1.266042
16.800000  1.139976  1.271405
16.850000  1.124506  1.276744
16.900000  1.108856  1.280943
16.950000  1.093280  1.285126
17.000000  1.077684  1.288135
17.050000  1.062158  1.291137
17.100000  1.046760  1.292950
17.150000  1.031428  1.294764
17.200000  1.016357  1.295392
17.250000  1.001346  1.296028
17.300000  0.986715  1.295497
17.350000  0.972136  1.294980
17.400000  0.958039  1.293332
17.450000  0.943988  1.291704
17.500000  0.930502  1.288991
17.550000  0.917057  1.286303
17.600000  0.904247  1.282589
17.650000  0.891470  1.278905
17.700000  0.879383  1.274261
17.750000  0.867324  1.269650
17.800000  0.855996  1.264154
17.850000  0.844690  1.258693
17.900000  0.834144  1.252425
17.950000  0.823616  1.246193
18.000000  0.813867  1.239236
18.050000  0.804132  1.232316
18.100000  0.795186  1.224754
18.150000  0.786250  1.217229
18.200000  0.778106  1.209143
18.250000  0.769970  1.201094
18.300000  0.762623  1.192566
18.350000  0.755280  1.184073
18.400000  0.748720  1.175180
18.450000  0.742162  1.166321
18.500000  0.736376  1.157136
18.550000  0.730591  1.147985
18.600000  0.725565  1.138580
18.650000  0.720537  1.129206
18.700000  0.716255  1.119646
18.750000  0.711970  1.110115
18.800000  0.708415  1.100461
18.850000  0.704857  1.090834
18.900000  0.702013  1.081144
18.950000  0.699164  1.071479
19.000000  0.697015  1.061803
19.050000  0.694861  1.052152
19.100000  0.693391  1.042540
19.150000  0.691916  1.032951
19.200000  0.691111  1.023446
19.250000  0.690301  1.013962
19.300000  0.690148  1.004605
19.350000  0.689989  0.995266
19.400000  0.690474  0.986092
19.450000  0.690954  0.976935
19.500000  0.692068  0.967977
19.550000  0.693176  0.959035
19.600000  0.694907  0.950322
19.650000  0.696634  0.941624
19.700000  0.698974  0.933182
19.750000  0.701309  0.924755
19.800000  0.704251  0.916609
19.850000  0.707188  0.908477
19.900000  0.710724  0.900649
19.950000  0.714254  0.892832
20.000000  0.718378  0.885341
20.050000  0.722496  0.877861
20.100000  0.727203  0.870725
20.150000  0.731903  0.863599
20.200000  0.737186  0.856833
20.250000  0.742463  0.850077
20.300000  0.748317  0.843697
20.350000  0.754165  0.837327
20.400000  0.760585  0.831347
20.450000  0.766999  0.825376
20.500000  0.773979  0.819808
20.550000  0.780952  0.814249
20.600000  0.788485  0.809106
20.650000  0.796011  0.803972
20.700000  0.804089  0.799266
20.750000  0.812160  0.794569
20.800000  0.820773  0.790311
20.850000  0.829379  0.786062
20.900000  0.838517  0.782264
20.950000  0.847646  0.778474
21.000000  0.857295  0.775148
21.050000  0.866933  0.771829
21.100000  0.877075  0.768985
21.150000  0.887206  0.766150
21.200000  0.897823  0.763800
21.250000  0.908426  0.761459
21.300000  0.919493  0.759617
21.350000  0.930544  0.757782
21.400000  0.942032  0.756459
21.450000  0.953503  0.755143
21.500000  0.965379  0.754352
21.550000  0.977236  0.753568
21.600000  0.989461  0.753323
21.650000  1.001665  0.753085
21.700000  1.014194  0.753398
21.750000  1.026699  0.753719
21.800000  1.039480  0.754605
21.850000  1.052234  0.755499
21.900000  1.065207  0.756973
21.950000  1.078151  0.758454
22.000000  1.091249  0.760530
22.050000  1.104315  0.762611
22.100000  1.117464  0.765303
22.150000  1.130578  0.768000
22.200000  1.143694  0.771320
22.250000  1.156771  0.774645
22.300000  1.169762  0.778606
22.350000  1.182711  0.782572
22.400000  1.195478  0.787185
22.450000  1.208199  0.791802
22.500000  1.220632  0.797076
22.550000  1.233017  0.802352
22.600000  1.245003  0.808294
22.650000  1.256936  0.814235
22.700000  1.268352  0.820846
22.750000  1.279714  0.827455
22.800000  1.290433  0.834733
22.850000  1.301096  0.842007
22.900000  1.310989  0.849945
22.950000  1.320825  0.857875
23.000000  1.329762  0.866459
23.050000  1.338641  0.875030
23.100000  1.346491  0.884238
23.150000  1.354284  0.893429
23.200000  1.360923  0.903230
23.250000  1.367508  0.913009
23.300000  1.372819  0.923362
23.350000  1.378080  0.933689
23.400000  1.381957  0.944542
23.450000  1.385789  0.955366
23.500000  1.388143  0.966657
23.550000  1.390457  0.977913
23.600000  1.391214  0.989567
23.650000  1.391940  1.001181
23.700000  1.391050  1.013111
23.750000  1.390138  1.024996
23.800000  1.387575  1.037104
23.850000  1.385001  1.049163
23.900000  1.380766  1.061340
23.950000  1.376531  1.073463
24.000000  1.370653  1.085591
24.050000  1.364788  1.097663
24.100000  1.357324  1.109616
24.150000  1.349885  1.121511
24.200000  1.340922  1.133160
24.250000  1.331994  1.144750
24.300000  1.321641  1.155963
24.350000  1.311335  1.167117
24.400000  1.299727  1.177765
24.450000  1.288174  1.188355
24.500000  1.275463  1.198312
24.550000  1.262816  1.208215
24.600000  1.249169  1.217365
24.650000  1.235593  1.226464
24.700000  1.221188  1.234701
24.750000  1.206857  1.242894
24.800000  1.191874  1.250127
24.850000  1.176968  1.257323
24.900000  1.161588  1.263478
24.950000  1.146285  1.269603
25.000000  1.130683  1.274621
25.050000  1.115158  1.279618
25.100000  1.099502  1.283463
25.150000  1.083918  1.287294
25.200000  1.068361  1.289944
25.250000  1.052873  1.292590
25.300000  1.037555  1.294045
25.350000  1.022301  1.295503
25.400000  1.007346  1.295778
25.450000  0.992448  1.296064
25.500000  0.977963  1.295191
25.550000  0.963529  1.294335
25.600000  0.949603  1.292359
25.650000  0.935722  1.290405
25.700000  0.922429  1.287382
25.750000  0.909175  1.284386
25.800000  0.896574  1.280383
25.850000  0.884004  1.276410
25.900000  0.872139  1.271499
25.950000  0.860300  1.266622
26.000000  0.849201  1.260883
26.050000  0.838124  1.255178
26.100000  0.827814  1.248692
26.150000  0.817521  1.242241
26.200000  0.808011  1.235091
26.250000  0.798513  1.227977
26.300000  0.789806  1.220245
26.350000  0.781109  1.212551
26.400000  0.773204  1.204320
26.450000  0.765305  1.196126
26.500000  0.758194  1.187477
26.550000  0.751087  1.178863
26.600000  0.744760  1.169871
26.650000  0.738434  1.160913
26.700000  0.732878  1.151651
26.750000  0.727321  1.142422
26.800000  0.722519  1.132960
26.850000  0.717716  1.123529
26.900000  0.713653  1.113931
26.950000  0.709588  1.104362
27.000000  0.706248  1.094688
27.050000  0.702904  1.085041
27.100000  0.700270  1.075346
27.150000  0.697632  1.065677
27.200000  0.695688  1.056013
27.250000  0.693740  1.046372
27.300000  0.692471  1.036785
27.350000  0.691198  1.027220
27.400000  0.690590  1.017753
27.450000  0.689977  1.008305
27.500000  0.690017  0.998997
27.550000  0.690051  0.989706
27.600000  0.690727  0.980591
27.650000  0.691397  0.971493
27.700000  0.692698  0.962603
27.750000  0.693993  0.953729
27.800000  0.695909  0.945092
27.850000  0.697820  0.936470
27.900000  0.700343  0.928113
27.950000  0.702860  0.919770
28.000000  0.705982  0.911715
28.050000  0.709098  0.903673
28.100000  0.712812  0.895942
28.150000  0.716521  0.888223
28.200000  0.720821  0.880835
28.250000  0.725116  0.873457
28.300000  0.729997  0.866429
28.350000  0.734872  0.859411
28.400000  0.740329  0.852757
28.450000  0.745779  0.846114
28.500000  0.751805  0.839851
28.550000  0.757825  0.833598
28.600000  0.764415  0.827739
28.650000  0.770999  0.821889
28.700000  0.778148  0.816446
28.750000  0.785289  0.811012
28.800000  0.792989  0.805998
28.850000  0.800681  0.800993
28.900000  0.808923  0.796419
28.950000  0.817157  0.791854
29.000000  0.825932  0.787732
29.050000  0.834698  0.783618
29.100000  0.843993  0.779960
29.150000  0.853279  0.776309
29.200000  0.863080  0.773126
29.250000  0.872871  0.769950
29.300000  0.883160  0.767253
29.350000  0.893438  0.764563
29.400000  0.904195  0.762364
29.450000  0.914939  0.760173
29.500000  0.926138  0.758485
29.550000  0.937322  0.756804
29.600000  0.948933  0.755639
29.650000  0.960527  0.754481
29.700000  0.972516  0.753852
29.750000  0.984485  0.753230
29.800000  0.996810  0.753150
29.850000  1.009113  0.753078
29.900000  1.021727  0.753562
29.950000  1.034317  0.754053
30.000000  1.047166  0.755115
30.050000  1.059988  0.756183
30.100000  1.073010  0.757837
30.150000  1.086002  0.759496
30.200000  1.099129  0.761756
30.250000  1.112222  0.764021
30.300000  1.125375  0.766900
30.350000  1.138491  0.769785
30.400000  1.151585  0.773297
30.450000  1.164638  0.776813
30.500000  1.177578  0.780970
30.550000  1.190474  0.785131
30.600000  1.203158  0.789943
30.650000  1.215794  0.794758
30.700000  1.228111  0.800233
30.750000  1.240378  0.805710
30.800000  1.252210  0.811854
30.850000  1.263990  0.817996
30.900000  1.275216  0.824810
30.950000  1.286386  0.831620
31.000000  1.296876  0.839100
31.050000  1.307309  0.846573
31.100000  1.316933  0.854710
31.150000  1.326500  0.862836
31.200000  1.335128  0.871613
31.250000  1.343699  0.880376
31.300000  1.351202  0.889768
31.350000  1.358649  0.899142
31.400000  1.364905  0.909116
31.450000  1.371107  0.919069
31.500000  1.376001  0.929581
31.550000  1.380846  0.940066
31.600000  1.384277  0.951062
31.650000  1.387665  0.962026
31.700000  1.389547  0.973439
31.750000  1.391392  0.984815
31.800000  1.391660  0.996566
31.850000  1.391899  1.008275
31.900000  1.390508  1.020274
31.950000  1.389098  1.032227
32.000000  1.386031  1.044372
32.050000  1.382956  1.056467
32.100000  1.378222  1.068647
32.150000  1.373492  1.080773
32.200000  1.367128  1.092867
32.250000  1.360780  1.104903
32.300000  1.352853  1.116784
32.350000  1.344953  1.128606
32.400000  1.335556  1.140143
32.450000  1.326198  1.151621
32.500000  1.315448  1.162683
32.550000  1.304748  1.173686
32.600000  1.292787  1.184143
32.650000  1.280884  1.194544
32.700000  1.267868  1.204275
32.750000  1.254918  1.213953
32.800000  1.241018  1.222843
32.850000  1.227191  1.231684
32.900000  1.212586  1.239632
32.950000  1.198058  1.247538
33.000000  1.182930  1.254457
33.050000  1.167880  1.261342
33.100000  1.152408  1.267163
33.150000  1.137014  1.272956
33.200000  1.121373  1.277627
33.250000  1.105807  1.282279
33.300000  1.090158  1.285768
33.350000  1.074581  1.289245
33.400000  1.059076  1.291537
33.450000  1.043638  1.293826
33.500000  1.028412  1.294925
33.550000  1.013246  1.296028
33.600000  0.998417  1.295955
33.650000  0.983642  1.295893
33.700000  0.969311  1.294683
33.750000  0.955029  1.293491
33.800000  0.941282  1.291193
33.850000  0.927577  1.288918
33.900000  0.914483  1.285592
33.950000  0.901424  1.282294
34.000000  0.889036  1.278008
34.050000  0.876678  1.273753
34.100000  0.865037  1.268583
34.150000  0.853420  1.263446
34.200000  0.842554  1.257471
34.250000  0.831707  1.251531
34.300000  0.821634  1.244833
34.350000  0.811575  1.238172
34.400000  0.802304  1.230835
34.450000  0.793044  1.223535
34.500000  0.784577  1.215642
34.550000  0.776117  1.207786
34.600000  0.768450  1.199418
34.650000  0.760788  1.191086
34.700000  0.753913  1.182323
34.750000  0.747040  1.173594
34.800000  0.740944  1.164510
34.850000  0.734850  1.155460
34.900000  0.729520  1.146128
34.950000  0.724190  1.136828
35.000000  0.719611  1.127315
35.050000  0.715031  1.117833
35.100000  0.711186  1.108202
35.150000  0.707338  1.098601
35.200000  0.704212  1.088911
35.250000  0.701081  1.079249
35.300000  0.698656  1.069555
35.350000  0.696226  1.059886
35.400000  0.694486  1.050237
35.450000  0.692742  1.040611
35.500000  0.691673  1.031053
35.550000  0.690599  1.021516
35.600000  0.690187  1.012089
35.650000  0.689770  1.002683
35.700000  0.690002  0.993426
35.750000  0.690229  0.984187
35.800000  0.691094  0.975133
35.850000  0.691953  0.966096
35.900000  0.693439  0.957277
35.950000  0.694921  0.948473
36.000000  0.697020  0.939915
36.050000  0.699114  0.931372
36.100000  0.701818  0.923101
36.150000  0.704517  0.914844
36.200000  0.707817  0.906882
36.250000  0.711113  0.898933
36.300000  0.715004  0.891301
36.350000  0.718891  0.883680
36.400000  0.723367  0.876396
36.450000  0.727837  0.869123
36.500000  0.732892  0.862203
36.550000  0.737942  0.855294
36.600000  0.743571  0.848755
36.650000  0.749194  0.842226
36.700000  0.755391  0.836081
36.750000  0.761582  0.829946
36.800000  0.768342  0.824209
36.850000  0.775096  0.818481
36.900000  0.782412  0.813164
36.950000  0.789721  0.807856
37.000000  0.797586  0.802971
37.050000  0.805443  0.798095
37.100000  0.813848  0.793655
37.150000  0.822245  0.789223
37.200000  0.831179  0.785237
37.250000  0.840104  0.781261
37.300000  0.849555  0.777742
37.350000  0.858996  0.774232
37.400000  0.868949  0.771192
37.450000  0.878890  0.768160
37.500000  0.889325  0.765610
37.550000  0.899747  0.763068
37.600000  0.910643  0.761020
37.650000  0.921524  0.758980
37.700000  0.932853  0.757446
37.750000  0.944167  0.755921
37.800000  0.955899  0.754914
37.850000  0.967613  0.753915
37.900000  0.979710  0.753449
37.950000  0.991788  0.752990
38.000000  1.004208  0.753078
38.050000  1.016606  0.753173
38.100000  1.029301  0.753829
38.150000  1.041970  0.754491
38.200000  1.054882  0.755728
38.250000  1.067766  0.756973
38.300000  1.080832  0.758806
38.350000  1.093866  0.760646
38.400000  1.107014  0.763090
38.450000  1.120127  0.765540
38.500000  1.133276  0.768608
38.550000  1.146388  0.771681
38.600000  1.159450  0.775386
38.650000  1.172472  0.779095
38.700000  1.185351  0.783448
38.750000  1.198185  0.787805
38.800000  1.210776  0.792816
38.850000  1.223319  0.797829
38.900000  1.235508  0.803506
38.950000  1.247646  0.809183
39.000000  1.259315  0.815530
39.050000  1.270930  0.821874
39.100000  1.281954  0.828890
39.150000  1.292921  0.835901
39.200000  1.303170  0.843581
39.250000  1.313362  0.851254
39.300000  1.322706  0.859586
39.350000  1.331992  0.867908
39.400000  1.340301  0.876875
39.450000  1.348552  0.885827
39.500000  1.355697  0.895400
39.550000  1.362788  0.904955
39.600000  1.368650  0.915098
39.650000  1.374460  0.925219
39.700000  1.378929  0.935886
39.750000  1.383349  0.946525
39.800000  1.386326  0.957657
39.850000  1.389261  0.968756
39.900000  1.390667  0.980283
39.950000  1.392038  0.991772
40.000000  1.391812  1.003611
40.050000  1.391561  1.015408
40.100000  1.389668  1.027467
40.150000  1.387759  1.039478
40.200000  1.384189  1.051651
40.250000  1.380615  1.063772
40.300000  1.375385  1.075944
40.350000  1.370162  1.088061
40.400000  1.363319  1.100110
40.450000  1.356495  1.112101
40.500000  1.348113  1.123897
40.550000  1.339761  1.135635
40.600000  1.329941  1.147048
40.650000  1.320163  1.158402
40.700000  1.309029  1.169301
40.750000  1.297948  1.180141
40.800000  1.285648  1.190398
40.850000  1.273409  1.200599
40.900000  1.260103  1.210093
40.950000  1.246866  1.219536
41.000000  1.232730  1.228157
41.050000  1.218667  1.236732
41.100000  1.203881  1.244383
41.150000  1.189170  1.251994
41.200000  1.173914  1.258593
41.250000  1.158736  1.265160
41.300000  1.143189  1.270643
41.350000  1.127719  1.276101
41.400000  1.112053  1.280422
41.450000  1.096461  1.284726
41.500000  1.080834  1.287857
41.550000  1.065277  1.290980
41.600000  1.049836  1.292914
41.650000  1.034461  1.294847
41.700000  1.019335  1.295591
41.750000  1.004270  1.296342
41.800000  0.989575  1.295923
41.850000  0.974933  1.295518
41.900000  0.960764  1.293975
41.950000  0.946642  1.292451
42.000000  0.933079  1.289837
42.050000  0.919557  1.287247
42.100000  0.906665  1.283624
42.150000  0.893807  1.280030
42.200000  0.881636  1.275468
42.250000  0.869493  1.270939
42.300000  0.858078  1.265516
42.350000  0.846686  1.260128
42.400000  0.836053  1.253924
42.450000  0.825438  1.247757
42.500000  0.815602  1.240856
42.550000  0.805780  1.233991
42.600000  0.796748  1.226476
42.650000  0.787726  1.218997
42.700000  0.779497  1.210950
42.750000  0.771275  1.202939
42.800000  0.763845  1.194441
42.850000  0.756418  1.185979
42.900000  0.749777  1.177108
42.950000  0.743137  1.168272
43.000000  0.737272  1.159103
43.050000  0.731407  1.149967
43.100000  0.726303  1.140571
43.150000  0.721198  1.131206
43.200000  0.716841  1.121648
43.250000  0.712480  1.112120
43.300000  0.708852  1.102463
43.350000  0.705221  1.092833
43.400000  0.702305  1.083134
43.450000  0.699386  1.073461
43.500000  0.697168  1.063772
43.550000  0.694945  1.054108
43.600000  0.693408  1.044478
43.650000  0.691865  1.034872
43.700000  0.690995  1.025346
43.750000  0.690119  1.015841
43.800000  0.689902  1.006458
43.850000  0.689679  0.997095
43.900000  0.690102  0.987893
43.950000  0.690520  0.978709
44.000000  0.691572  0.969720
44.050000  0.692619  0.960747
44.100000  0.694291  0.952001
44.150000  0.695957  0.943270
44.200000  0.698239  0.934793
44.250000  0.700516  0.926331
44.300000  0.703400  0.918148
44.350000  0.706279  0.909978
44.400000  0.709758  0.902111
44.450000  0.713232  0.894256
44.500000  0.717300  0.886724
44.550000  0.721363  0.879204
44.600000  0.726014  0.872026
44.650000  0.730659  0.864858
44.700000  0.735888  0.858049
44.750000  0.741111  0.851250
44.800000  0.746912  0.844826
44.850000  0.752707  0.838412
44.900000  0.759075  0.832386
44.950000  0.765436  0.826370
45.000000  0.772365  0.820756
45.050000  0.779287  0.815151
45.100000  0.786770  0.809961
45.150000  0.794246  0.804780
45.200000  0.802275  0.800026
45.250000  0.810297  0.795281
45.300000  0.818864  0.790974
45.350000  0.827422  0.786676
45.400000  0.836515  0.782828
45.450000  0.845598  0.778989
45.500000  0.855203  0.775612
45.550000  0.864798  0.772242
45.600000  0.874900  0.769347
45.650000  0.884990  0.766460
45.700000  0.895568  0.764058
45.750000  0.906133  0.761664
45.800000  0.917164  0.759768
45.850000  0.928181  0.757880
45.900000  0.939637  0.756503
45.950000  0.951077  0.755133
46.000000  0.962926  0.754286
46.050000  0.974756  0.753447
46.100000  0.986959  0.753145
46.150000  0.999141  0.752850
46.200000  1.011653  0.753106
46.250000  1.024141  0.753369
46.300000  1.036911  0.754197
46.350000  1.049655  0.755032
46.400000  1.062624  0.756447
46.450000  1.075565  0.757868
46.500000  1.088667  0.759883
46.550000  1.101738  0.761904
46.600000  1.114899  0.764534
46.650000  1.128025  0.767169
46.700000  1.141163  0.770427
46.750000  1.154262  0.773689
46.800000  1.167285  0.777588
46.850000  1.180266  0.781490
46.900000  1.193075  0.786040
46.950000  1.205839  0.790593
47.000000  1.218326  0.795804
47.050000  1.230765  0.801017
47.100000  1.242817  0.806895
47.150000  1.254816  0.812773
47.200000  1.266310  0.819322
47.250000  1.277750  0.825867
47.300000  1.288560  0.833085
47.350000  1.299314  0.840296
47.400000  1.309310  0.848175
47.450000  1.319250  0.856046
47.500000  1.328302  0.864573
47.550000  1.337296  0.873088
47.600000  1.345273  0.882242
47.650000  1.353194  0.891381
47.700000  1.359972  0.901132
47.750000  1.366695  0.910864
47.800000  1.372154  0.921173
47.850000  1.377562  0.931457
47.900000  1.381596  0.942274
47.950000  1.385584  0.953061
48.000000  1.388100  0.964323
48.050000  1.390576  0.975550
48.100000  1.391500  0.987184
48.150000  1.392392  0.998779
48.200000  1.391670  1.010699
48.250000  1.390925  1.022575
48.300000  1.388530  1.034684
48.350000  1.386122  1.046744
48.400000  1.382051  1.058934
48.450000  1.377978  1.071071
48.500000  1.372257  1.083225
48.550000  1.366547  1.095322
48.600000  1.359231  1.107314
48.650000  1.351938  1.119247
48.700000  1.343109  1.130948
48.750000  1.334316  1.142590
48.800000  1.324084  1.153867
48.850000  1.313897  1.165086
48.900000  1.302393  1.175810
48.950000  1.290944  1.186477
49.000000  1.278320  1.196522
49.050000  1.265759  1.206513
49.100000  1.252180  1.215761
49.150000  1.238672  1.224959
49.200000  1.224315  1.233303
49.250000  1.210033  1.241602
49.300000  1.195081  1.248949
49.350000  1.180205  1.256259
49.400000  1.164837  1.262532
49.450000  1.149546  1.268776
49.500000  1.133940  1.273917
49.550000  1.118410  1.279036
49.600000  1.102732  1.283004
49.650000  1.087128  1.286958
49.700000  1.071536  1.289732
49.750000  1.056013  1.292500
49.800000  1.040648  1.294075
49.850000  1.025346  1.295654
49.900000  1.010333  1.296046
49.950000  0.995378  1.296448
50.000000  0.980825  1.295686
50.050000  0.966325  1.294941
50.100000  0.952324  1.293070
50.150000  0.938370  1.291220
50.200000  0.924997  1.288295
50.250000  0.911664  1.285396
50.300000  0.898979  1.281482
50.350000  0.886326  1.277599
50.400000  0.874374  1.272769
50.450000  0.862449  1.267972
50.500000  0.851263  1.262304
50.550000  0.840099  1.256671
50.600000  0.829700  1.250247
50.650000  0.819319  1.243860
50.700000  0.809720  1.236763
50.750000  0.800135  1.229703
50.800000  0.791341  1.222016
50.850000  0.782556  1.214367
50.900000  0.774566  1.206173
50.950000  0.766581  1.198016
51.000000  0.759386  1.189395
51.050000  0.752195  1.180809
51.100000  0.745786  1.171838
51.150000  0.739378  1.162901
51.200000  0.733741  1.153653
51.250000  0.728104  1.144438
51.300000  0.723225  1.134983
51.350000  0.718343  1.125559
51.400000  0.714205  1.115962
51.450000  0.710064  1.106394
51.500000  0.706651  1.096715
51.550000  0.703233  1.087063
51.600000  0.700528  1.077359
51.650000  0.697818  1.067680
51.700000  0.695805  1.058001
51.750000  0.693787  1.048346
51.800000  0.692451  1.038740
51.850000  0.691110  1.029156
51.900000  0.690436  1.019666
51.950000  0.689757  1.010196
52.000000  0.689733  1.000862
52.050000  0.689703  0.991546
52.100000  0.690316  0.982401
52.150000  0.690923  0.973274
52.200000  0.692162  0.964352
52.250000  0.693396  0.955446
52.300000  0.695252  0.946776
52.350000  0.697102  0.938120
52.400000  0.699565  0.929726
52.450000  0.702023  0.921347
52.500000  0.705087  0.913254
52.550000  0.708145  0.905174
52.600000  0.711802  0.897403
52.650000  0.715454  0.889644
52.700000  0.719698  0.882214
52.750000  0.723936  0.874796
52.800000  0.728762  0.867724
52.850000  0.733581  0.860664
52.900000  0.738983  0.853967
52.950000  0.744379  0.847280
53.000000  0.750351  0.840972
53.050000  0.756318  0.834673
53.100000  0.762855  0.828768
53.150000  0.769386  0.822872
53.200000  0.776483  0.817382
53.250000  0.783573  0.811901
53.300000  0.791222  0.806839
53.350000  0.798864  0.801785
53.400000  0.807057  0.797163
53.450000  0.815242  0.792549
53.500000  0.823969  0.788377
53.550000  0.832688  0.784214
53.600000  0.841937  0.780505
53.650000  0.851177  0.776804
53.700000  0.860935  0.773568
53.750000  0.870682  0.770341
53.800000  0.880931  0.767591
53.850000  0.891168  0.764849
53.900000  0.901887  0.762597
53.950000  0.912593  0.760352
54.000000  0.923757  0.758609
54.050000  0.934907  0.756874
54.100000  0.946487  0.755653
54.150000  0.958051  0.754440
54.200000  0.970013  0.753754
54.250000  0.981956  0.753076
54.300000  0.994260  0.752939
54.350000  1.006542  0.752809
54.400000  1.019141  0.753234
54.450000  1.031715  0.753667
54.500000  1.044555  0.754668
54.550000  1.057368  0.755677
54.600000  1.070389  0.757270
54.650000  1.083380  0.758869
54.700000  1.096513  0.761066
54.750000  1.109613  0.763270
54.800000  1.122781  0.766086
54.850000  1.135913  0.768908
54.900000  1.149031  0.772356
54.950000  1.162109  0.775809
55.000000  1.175084  0.779902
55.050000  1.188016  0.783999
55.100000  1.200746  0.788746
55.150000  1.213429  0.793497
55.200000  1.225803  0.798908
55.250000  1.238128  0.804320
55.300000  1.250031  0.810400
55.350000  1.261881  0.816478
55.400000  1.273189  0.823229
55.450000  1.284443  0.829976
55.500000  1.295028  0.837394
55.550000  1.305557  0.844805
55.600000  1.315290  0.852882
55.650000  1.324965  0.860949
55.700000  1.333713  0.869668
55.750000  1.342405  0.878375
55.800000  1.350040  0.887714
55.850000  1.357620  0.897036
55.900000  1.364019  0.906962
55.950000  1.370364  0.916866
56.000000  1.375411  0.927336
56.050000  1.380408  0.937780
56.100000  1.384000  0.948741
56.150000  1.387547  0.959670
56.200000  1.389596  0.971056
56.250000  1.391607  0.982405
56.300000  1.392044  0.994139
56.350000  1.392452  1.005831
56.400000  1.391233  1.017823
56.450000  1.389993  1.029769
56.500000  1.387095  1.041919
56.550000  1.384187  1.054019
56.600000  1.379617  1.066216
56.650000  1.375050  1.078359
56.700000  1.368843  1.090482
56.750000  1.362650  1.102549
56.800000  1.354869  1.114473
56.850000  1.347114  1.126337
56.900000  1.337850  1.137931
56.950000  1.328623  1.149464
57.000000  1.317992  1.160595
57.050000  1.307409  1.171667
57.100000  1.295548  1.182206
57.150000  1.283745  1.192688
57.200000  1.270812  1.202511
57.250000  1.257944  1.212281
57.300000  1.244108  1.221273
57.350000  1.230344  1.230217
57.400000  1.215783  1.238275
57.450000  1.201299  1.246291
57.500000  1.186196  1.253328
57.550000  1.171172  1.260329
57.600000  1.155707  1.266272
57.650000  1.140321  1.272187
57.700000  1.124669  1.276983
57.750000  1.109094  1.281759
57.800000  1.093420  1.285373
57.850000  1.077818  1.288975
57.900000  1.062273  1.291391
57.950000  1.046797  1.293804
58.000000  1.031518  1.295024
58.050000  1.016302  1.296248
58.100000  1.001410  1.296292
58.150000  0.986575  1.296346
58.200000  0.972174  1.295247
58.250000  0.957822  1.294166
58.300000  0.943998  1.291972
58.350000  0.930217  1.289802
58.400000  0.917040  1.286572
58.450000  0.903900  1.283370
58.500000  0.891426  1.279172
58.550000  0.878983  1.275005
58.600000  0.867254  1.269914
58.650000  0.855549  1.264857
58.700000  0.844594  1.258952
58.750000  0.833658  1.253082
58.800000  0.823495  1.246445
58.850000  0.813348  1.239845
58.900000  0.803988  1.232560
58.950000  0.794639  1.225312
59.000000  0.786083  1.217462
59.050000  0.777536  1.209649
59.100000  0.769782  1.201316
59.150000  0.762034  1.193019
59.200000  0.755074  1.184282
59.250000  0.748116  1.175580
59.300000  0.741938  1.166516
59.350000  0.735761  1.157485
59.400000  0.730351  1.148164
59.450000  0.724941  1.138876
59.500000  0.720283  1.129369
59.550000  0.715624  1.119892
59.600000  0.711704  1.110261
59.650000  0.707780  1.100658
59.700000  0.704579  1.090963
59.750000  0.701375  1.081294
59.800000  0.698878  1.071589
59.850000  0.696376  1.061908
59.900000  0.694566  1.052243
59.950000  0.692752  1.042602
60.000000  0.691615  1.033023
60.050000  0.690473  1.023466
60.100000  0.689995  1.014016
60.150000  0.689511  1.004585
60.200000  0.689679  0.995301
60.250000  0.689841  0.986035
60.300000  0.690642  0.976951
60.350000  0.691438  0.967884
60.400000  0.692863  0.959032
60.450000  0.694282  0.950195
60.500000  0.696321  0.941603
60.550000  0.698354  0.933024
60.600000  0.700998  0.924716
60.650000  0.703637  0.916421
60.700000  0.706879  0.908420
60.750000  0.710116  0.900432
60.800000  0.713949  0.892759
60.850000  0.717778  0.885098
60.900000  0.722197  0.877771
60.950000  0.726610  0.870456
61.000000  0.731610  0.863493
61.050000  0.736603  0.856540
61.100000  0.742177  0.849956
61.150000  0.747745  0.843382
61.200000  0.753888  0.837192
61.250000  0.760025  0.831010
61.300000  0.766731  0.825226
61.350000  0.773432  0.819451
61.400000  0.780696  0.814087
61.450000  0.787953  0.808731
61.500000  0.795767  0.803797
61.550000  0.803573  0.798872
61.600000  0.811929  0.794382
61.650000  0.820276  0.789900
61.700000  0.829163  0.785864
61.750000  0.838041  0.781837
61.800000  0.847446  0.778267
61.850000  0.856841  0.774705
61.900000  0.866750  0.771612
61.950000  0.876648  0.768528
62.000000  0.887042  0.765924
62.050000  0.897424  0.763329
62.100000  0.908281  0.761226
62.150000  0.919125  0.759132
62.200000  0.930420  0.757543
62.250000  0.941700  0.755961
62.300000  0.953401  0.754898
62.350000  0.965085  0.753843
62.400000  0.977158  0.753319
62.450000  0.989210  0.752803
62.500000  1.001611  0.752832
62.550000  1.013989  0.752868
62.600000  1.026670  0.753464
62.650000  1.039325  0.754066
62.700000  1.052230  0.755243
62.750000  1.065107  0.756426
62.800000  1.078173  0.758198
62.850000  1.091208  0.759976
62.900000  1.104365  0.762357
62.950000  1.117487  0.764744
63.000000  1.130654  0.767748
63.050000  1.143784  0.770757
63.100000  1.156875  0.774397
63.150000  1.169925  0.778041
63.200000  1.182842  0.782329
63.250000  1.195716  0.786621
63.300000  1.208357  0.791567
63.350000  1.220950  0.796515
63.400000  1.233201  0.802126
63.450000  1.245402  0.807738
63.500000  1.257145  0.814019
63.550000  1.268836  0.820299
63.600000  1.279947  0.827251
63.650000  1.291002  0.834198
63.700000  1.301352  0.841816
63.750000  1.311644  0.849427
63.800000  1.321101  0.857699
63.850000  1.330501  0.865961
63.900000  1.338935  0.874871
63.950000  1.347312  0.883767
64.000000  1.354595  0.893288
64.050000  1.361823  0.902791
64.100000  1.367834  0.912887
64.150000  1.373792  0.922961
64.200000  1.378417  0.933587
64.250000  1.382995  0.944185
64.300000  1.386136  0.955284
64.350000  1.389236  0.966350
64.400000  1.390811  0.977852
64.450000  1.392351  0.989317
64.500000  1.392299  1.001141
64.550000  1.392219  1.012924
64.600000  1.390500  1.024979
64.650000  1.388763  1.036986
64.700000  1.385363  1.049167
64.750000  1.381957  1.061297
64.800000  1.376892  1.073489
64.850000  1.371833  1.085627
64.900000  1.365145  1.097710
64.950000  1.358476  1.109735
65.000000  1.350238  1.121579
65.050000  1.342030  1.133363
65.100000  1.332341  1.144837
65.150000  1.322692  1.156252
65.200000  1.311673  1.167224
65.250000  1.300706  1.178138
65.300000  1.288503  1.188480
65.350000  1.276360  1.198767
65.400000  1.263133  1.208358
65.450000  1.249974  1.217897
65.500000  1.235896  1.226624
65.550000  1.221892  1.235305
65.600000  1.207145  1.243071
65.650000  1.192474  1.250796
65.700000  1.177238  1.257515
65.750000  1.162080  1.264202
65.800000  1.146536  1.269810
65.850000  1.131068  1.275392
65.900000  1.115387  1.279839
65.950000  1.099780  1.284270
66.000000  1.084124  1.287528
66.050000  1.068538  1.290777
66.100000  1.053053  1.292836
66.150000  1.037634  1.294894
66.200000  1.022454  1.295760
66.250000  1.007334  1.296633
66.300000  0.992573  1.296331
66.350000  0.977866  1.296042
66.400000  0.963624  1.294609
66.450000  0.949429  1.293197
66.500000  0.935787  1.290685
66.550000  0.922186  1.288199
66.600000  0.909210  1.284671
66.650000  0.896268  1.281172
66.700000  0.884009  1.276697
66.750000  0.871779  1.272255
66.800000  0.860275  1.266909
66.850000  0.848794  1.261599
66.900000  0.838070  1.255464
66.950000  0.827365  1.249365
67.000000  0.817439  1.242523
67.050000  0.807526  1.235718
67.100000  0.798404  1.228252
67.150000  0.789292  1.220824
67.200000  0.780974  1.212818
67.250000  0.772664  1.204849
67.300000  0.765146  1.196384
67.350000  0.757633  1.187954
67.400000  0.750906  1.179108
67.450000  0.744182  1.170297
67.500000  0.738233  1.161145
67.550000  0.732285  1.152027
67.600000  0.727100  1.142640
67.650000  0.721915  1.133286
67.700000  0.717478  1.123731
67.750000  0.713040  1.114207
67.800000  0.709335  1.104547
67.850000  0.705627  1.094916
67.900000  0.702637  1.085209
67.950000  0.699644  1.075528
68.000000  0.697353  1.065826
68.050000  0.695058  1.056149
68.100000  0.693451  1.046502
68.150000  0.691838  1.036878
68.200000  0.690899  1.027331
68.250000  0.689955  1.017804
68.300000  0.689671  1.008397
68.350000  0.689381  0.999009
68.400000  0.689739  0.989778
68.450000  0.690092  0.980565
68.500000  0.691080  0.971545
68.550000  0.692063  0.962541
68.600000  0.693673  0.953761
68.650000  0.695276  0.944996
68.700000  0.697497  0.936483
68.750000  0.699712  0.927984
68.800000  0.702536  0.919763
68.850000  0.705354  0.911556
68.900000  0.708774  0.903648
68.950000  0.712189  0.895753
69.000000  0.716199  0.888180
69.050000  0.720203  0.880618
69.100000  0.724797  0.873396
69.150000  0.729385  0.866185
69.200000  0.734557  0.859332
69.250000  0.739723  0.852489
69.300000  0.745469  0.846019
69.350000  0.751208  0.839559
69.400000  0.757521  0.833486
69.450000  0.763828  0.827423
69.500000  0.770703  0.821762
69.550000  0.777571  0.816109
69.600000  0.785002  0.810870
69.650000  0.792425  0.805640
69.700000  0.800403  0.800836
69.750000  0.808374  0.796041
69.800000  0.816891  0.791684
69.850000  0.825400  0.787335
69.900000  0.834444  0.783436
69.950000  0.843480  0.779544
70.000000  0.853039  0.776115
70.050000  0.862588  0.772693
70.100000  0.872647  0.769744
70.150000  0.882693  0.766803
70.200000  0.893231  0.764347
70.250000  0.903755  0.761899
70.300000  0.914749  0.759947
70.350000  0.925729  0.758004
70.400000  0.937152  0.756569
70.450000  0.948558  0.755143
70.500000  0.960378  0.754239
70.550000  0.972179  0.753342
70.600000  0.984357  0.752981
70.650000  0.996515  0.752628
70.700000  1.009008  0.752824
70.750000  1.021478  0.753027
70.800000  1.034236  0.753794
70.850000  1.046968  0.754568
70.900000  1.059932  0.755921
70.950000  1.072867  0.757280
71.000000  1.085973  0.759231
71.050000  1.099046  0.761190
71.100000  1.112219  0.763755
71.150000  1.125357  0.766326
71.200000  1.138515  0.769519
71.250000  1.151636  0.772717
71.300000  1.164690  0.776549
71.350000  1.177703  0.780386
71.400000  1.190554  0.784870
71.450000  1.203361  0.789357
71.500000  1.215902  0.794501
71.550000  1.228396  0.799647
71.600000  1.240514  0.805459
71.650000  1.252580  0.811271
71.700000  1.264153  0.817754
71.750000  1.275673  0.824234
71.800000  1.286575  0.831387
71.850000  1.297422  0.838535
71.900000  1.307524  0.846351
71.950000  1.317569  0.854159
72.000000  1.326740  0.862626
72.050000  1.335853  0.871082
72.100000  1.343961  0.880180
72.150000  1.352013  0.889262
72.200000  1.358933  0.898962
72.250000  1.365798  0.908642
72.300000  1.371411  0.918904
72.350000  1.376972  0.929143
72.400000  1.381168  0.939920
72.450000  1.385317  0.950668
72.500000  1.388002  0.961898
72.550000  1.390646  0.973095
72.600000  1.391743  0.984707
72.650000  1.392807  0.996279
72.700000  1.392261  1.008187
72.750000  1.391692  1.020052
72.800000  1.389471  1.032160
72.850000  1.387237  1.044220
72.900000  1.383337  1.056422
72.950000  1.379434  1.068571
73.000000  1.373878  1.080749
73.050000  1.368331  1.092871
73.100000  1.361170  1.104901
73.150000  1.354031  1.116873
73.200000  1.345345  1.128626
73.250000  1.336693  1.140318
73.300000  1.326589  1.151662
73.350000  1.316529  1.162945
73.400000  1.305136  1.173748
73.450000  1.293798  1.184493
73.500000  1.281267  1.194628
73.550000  1.268798  1.204708
73.600000  1.255293  1.214058
73.650000  1.241858  1.223356
73.700000  1.227556  1.231810
73.750000  1.213328  1.240219
73.800000  1.198409  1.247685
73.850000  1.183568  1.255111
73.900000  1.168215  1.261509
73.950000  1.152940  1.267875
74.000000  1.137331  1.273143
74.050000  1.121798  1.278388
74.100000  1.106101  1.282485
74.150000  1.090478  1.286568
74.200000  1.074852  1.289470
74.250000  1.059295  1.292365
74.300000  1.043882  1.294068
74.350000  1.028533  1.295771
74.400000  1.013461  1.296286
74.450000  0.998447  1.296810
74.500000  0.983826  1.296165
74.550000  0.969257  1.295536
74.600000  0.955181  1.293775
74.650000  0.941150  1.292036
74.700000  0.927696  1.289213
74.750000  0.914281  1.286417
74.800000  0.901509  1.282597
74.850000  0.888771  1.278807
74.900000  0.876730  1.274063
74.950000  0.864716  1.269351
75.000000  0.853438  1.263759
75.050000  0.842183  1.258203
75.100000  0.831693  1.251845
75.150000  0.821220  1.245524
75.200000  0.811530  1.238485
75.250000  0.801853  1.231482
75.300000  0.792968  1.223844
75.350000  0.784093  1.216243
75.400000  0.776013  1.208088
75.450000  0.767939  1.199970
75.500000  0.760657  1.191380
75.550000  0.753378  1.182826
75.600000  0.746883  1.173878
75.650000  0.740390  1.164964
75.700000  0.734669  1.155731
75.750000  0.728949  1.146532
75.800000  0.723988  1.137085
75.850000  0.719025  1.127670
75.900000  0.714808  1.118074
75.950000  0.710588  1.108508
76.000000  0.707097  1.098825
76.050000  0.703603  1.089170
76.100000  0.700823  1.079456
76.150000  0.698039  1.069767
76.200000  0.695953  1.060074
76.250000  0.693863  1.050405
76.300000  0.692456  1.040780
76.350000  0.691044  1.031178
76.400000  0.690301  1.021665
76.450000  0.689554  1.012173
76.500000  0.689462  1.002811
76.550000  0.689365  0.993469
76.600000  0.689912  0.984295
76.650000  0.690454  0.975138
76.700000  0.691629  0.966184
76.750000  0.692798  0.957246
76.800000  0.694591  0.948540
76.850000  0.696378  0.939849
76.900000  0.698780  0.931418
76.950000  0.701176  0.923002
77.000000  0.704179  0.914869
77.050000  0.707176  0.906750
77.100000  0.710773  0.898938
77.150000  0.714365  0.891138
77.200000  0.718550  0.883666
77.250000  0.722729  0.876205
77.300000  0.727497  0.869089
77.350000  0.732259  0.861984
77.400000  0.737603  0.855242
77.450000  0.742942  0.848509
77.500000  0.748858  0.842155
77.550000  0.754768  0.835810
77.600000  0.761250  0.829857
77.650000  0.767727  0.823913
77.700000  0.774769  0.818374
77.750000  0.781805  0.812845
77.800000  0.789401  0.807733
77.850000  0.796990  0.802630
77.900000  0.805131  0.797956
77.950000  0.813265  0.793292
78.000000  0.821942  0.789068
78.050000  0.830611  0.784853
78.100000  0.839812  0.781092
78.150000  0.849005  0.777338
78.200000  0.858717  0.774049
78.250000  0.868418  0.770768
78.300000  0.878623  0.767964
78.350000  0.888817  0.765168
78.400000  0.899496  0.762859
78.450000  0.910161  0.760559
78.500000  0.921289  0.758760
78.550000  0.932401  0.756968
78.600000  0.943949  0.755690
78.650000  0.955480  0.754419
78.700000  0.967414  0.753674
78.750000  0.979329  0.752938
78.800000  0.991609  0.752741
78.850000  1.003869  0.752551
78.900000  1.016450  0.752915
78.950000  1.029007  0.753287
79.000000  1.041837  0.754226
79.050000  1.054640  0.755173
79.100000  1.067657  0.756702
79.150000  1.080645  0.758238
79.200000  1.093783  0.760371
79.250000  1.106888  0.762510
79.300000  1.120071  0.765261
79.350000  1.133217  0.768018
79.400000  1.146359  0.771400
79.450000  1.159462  0.774787
79.500000  1.172472  0.778813
79.550000  1.185439  0.782843
79.600000  1.198215  0.787523
79.650000  1.210944  0.792206
79.700000  1.223377  0.797550
79.750000  1.235761  0.802894
79.800000  1.247735  0.808907
79.850000  1.259657  0.814919
79.900000  1.271049  0.821603
79.950000  1.282386  0.828284
80.000000  1.293069  0.835637
80.050000  1.303696  0.842984
80.100000  1.313539  0.850998
80.150000  1.323325  0.859002
80.200000  1.332198  0.867662
80.250000  1.341013  0.876309
80.300000  1.348785  0.885592
80.350000  1.356501  0.894858
80.400000  1.363048  0.904733
80.450000  1.369540  0.914587
80.500000  1.374745  0.925011
80.550000  1.379900  0.935411
80.600000  1.383658  0.946333
80.650000  1.387371  0.957225
80.700000  1.389593  0.968581
80.750000  1.391776  0.979902
80.800000  1.392390  0.991615
80.850000  1.392974  1.003288
80.900000  1.391932  1.015271
80.950000  1.390869  1.027209
81.000000  1.388147  1.039361
81.050000  1.385415  1.051464
81.100000  1.381017  1.063677
81.150000  1.376620  1.075835
81.200000  1.370578  1.087987
81.250000  1.364548  1.100083
81.300000  1.356921  1.112049
81.350000  1.349319  1.123957
81.400000  1.340195  1.135607
81.450000  1.331108  1.147196
81.500000  1.320602  1.158397
81.550000  1.310143  1.169539
81.600000  1.298390  1.180161
81.650000  1.286694  1.190725
81.700000  1.273849  1.200643
81.750000  1.261070  1.210507
81.800000  1.247303  1.219605
81.850000  1.233607  1.228653
81.900000  1.219096  1.236826
81.950000  1.204660  1.244956
82.000000  1.189587  1.252114
82.050000  1.174592  1.259235
82.100000  1.159138  1.265305
82.150000  1.143761  1.271346
82.200000  1.128102  1.276271
82.250000  1.112519  1.281176
82.300000  1.096821  1.284921
82.350000  1.081196  1.288653
82.400000  1.065612  1.291198
82.450000  1.050097  1.293740
82.500000  1.034766  1.295087
82.550000  1.019499  1.296438
82.600000  1.004545  1.296604
82.650000  0.989647  1.296781
82.700000  0.975174  1.295798
82.750000  0.960751  1.294833
82.800000  0.946848  1.292749
82.850000  0.932988  1.290688
82.900000  0.919727  1.287560
82.950000  0.906503  1.284459
83.000000  0.893940  1.280354
83.050000  0.881409  1.276280
83.100000  0.869589  1.271273
83.150000  0.857794  1.266299
83.200000  0.846746  1.260468
83.250000  0.835718  1.254673
83.300000  0.825462  1.248101
83.350000  0.815222  1.241566
83.400000  0.805769  1.234336
83.450000  0.796328  1.227144
83.500000  0.787681  1.219340
83.550000  0.779043  1.211574
83.600000  0.771199  1.203278
83.650000  0.763360  1.195019
83.700000  0.756312  1.186311
83.750000  0.749266  1.177638
83.800000  0.743002  1.168594
83.850000  0.736739  1.159584
83.900000  0.731245  1.150278
83.950000  0.725750  1.141003
84.000000  0.721012  1.131503
84.050000  0.716271  1.122032
84.100000  0.712271  1.112401
84.150000  0.708268  1.102799
84.200000  0.704990  1.093098
84.250000  0.701708  1.083424
84.300000  0.699136  1.073707
84.350000  0.696559  1.064016
84.400000  0.694677  1.054335
84.450000  0.692789  1.044678
84.500000  0.691581  1.035079
84.550000  0.690368  1.025502
84.600000  0.689821  1.016028
84.650000  0.689268  1.006573
84.700000  0.689368  0.997261
84.750000  0.689462  0.987968
84.800000  0.690197  0.978853
84.850000  0.690927  0.969756
84.900000  0.692287  0.960870
84.950000  0.693642  0.951999
85.000000  0.695617  0.943370
85.050000  0.697586  0.934756
85.100000  0.700168  0.926409
85.150000  0.702744  0.918076
85.200000  0.705925  0.910035
85.250000  0.709100  0.902007
85.300000  0.712874  0.894292
85.350000  0.716642  0.886588
85.400000  0.721001  0.879218
85.450000  0.725356  0.871859
85.500000  0.730296  0.864851
85.550000  0.735231  0.857854
85.600000  0.740747  0.851223
85.650000  0.746257  0.844603
85.700000  0.752344  0.838365
85.750000  0.758424  0.832136
85.800000  0.765075  0.826303
85.850000  0.771720  0.820479
85.900000  0.778929  0.815065
85.950000  0.786132  0.809659
86.000000  0.793892  0.804675
86.050000  0.801646  0.799700
86.100000  0.809949  0.795158
86.150000  0.818245  0.790624
86.200000  0.827081  0.786536
86.250000  0.835909  0.782456
86.300000  0.845266  0.778832
86.350000  0.854613  0.775217
86.400000  0.864476  0.772070
86.450000  0.874328  0.768931
86.500000  0.884679  0.766272
86.550000  0.895018  0.763621
86.600000  0.905836  0.761462
86.650000  0.916639  0.759311
86.700000  0.927898  0.757664
86.750000  0.939141  0.756025
86.800000  0.950811  0.754904
86.850000  0.962463  0.753790
86.900000  0.974508  0.753206
86.950000  0.986533  0.752630
87.000000  0.998911  0.752598
87.050000  1.011268  0.752573
87.100000  1.023933  0.753107
87.150000  1.036573  0.753647
87.200000  1.049469  0.754760
87.250000  1.062338  0.755880
87.300000  1.075403  0.757587
87.350000  1.088437  0.759301
87.400000  1.101601  0.761617
87.450000  1.114732  0.763938
87.500000  1.127916  0.766875
87.550000  1.141063  0.769818
87.600000  1.154181  0.773391
87.650000  1.167259  0.776968
87.700000  1.180215  0.781188
87.750000  1.193127  0.785412
87.800000  1.205818  0.790289
87.850000  1.218462  0.795169
87.900000  1.230776  0.800712
87.950000  1.243040  0.806256
88.000000  1.254859  0.812469
88.050000  1.266625  0.818681
88.100000  1.277825  0.825566
88.150000  1.288970  0.832447
88.200000  1.299422  0.839999
88.250000  1.309818  0.847545
88.300000  1.319391  0.855754
88.350000  1.328907  0.863954
88.400000  1.337470  0.872804
88.450000  1.345977  0.881640
88.500000  1.353401  0.891106
88.550000  1.360770  0.900553
88.600000  1.366934  0.910599
88.650000  1.373044  0.920623
88.700000  1.377833  0.931205
88.750000  1.382572  0.941760
88.800000  1.385885  0.952823
88.850000  1.389154  0.963853
88.900000  1.390906  0.975328
88.950000  1.392622  0.986766
89.000000  1.392749  0.998573
89.050000  1.392848  1.010339
89.100000  1.391309  1.022388
89.150000  1.389752  1.034390
89.200000  1.386530  1.046577
89.250000  1.383301  1.058713
89.300000  1.378408  1.070926
89.350000  1.373520  1.083083
89.400000  1.366996  1.095199
89.450000  1.360489  1.107257
89.500000  1.352404  1.119148
89.550000  1.344347  1.130980
89.600000  1.334796  1.142515
89.650000  1.325284  1.153990
89.700000  1.314388  1.165038
89.750000  1.303542  1.176026
89.800000  1.291442  1.186456
89.850000  1.279402  1.196829
89.900000  1.266260  1.206520
89.950000  1.253184  1.216157
90.000000  1.239171  1.224994
90.050000  1.225231  1.233784
90.100000  1.210527  1.241668
90.150000  1.195900  1.249510
90.200000  1.180688  1.256354
90.250000  1.165555  1.263165
90.300000  1.150015  1.268902
90.350000  1.134553  1.274612
90.400000  1.118859  1.279192
90.450000  1.103240  1.283753
90.500000  1.087554  1.287144
90.550000  1.071940  1.290525
90.600000  1.056412  1.292714
90.650000  1.040950  1.294902
90.700000  1.025714  1.295896
90.750000  1.010538  1.296896
90.800000  0.995711  1.296716
90.850000  0.980939  1.296549
90.900000  0.966622  1.295233
90.950000  0.952353  1.293936
91.000000  0.938629  1.291534
91.050000  0.924946  1.289156
91.100000  0.911883  1.285729
91.150000  0.898856  1.282330
91.200000  0.886506  1.277947
91.250000  0.874186  1.273595
91.300000  0.862588  1.268332
91.350000  0.851015  1.263104
91.400000  0.840198  1.257041
91.450000  0.829400  1.251015
91.500000  0.819379  1.244236
91.550000  0.809373  1.237494
91.600000  0.800157  1.230082
91.650000  0.790951  1.222707
91.700000  0.782541  1.214746
91.750000  0.774139  1.206821
91.800000  0.766531  1.198391
91.850000  0.758927  1.189998
91.900000  0.752111  1.181179
91.950000  0.745298  1.172395
92.000000  0.739263  1.163262
92.050000  0.733228  1.154163
92.100000  0.727959  1.144788
92.150000  0.722689  1.135445
92.200000  0.718171  1.125896
92.250000  0.713650  1.116377
92.300000  0.709865  1.106715
92.350000  0.706078  1.097082
92.400000  0.703011  1.087368
92.450000  0.699940  1.077680
92.500000  0.697573  1.067966
92.550000  0.695203  1.058276
92.600000  0.693522  1.048612
92.650000  0.691836  1.038971
92.700000  0.690826  1.029402
92.750000  0.689810  1.019854
92.800000  0.689456  1.010421
92.850000  0.689097  1.001008
92.900000  0.689387  0.991748
92.950000  0.689671  0.982507
93.000000  0.690593  0.973454
93.050000  0.691510  0.964418
93.100000  0.693054  0.955603
93.150000  0.694592  0.946804
93.200000  0.696749  0.938254
93.250000  0.698900  0.929718
93.300000  0.701661  0.921457
93.350000  0.704416  0.913210
93.400000  0.707775  0.905261
93.450000  0.711127  0.897325
93.500000  0.715076  0.889709
93.550000  0.719019  0.882104
93.600000  0.723553  0.874837
93.650000  0.728081  0.867582
93.700000  0.733194  0.860683
93.750000  0.738301  0.853794
93.800000  0.743989  0.847277
93.850000  0.749670  0.840769
93.900000  0.755926  0.834648
93.950000  0.762175  0.828537
94.000000  0.768994  0.822826
94.050000  0.775806  0.817123
94.100000  0.783182  0.811834
94.150000  0.790550  0.806553
94.200000  0.798475  0.801698
94.250000  0.806392  0.796851
94.300000  0.814856  0.792441
94.350000  0.823313  0.788040
94.400000  0.832307  0.784087
94.450000  0.841293  0.780143
94.500000  0.850804  0.776658
94.550000  0.860305  0.773182
94.600000  0.870317  0.770178
94.650000  0.880318  0.767181
94.700000  0.890813  0.764669
94.750000  0.901294  0.762164
94.800000  0.912249  0.760155
94.850000  0.923189  0.758154
94.900000  0.934576  0.756661
94.950000  0.945947  0.755176
95.000000  0.957735  0.754212
95.050000  0.969505  0.753255
95.100000  0.981657  0.752833
95.150000  0.993788  0.752419
95.200000  1.006261  0.752553
95.250000  1.018711  0.752694
95.300000  1.031454  0.753398
95.350000  1.044172  0.754109
95.400000  1.057130  0.755397
95.450000  1.070058  0.756691
95.500000  1.083165  0.758577
95.550000  1.096240  0.760470
95.600000  1.109423  0.762969
95.650000  1.122572  0.765473
95.700000  1.135751  0.768598
95.750000  1.148891  0.771728
95.800000  1.161977  0.775492
95.850000  1.175020  0.779261
95.900000  1.187914  0.783675
95.950000  1.200763  0.788093
96.000000  1.213359  0.793169
96.050000  1.225907  0.798246
96.100000  1.238092  0.803988
96.150000  1.250226  0.809731
96.200000  1.261880  0.816145
96.250000  1.273480  0.822557
96.300000  1.284477  0.829643
96.350000  1.295418  0.836723
96.400000  1.305628  0.844474
96.450000  1.315781  0.852216
96.500000  1.325073  0.860620
96.550000  1.334308  0.869013
96.600000  1.342551  0.878051
96.650000  1.350737  0.887075
96.700000  1.357804  0.896719
96.750000  1.364816  0.906345
96.800000  1.370586  0.916558
96.850000  1.376304  0.926748
96.900000  1.380668  0.937483
96.950000  1.384984  0.948189
97.000000  1.387844  0.959385
97.050000  1.390662  0.970547
97.100000  1.391940  0.982134
97.150000  1.393183  0.993682
97.200000  1.392820  1.005576
97.250000  1.392431  1.017426
97.300000  1.390393  1.029532
97.350000  1.388340  1.041590
97.400000  1.384619  1.053802
97.450000  1.380894  1.065961
97.500000  1.375511  1.078163
97.550000  1.370135  1.090309
97.600000  1.363137  1.102377
97.650000  1.356160  1.114386
97.700000  1.347625  1.126190
97.750000  1.339122  1.137935
97.800000  1.329153  1.149344
97.850000  1.319228  1.160694
97.900000  1.307954  1.171576
97.950000  1.296734  1.182400
98.000000  1.284302  1.192627
98.050000  1.271932  1.202799
98.100000  1.258507  1.212252
98.150000  1.245151  1.221654
98.200000  1.230908  1.230222
98.250000  1.216739  1.238744
98.300000  1.201859  1.246331
98.350000  1.187056  1.253878
98.400000  1.171722  1.260403
98.450000  1.156466  1.266897
98.500000  1.140857  1.272297
98.550000  1.125324  1.277673
98.600000  1.109609  1.281904
98.650000  1.093969  1.286120
98.700000  1.078309  1.289156
98.750000  1.062719  1.292184
98.800000  1.047258  1.294018
98.850000  1.031862  1.295853
98.900000  1.016730  1.296496
98.950000  1.001657  1.297146
99.000000  0.986966  1.296625
99.050000  0.972328  1.296118
99.100000  0.958174  1.294473
99.150000  0.944066  1.292848
99.200000  0.930527  1.290134
99.250000  0.917028  1.287445
99.300000  0.904167  1.283725
99.350000  0.891341  1.280034
99.400000  0.879207  1.275379
99.450000  0.867101  1.270758
99.500000  0.855729  1.265246
99.550000  0.844380  1.259770
99.600000  0.833795  1.253484
99.650000  0.823227  1.247234
99.700000  0.813442  1.240255
99.750000  0.803670  1.233314
99.800000  0.794691  1.225727
99.850000  0.785722  1.218177
99.900000  0.777549  1.210065
99.950000  0.769382  1.201990
100.000000  0.762008  1.193433
