   t     nR      nF
0.000000  0.765558  1.200000
0.050000  0.757903  1.194373
0.100000  0.750827  1.188434
0.150000  0.743753  1.182511
0.200000  0.737253  1.176313
0.250000  0.730753  1.170132
0.300000  0.724820  1.163711
0.350000  0.718887  1.157306
0.400000  0.713512  1.150698
0.450000  0.708135  1.144104
0.500000  0.703307  1.137341
0.550000  0.698477  1.130592
0.600000  0.694185  1.123705
0.650000  0.689892  1.116832
0.700000  0.686125  1.109851
0.750000  0.682357  1.102884
0.800000  0.679105  1.095838
0.850000  0.675851  1.088805
0.900000  0.673103  1.081721
0.950000  0.670353  1.074649
1.000000  0.668099  1.067551
1.050000  0.665842  1.060464
1.100000  0.664073  1.053376
1.150000  0.662301  1.046299
1.200000  0.661007  1.039243
1.250000  0.659710  1.032197
1.300000  0.658883  1.025193
1.350000  0.658053  1.018199
1.400000  0.657685  1.011266
1.450000  0.657314  1.004343
1.500000  0.657400  0.997499
1.550000  0.657482  0.990664
1.600000  0.658013  0.983926
1.650000  0.658542  0.977197
1.700000  0.659515  0.970579
1.750000  0.660485  0.963970
1.800000  0.661895  0.957488
1.850000  0.663302  0.951014
1.900000  0.665144  0.944680
1.950000  0.666984  0.938353
2.000000  0.669256  0.932181
2.050000  0.671525  0.926014
2.100000  0.674224  0.920014
2.150000  0.676921  0.914019
2.200000  0.680044  0.908202
2.250000  0.683166  0.902390
2.300000  0.686713  0.896765
2.350000  0.690257  0.891146
2.400000  0.694226  0.885724
2.450000  0.698193  0.880308
2.500000  0.702583  0.875097
2.550000  0.706971  0.869892
2.600000  0.711781  0.864901
2.650000  0.716590  0.859915
2.700000  0.721820  0.855152
2.750000  0.727048  0.850395
2.800000  0.732697  0.845868
2.850000  0.738343  0.841346
2.900000  0.744411  0.837062
2.950000  0.750476  0.832783
3.000000  0.756960  0.828750
3.050000  0.763442  0.824722
3.100000  0.770342  0.820946
3.150000  0.777238  0.817175
3.200000  0.784552  0.813665
3.250000  0.791861  0.810159
3.300000  0.799584  0.806920
3.350000  0.807304  0.803685
3.400000  0.815433  0.800725
3.450000  0.823558  0.797769
3.500000  0.832088  0.795095
3.550000  0.840613  0.792425
3.600000  0.849537  0.790043
3.650000  0.858455  0.787665
3.700000  0.867765  0.785583
3.750000  0.877068  0.783505
3.800000  0.886753  0.781730
3.850000  0.896430  0.779960
3.900000  0.906478  0.778499
3.950000  0.916517  0.777043
4.000000  0.926912  0.775904
4.050000  0.937298  0.774770
4.100000  0.948023  0.773961
4.150000  0.958738  0.773157
4.200000  0.969771  0.772685
4.250000  0.980794  0.772218
4.300000  0.992112  0.772092
4.350000  1.003418  0.771970
4.400000  1.014993  0.772197
4.450000  1.026554  0.772429
4.500000  1.038354  0.773018
4.550000  1.050139  0.773611
4.600000  1.062129  0.774569
4.650000  1.074100  0.775532
4.700000  1.086239  0.776868
4.750000  1.098357  0.778208
4.800000  1.110599  0.779930
4.850000  1.122820  0.781655
4.900000  1.135116  0.783770
4.950000  1.147388  0.785888
5.000000  1.159683  0.788403
5.050000  1.171952  0.790921
5.100000  1.184186  0.793843
5.150000  1.196392  0.796767
5.200000  1.208500  0.800102
5.250000  1.220579  0.803439
5.300000  1.232492  0.807191
5.350000  1.244374  0.810944
5.400000  1.256018  0.815118
5.450000  1.267629  0.819292
5.500000  1.278925  0.823889
5.550000  1.290187  0.828485
5.600000  1.301054  0.833505
5.650000  1.311885  0.838524
5.700000  1.322237  0.843966
5.750000  1.332553  0.849405
5.800000  1.342305  0.855265
5.850000  1.352019  0.861120
5.900000  1.361082  0.867390
5.950000  1.370106  0.873654
6.000000  1.378393  0.880324
6.050000  1.386641  0.886986
6.100000  1.394063  0.894042
6.150000  1.401449  0.901088
6.200000  1.407925  0.908511
6.250000  1.414366  0.915923
6.300000  1.419817  0.923692
6.350000  1.425234  0.931448
6.400000  1.429587  0.939536
6.450000  1.433909  0.947608
6.500000  1.437100  0.955983
6.550000  1.440263  0.964340
6.600000  1.442236  0.972965
6.650000  1.444185  0.981571
6.700000  1.444897  0.990405
6.750000  1.445590  0.999218
6.800000  1.445010  1.008215
6.850000  1.444417  1.017188
6.900000  1.442528  1.026297
6.950000  1.440631  1.035381
7.000000  1.437431  1.044546
7.050000  1.434229  1.053684
7.100000  1.429731  1.062848
7.150000  1.425238  1.071982
7.200000  1.419472  1.081082
7.250000  1.413717  1.090151
7.300000  1.406727  1.099122
7.350000  1.399755  1.108063
7.400000  1.391601  1.116840
7.450000  1.383471  1.125587
7.500000  1.374226  1.134106
7.550000  1.365012  1.142594
7.600000  1.354762  1.150788
7.650000  1.344548  1.158953
7.700000  1.333390  1.166760
7.750000  1.322272  1.174540
7.800000  1.310311  1.181901
7.850000  1.298394  1.189236
7.900000  1.285741  1.196096
7.950000  1.273134  1.202931
8.000000  1.259905  1.209238
8.050000  1.246724  1.215524
8.100000  1.233035  1.221234
8.150000  1.219395  1.226926
8.200000  1.205364  1.232001
8.250000  1.191381  1.237062
8.300000  1.177120  1.241471
8.350000  1.162908  1.245869
8.400000  1.148528  1.249590
8.450000  1.134195  1.253302
8.500000  1.119799  1.256317
8.550000  1.105448  1.259328
8.600000  1.091131  1.261629
8.650000  1.076858  1.263929
8.700000  1.062710  1.265515
8.750000  1.048602  1.267102
8.800000  1.034702  1.267978
8.850000  1.020838  1.268858
8.900000  1.007256  1.269036
8.950000  0.993706  1.269220
9.000000  0.980503  1.268716
9.050000  0.967329  1.268222
9.100000  0.954557  1.267059
9.150000  0.941811  1.265907
9.200000  0.929514  1.264112
9.250000  0.917239  1.262330
9.300000  0.905452  1.259934
9.350000  0.893684  1.257551
9.400000  0.882435  1.254586
9.450000  0.871202  1.251636
9.500000  0.860512  1.248137
9.550000  0.849836  1.244655
9.600000  0.839721  1.240661
9.650000  0.829616  1.236684
9.700000  0.820085  1.232233
9.750000  0.810562  1.227799
9.800000  0.801620  1.222929
9.850000  0.792685  1.218077
9.900000  0.784334  1.212828
9.950000  0.775987  1.207597
10.000000  0.768224  1.202008
10.050000  0.760465  1.196436
10.100000  0.753286  1.190544
10.150000  0.746110  1.184670
10.200000  0.739508  1.178513
10.250000  0.732907  1.172373
10.300000  0.726875  1.165988
10.350000  0.720842  1.159618
10.400000  0.715369  1.153039
10.450000  0.709895  1.146475
10.500000  0.704970  1.139735
10.550000  0.700045  1.133010
10.600000  0.695659  1.126141
10.650000  0.691272  1.119286
10.700000  0.687413  1.112319
10.750000  0.683553  1.105365
10.800000  0.680211  1.098327
10.850000  0.676867  1.091302
10.900000  0.674031  1.084222
10.950000  0.671193  1.077153
11.000000  0.668852  1.070055
11.050000  0.666510  1.062968
11.100000  0.664656  1.055875
11.150000  0.662799  1.048793
11.200000  0.661422  1.041729
11.250000  0.660042  1.034675
11.300000  0.659133  1.027659
11.350000  0.658221  1.020653
11.400000  0.657773  1.013706
11.450000  0.657323  1.006767
11.500000  0.657329  0.999906
11.550000  0.657332  0.993053
11.600000  0.657785  0.986294
11.650000  0.658236  0.979544
11.700000  0.659132  0.972903
11.750000  0.660025  0.966271
11.800000  0.661358  0.959763
11.850000  0.662689  0.953263
11.900000  0.664455  0.946901
11.950000  0.666219  0.940547
12.000000  0.668416  0.934344
12.050000  0.670610  0.928147
12.100000  0.673235  0.922115
12.150000  0.675856  0.916088
12.200000  0.678906  0.910237
12.250000  0.681953  0.904392
12.300000  0.685426  0.898731
12.350000  0.688897  0.893077
12.400000  0.692792  0.887618
12.450000  0.696685  0.882164
12.500000  0.701001  0.876915
12.550000  0.705315  0.871671
12.600000  0.710053  0.866640
12.650000  0.714787  0.861615
12.700000  0.719944  0.856810
12.750000  0.725099  0.852011
12.800000  0.730675  0.847442
12.850000  0.736248  0.842877
12.900000  0.742243  0.838549
12.950000  0.748235  0.834226
13.000000  0.754647  0.830148
13.050000  0.761056  0.826075
13.100000  0.767883  0.822253
13.150000  0.774708  0.818435
13.200000  0.781949  0.814877
13.250000  0.789187  0.811323
13.300000  0.796839  0.808036
13.350000  0.804488  0.804752
13.400000  0.812547  0.801742
13.450000  0.820602  0.798736
13.500000  0.829063  0.796010
13.550000  0.837519  0.793289
13.600000  0.846375  0.790855
13.650000  0.855226  0.788425
13.700000  0.864469  0.786289
13.750000  0.873707  0.784158
13.800000  0.883328  0.782328
13.850000  0.892942  0.780502
13.900000  0.902928  0.778985
13.950000  0.912906  0.777473
14.000000  0.923242  0.776277
14.050000  0.933570  0.775085
14.100000  0.944240  0.774217
14.150000  0.954899  0.773354
14.200000  0.965882  0.772822
14.250000  0.976853  0.772295
14.300000  0.988126  0.772107
14.350000  0.999385  0.771924
14.400000  1.010919  0.772088
14.450000  1.022439  0.772257
14.500000  1.034205  0.772781
14.550000  1.045954  0.773310
14.600000  1.057915  0.774203
14.650000  1.069859  0.775099
14.700000  1.081977  0.776368
14.750000  1.094075  0.777641
14.800000  1.106304  0.779295
14.850000  1.118513  0.780952
14.900000  1.130805  0.782997
14.950000  1.143075  0.785045
15.000000  1.155376  0.787490
15.050000  1.167653  0.789937
15.100000  1.179904  0.792787
15.150000  1.192129  0.795640
15.200000  1.204267  0.798902
15.250000  1.216375  0.802165
15.300000  1.228331  0.805844
15.350000  1.240255  0.809524
15.400000  1.251955  0.813624
15.450000  1.263621  0.817724
15.500000  1.274987  0.822247
15.550000  1.286319  0.826769
15.600000  1.297270  0.831716
15.650000  1.308186  0.836661
15.700000  1.318638  0.842029
15.750000  1.329053  0.847396
15.800000  1.338920  0.853183
15.850000  1.348749  0.858966
15.900000  1.357942  0.865166
15.950000  1.367097  0.871359
16.000000  1.375528  0.877961
16.050000  1.383922  0.884554
16.100000  1.391505  0.891545
16.150000  1.399051  0.898525
16.200000  1.405702  0.905887
16.250000  1.412317  0.913237
16.300000  1.417956  0.920949
16.350000  1.423560  0.928647
16.400000  1.428113  0.936682
16.450000  1.432635  0.944702
16.500000  1.436035  0.953030
16.550000  1.439408  0.961342
16.600000  1.441600  0.969927
16.650000  1.443768  0.978494
16.700000  1.444705  0.987296
16.750000  1.445623  0.996077
16.800000  1.445272  1.005051
16.850000  1.444907  1.014002
16.900000  1.443249  1.023097
16.950000  1.441582  1.032166
17.000000  1.438612  1.041328
17.050000  1.435639  1.050463
17.100000  1.431367  1.059633
17.150000  1.427099  1.068775
17.200000  1.421552  1.077892
17.250000  1.416016  1.086980
17.300000  1.409236  1.095980
17.350000  1.402473  1.104950
17.400000  1.394517  1.113769
17.450000  1.386584  1.122557
17.500000  1.377523  1.131127
17.550000  1.368492  1.139668
17.600000  1.358410  1.147925
17.650000  1.348363  1.156154
17.700000  1.337355  1.164036
17.750000  1.326386  1.171890
17.800000  1.314556  1.179335
17.850000  1.302768  1.186755
17.900000  1.290226  1.193708
17.950000  1.277729  1.200637
18.000000  1.264590  1.207046
18.050000  1.251498  1.213433
18.100000  1.237879  1.219253
18.150000  1.224308  1.225054
18.200000  1.210325  1.230245
18.250000  1.196392  1.235420
18.300000  1.182160  1.239950
18.350000  1.167977  1.244467
18.400000  1.153607  1.248311
18.450000  1.139284  1.252146
18.500000  1.124880  1.255287
18.550000  1.110522  1.258423
18.600000  1.096182  1.260851
18.650000  1.081885  1.263276
18.700000  1.067698  1.264988
18.750000  1.053552  1.266701
18.800000  1.039600  1.267702
18.850000  1.025685  1.268706
18.900000  1.012039  1.269005
18.950000  0.998427  1.269311
19.000000  0.985150  1.268925
19.050000  0.971904  1.268549
19.100000  0.959050  1.267500
19.150000  0.946223  1.266462
19.200000  0.933837  1.264775
19.250000  0.921474  1.263102
19.300000  0.909593  1.260808
19.350000  0.897731  1.258528
19.400000  0.886384  1.255660
19.450000  0.875053  1.252806
19.500000  0.864262  1.249398
19.550000  0.853485  1.246006
19.600000  0.843266  1.242096
19.650000  0.833058  1.238202
19.700000  0.823422  1.233828
19.750000  0.813795  1.229470
19.800000  0.804748  1.224670
19.850000  0.795708  1.219888
19.900000  0.787251  1.214702
19.950000  0.778800  1.209533
20.000000  0.770933  1.204000
20.050000  0.763069  1.198484
20.100000  0.755787  1.192641
20.150000  0.748507  1.186816
20.200000  0.741804  1.180702
20.250000  0.735101  1.174605
20.300000  0.728968  1.168256
20.350000  0.722836  1.161924
20.400000  0.717264  1.155375
20.450000  0.711692  1.148841
20.500000  0.706671  1.142126
20.550000  0.701649  1.135425
20.600000  0.697169  1.128576
20.650000  0.692687  1.121740
20.700000  0.688736  1.114787
20.750000  0.684783  1.107847
20.800000  0.681351  1.100818
20.850000  0.677916  1.093803
20.900000  0.674992  1.086726
20.950000  0.672065  1.079662
21.000000  0.669638  1.072564
21.050000  0.667209  1.065477
21.100000  0.665269  1.058381
21.150000  0.663328  1.051295
21.200000  0.661867  1.044223
21.250000  0.660403  1.037161
21.300000  0.659413  1.030134
21.350000  0.658419  1.023117
21.400000  0.657891  1.016155
21.450000  0.657359  1.009202
21.500000  0.657286  1.002323
21.550000  0.657209  0.995453
21.600000  0.657585  0.988674
21.650000  0.657957  0.981903
21.700000  0.658775  0.975240
21.750000  0.659591  0.968585
21.800000  0.660847  0.962051
21.850000  0.662101  0.955526
21.900000  0.663792  0.949137
21.950000  0.665480  0.942754
22.000000  0.667602  0.936522
22.050000  0.669720  0.930296
22.100000  0.672270  0.924231
22.150000  0.674817  0.918174
22.200000  0.677792  0.912289
22.250000  0.680764  0.906410
22.300000  0.684163  0.900714
22.350000  0.687559  0.895025
22.400000  0.691381  0.889528
22.450000  0.695199  0.884038
22.500000  0.699442  0.878750
22.550000  0.703683  0.873468
22.600000  0.708346  0.868397
22.650000  0.713007  0.863332
22.700000  0.718091  0.858487
22.750000  0.723172  0.853646
22.800000  0.728675  0.849034
22.850000  0.734175  0.844427
22.900000  0.740096  0.840055
22.950000  0.746015  0.835689
23.000000  0.752354  0.831565
23.050000  0.758690  0.827446
23.100000  0.765446  0.823578
23.150000  0.772198  0.819715
23.200000  0.779367  0.816109
23.250000  0.786533  0.812508
23.300000  0.794114  0.809171
23.350000  0.801691  0.805839
23.400000  0.809680  0.802779
23.450000  0.817664  0.799723
23.500000  0.826056  0.796946
23.550000  0.834442  0.794174
23.600000  0.843231  0.791687
23.650000  0.852014  0.789205
23.700000  0.861191  0.787015
23.750000  0.870362  0.784830
23.800000  0.879918  0.782946
23.850000  0.889468  0.781065
23.900000  0.899392  0.779492
23.950000  0.909308  0.777924
24.000000  0.919585  0.776670
24.050000  0.929854  0.775421
24.100000  0.940468  0.774495
24.150000  0.951072  0.773572
24.200000  0.962003  0.772981
24.250000  0.972923  0.772393
24.300000  0.984147  0.772144
24.350000  0.995359  0.771899
24.400000  1.006852  0.772001
24.450000  1.018330  0.772106
24.500000  1.030059  0.772567
24.550000  1.041772  0.773031
24.600000  1.053704  0.773858
24.650000  1.065618  0.774690
24.700000  1.077713  0.775892
24.750000  1.089789  0.777098
24.800000  1.102005  0.778683
24.850000  1.114199  0.780271
24.900000  1.126487  0.782247
24.950000  1.138752  0.784226
25.000000  1.151058  0.786600
25.050000  1.163340  0.788976
25.100000  1.175607  0.791754
25.150000  1.187848  0.794535
25.200000  1.200014  0.797724
25.250000  1.212150  0.800916
25.300000  1.224146  0.804521
25.350000  1.236110  0.808128
25.400000  1.247863  0.812153
25.450000  1.259583  0.816179
25.500000  1.271017  0.820628
25.550000  1.282416  0.825076
25.600000  1.293449  0.829949
25.650000  1.304447  0.834820
25.700000  1.314996  0.840115
25.750000  1.325509  0.845408
25.800000  1.335488  0.851122
25.850000  1.345429  0.856833
25.900000  1.354750  0.862961
25.950000  1.364032  0.869084
26.000000  1.372607  0.875616
26.050000  1.381144  0.882142
26.100000  1.388885  0.889065
26.150000  1.396589  0.895980
26.200000  1.403412  0.903279
26.250000  1.410199  0.910567
26.300000  1.416024  0.918219
26.350000  1.421814  0.925859
26.400000  1.426566  0.933841
26.450000  1.431285  0.941808
26.500000  1.434895  0.950088
26.550000  1.438475  0.958352
26.600000  1.440886  0.966897
26.650000  1.443270  0.975423
26.700000  1.444433  0.984192
26.750000  1.445574  0.992940
26.800000  1.445453  1.001889
26.850000  1.445317  1.010815
26.900000  1.443890  1.019894
26.950000  1.442454  1.028949
27.000000  1.439714  1.038105
27.050000  1.436971  1.047234
27.100000  1.432927  1.056409
27.150000  1.428885  1.065556
27.200000  1.423560  1.074689
27.250000  1.418243  1.083793
27.300000  1.411676  1.092821
27.350000  1.405124  1.101819
27.400000  1.397369  1.110676
27.450000  1.389636  1.119503
27.500000  1.380762  1.128124
27.550000  1.371917  1.136715
27.600000  1.362006  1.145034
27.650000  1.352129  1.153325
27.700000  1.341275  1.161279
27.750000  1.330459  1.169206
27.800000  1.318763  1.176734
27.850000  1.307109  1.184236
27.900000  1.294681  1.191282
27.950000  1.282298  1.198303
28.000000  1.269253  1.204813
28.050000  1.256255  1.211301
28.100000  1.242708  1.217229
28.150000  1.229210  1.223138
28.200000  1.215280  1.228443
28.250000  1.201398  1.233732
28.300000  1.187199  1.238382
28.350000  1.173049  1.243019
28.400000  1.158692  1.246986
28.450000  1.144383  1.250944
28.500000  1.129974  1.254211
28.550000  1.115611  1.257471
28.600000  1.101250  1.260026
28.650000  1.086933  1.262578
28.700000  1.072710  1.264416
28.750000  1.058528  1.266255
28.800000  1.044526  1.267381
28.850000  1.030562  1.268509
28.900000  1.016855  1.268931
28.950000  1.003181  1.269359
29.000000  0.989833  1.269093
29.050000  0.976515  1.268835
29.100000  0.963581  1.267901
29.150000  0.950674  1.266978
29.200000  0.938200  1.265401
29.250000  0.925750  1.263837
29.300000  0.913775  1.261648
29.350000  0.901821  1.259472
29.400000  0.890375  1.256701
29.450000  0.878947  1.253946
29.500000  0.868055  1.250630
29.550000  0.857177  1.247329
29.600000  0.846854  1.243504
29.650000  0.836544  1.239695
29.700000  0.826803  1.235398
29.750000  0.817071  1.231119
29.800000  0.807919  1.226390
29.850000  0.798774  1.221679
29.900000  0.790212  1.216557
29.950000  0.781655  1.211452
30.000000  0.773683  1.205976
30.050000  0.765715  1.200518
30.100000  0.758329  1.194726
30.150000  0.750946  1.188951
30.200000  0.744140  1.182881
30.250000  0.737336  1.176828
30.300000  0.731102  1.170517
30.350000  0.724869  1.164222
30.400000  0.719198  1.157704
30.450000  0.713527  1.151203
30.500000  0.708409  1.144513
30.550000  0.703291  1.137838
30.600000  0.698715  1.131008
30.650000  0.694139  1.124193
30.700000  0.690095  1.117255
30.750000  0.686049  1.110330
30.800000  0.682526  1.103311
30.850000  0.679000  1.096305
30.900000  0.675986  1.089234
30.950000  0.672970  1.082176
31.000000  0.670456  1.075078
31.050000  0.667939  1.067993
31.100000  0.665915  1.060893
31.150000  0.663887  1.053804
31.200000  0.662343  1.046725
31.250000  0.660795  1.039656
31.300000  0.659722  1.032619
31.350000  0.658646  1.025591
31.400000  0.658037  1.018615
31.450000  0.657424  1.011648
31.500000  0.657271  1.004752
31.550000  0.657115  0.997865
31.600000  0.657411  0.991066
31.650000  0.657705  0.984276
31.700000  0.658445  0.977590
31.750000  0.659183  0.970912
31.800000  0.660363  0.964354
31.850000  0.661540  0.957803
31.900000  0.663154  0.951386
31.950000  0.664766  0.944977
32.000000  0.666812  0.938715
32.050000  0.668855  0.932460
32.100000  0.671330  0.926364
32.150000  0.673801  0.920274
32.200000  0.676701  0.914356
32.250000  0.679599  0.908444
32.300000  0.682924  0.902713
32.350000  0.686246  0.896989
32.400000  0.689993  0.891456
32.450000  0.693737  0.885929
32.500000  0.697906  0.880603
32.550000  0.702073  0.875282
32.600000  0.706662  0.870172
32.650000  0.711250  0.865067
32.700000  0.716259  0.860181
32.750000  0.721267  0.855299
32.800000  0.726696  0.850645
32.850000  0.732123  0.845995
32.900000  0.737971  0.841580
32.950000  0.743817  0.837169
33.000000  0.750083  0.833001
33.050000  0.756346  0.828837
33.100000  0.763029  0.824923
33.150000  0.769708  0.821013
33.200000  0.776805  0.817360
33.250000  0.783899  0.813711
33.300000  0.791409  0.810326
33.350000  0.798914  0.806946
33.400000  0.806832  0.803836
33.450000  0.814746  0.800730
33.500000  0.823067  0.797902
33.550000  0.831384  0.795079
33.600000  0.840104  0.792540
33.650000  0.848819  0.790005
33.700000  0.857929  0.787762
33.750000  0.867033  0.785524
33.800000  0.876525  0.783584
33.850000  0.886009  0.781649
33.900000  0.895871  0.780020
33.950000  0.905725  0.778396
34.000000  0.915942  0.777085
34.050000  0.926151  0.775779
34.100000  0.936708  0.774793
34.150000  0.947256  0.773813
34.200000  0.958134  0.773161
34.250000  0.969001  0.772513
34.300000  0.980178  0.772203
34.350000  0.991342  0.771897
34.400000  1.002790  0.771936
34.450000  1.014225  0.771979
34.500000  1.025917  0.772375
34.550000  1.037593  0.772775
34.600000  1.049494  0.773537
34.650000  1.061377  0.774303
34.700000  1.073449  0.775438
34.750000  1.085501  0.776577
34.800000  1.097701  0.778094
34.850000  1.109881  0.779614
34.900000  1.122161  0.781520
34.950000  1.134420  0.783430
35.000000  1.146730  0.785733
35.050000  1.159015  0.788039
35.100000  1.171296  0.790745
35.150000  1.183551  0.793454
35.200000  1.195742  0.796571
35.250000  1.207904  0.799689
35.300000  1.219938  0.803221
35.350000  1.231941  0.806754
35.400000  1.243744  0.810706
35.450000  1.255516  0.814658
35.500000  1.267014  0.819032
35.550000  1.278479  0.823406
35.600000  1.289591  0.828204
35.650000  1.300669  0.833001
35.700000  1.311313  0.838223
35.750000  1.321920  0.843441
35.800000  1.332008  0.849083
35.850000  1.342059  0.854721
35.900000  1.351506  0.860778
35.950000  1.360914  0.866829
36.000000  1.369629  0.873292
36.050000  1.378306  0.879748
36.100000  1.386203  0.886605
36.150000  1.394063  0.893453
36.200000  1.401057  0.900688
36.250000  1.408014  0.907912
36.300000  1.414023  0.915505
36.350000  1.419997  0.923086
36.400000  1.424945  0.931013
36.450000  1.429860  0.938926
36.500000  1.433677  0.947157
36.550000  1.437465  0.955372
36.600000  1.440092  0.963875
36.650000  1.442694  0.972359
36.700000  1.444080  0.981093
36.750000  1.445445  0.989807
36.800000  1.445554  0.998729
36.850000  1.445645  1.007629
36.900000  1.444451  1.016691
36.950000  1.443245  1.025729
37.000000  1.440737  1.034877
37.050000  1.438225  1.043999
37.100000  1.434409  1.053177
37.150000  1.430595  1.062328
37.200000  1.425493  1.071475
37.250000  1.420398  1.080593
37.300000  1.414045  1.089646
37.350000  1.407707  1.098669
37.400000  1.400156  1.107563
37.450000  1.392625  1.116427
37.500000  1.383942  1.125097
37.550000  1.375285  1.133736
37.600000  1.365549  1.142116
37.650000  1.355846  1.150466
37.700000  1.345148  1.158491
37.750000  1.334489  1.166488
37.800000  1.322931  1.174098
37.850000  1.311415  1.181681
37.900000  1.299105  1.188818
37.950000  1.286840  1.195930
38.000000  1.273892  1.202540
38.050000  1.260991  1.209127
38.100000  1.247521  1.215163
38.150000  1.234100  1.221178
38.200000  1.220225  1.226598
38.250000  1.206400  1.232000
38.300000  1.192237  1.236769
38.350000  1.178123  1.241524
38.400000  1.163782  1.245615
38.450000  1.149490  1.249695
38.500000  1.135080  1.253088
38.550000  1.120716  1.256473
38.600000  1.106337  1.259155
38.650000  1.092001  1.261833
38.700000  1.077745  1.263798
38.750000  1.063529  1.265763
38.800000  1.049480  1.267015
38.850000  1.035469  1.268269
38.900000  1.021702  1.268814
38.950000  1.007969  1.269365
39.000000  0.994550  1.269219
39.050000  0.981163  1.269080
39.100000  0.968149  1.268262
39.150000  0.955163  1.267455
39.200000  0.942603  1.265989
39.250000  0.930067  1.264536
39.300000  0.917999  1.262452
39.350000  0.905953  1.260382
39.400000  0.894410  1.257711
39.450000  0.882885  1.255055
39.500000  0.871892  1.251831
39.550000  0.860913  1.248624
39.600000  0.850487  1.244884
39.650000  0.840074  1.241162
39.700000  0.830228  1.236945
39.750000  0.820392  1.232745
39.800000  0.811134  1.228088
39.850000  0.801883  1.223449
39.900000  0.793216  1.218393
39.950000  0.784554  1.213354
40.000000  0.776477  1.207936
40.050000  0.768404  1.202536
40.100000  0.760914  1.196796
40.150000  0.753427  1.191073
40.200000  0.746518  1.185049
40.250000  0.739611  1.179041
40.300000  0.733276  1.172768
40.350000  0.726941  1.166512
40.400000  0.721171  1.160027
40.450000  0.715401  1.153558
40.500000  0.710186  1.146895
40.550000  0.704970  1.140248
40.600000  0.700299  1.133439
40.650000  0.695626  1.126645
40.700000  0.691489  1.119722
40.750000  0.687350  1.112813
40.800000  0.683735  1.105805
40.850000  0.680118  1.098811
40.900000  0.677014  1.091746
40.950000  0.673909  1.084693
41.000000  0.671307  1.077597
41.050000  0.668702  1.070513
41.100000  0.666592  1.063411
41.150000  0.664478  1.056320
41.200000  0.662849  1.049234
41.250000  0.661218  1.042159
41.300000  0.660062  1.035112
41.350000  0.658903  1.028074
41.400000  0.658212  1.021085
41.450000  0.657518  1.014105
41.500000  0.657284  1.007192
41.550000  0.657048  1.000289
41.600000  0.657266  0.993470
41.650000  0.657480  0.986660
41.700000  0.658143  0.979952
41.750000  0.658802  0.973252
41.800000  0.659905  0.966669
41.850000  0.661004  0.960094
41.900000  0.662543  0.953651
41.950000  0.664078  0.947214
42.000000  0.666048  0.940923
42.050000  0.668015  0.934639
42.100000  0.670414  0.928512
42.150000  0.672811  0.922391
42.200000  0.675636  0.916440
42.250000  0.678459  0.910494
42.300000  0.681708  0.904729
42.350000  0.684956  0.898970
42.400000  0.688628  0.893401
42.450000  0.692299  0.887837
42.500000  0.696394  0.882473
42.550000  0.700486  0.877115
42.600000  0.705001  0.871965
42.650000  0.709515  0.866820
42.700000  0.714451  0.861893
42.750000  0.719384  0.856971
42.800000  0.724740  0.852274
42.850000  0.730093  0.847582
42.900000  0.735868  0.843123
42.950000  0.741640  0.838669
43.000000  0.747833  0.834456
43.050000  0.754023  0.830247
43.100000  0.760633  0.826287
43.150000  0.767239  0.822331
43.200000  0.774264  0.818631
43.250000  0.781286  0.814935
43.300000  0.788723  0.811501
43.350000  0.796157  0.808072
43.400000  0.804004  0.804912
43.450000  0.811846  0.801757
43.500000  0.820098  0.798878
43.550000  0.828345  0.796004
43.600000  0.836996  0.793413
43.650000  0.845641  0.790826
43.700000  0.854684  0.788530
43.750000  0.863721  0.786238
43.800000  0.873147  0.784244
43.850000  0.882567  0.782254
43.900000  0.892365  0.780569
43.950000  0.902156  0.778889
44.000000  0.912313  0.777521
44.050000  0.922461  0.776157
44.100000  0.932961  0.775114
44.150000  0.943452  0.774074
44.200000  0.954276  0.773363
44.250000  0.965090  0.772656
44.300000  0.976217  0.772284
44.350000  0.987332  0.771917
44.400000  0.998736  0.771893
44.450000  1.010127  0.771873
44.500000  1.021780  0.772205
44.550000  1.033418  0.772542
44.600000  1.045286  0.773238
44.650000  1.057138  0.773938
44.700000  1.069184  0.775007
44.750000  1.081212  0.776079
44.800000  1.093394  0.777528
44.850000  1.105557  0.778980
44.900000  1.117829  0.780817
44.950000  1.130080  0.782657
45.000000  1.142391  0.784889
45.050000  1.154678  0.787125
45.100000  1.166971  0.789759
45.150000  1.179238  0.792397
45.200000  1.191453  0.795441
45.250000  1.203639  0.798486
45.300000  1.215707  0.801945
45.350000  1.227746  0.805404
45.400000  1.239599  0.809282
45.450000  1.251420  0.813160
45.500000  1.262980  0.817460
45.550000  1.274508  0.821759
45.600000  1.285697  0.826483
45.650000  1.296852  0.831205
45.700000  1.307588  0.836352
45.750000  1.318287  0.841497
45.800000  1.328483  0.847066
45.850000  1.338641  0.852631
45.900000  1.348210  0.858615
45.950000  1.357741  0.864595
46.000000  1.366595  0.870987
46.050000  1.375410  0.877373
46.100000  1.383461  0.884162
46.150000  1.391474  0.890943
46.200000  1.398636  0.898114
46.250000  1.405761  0.905274
46.300000  1.411952  0.912807
46.350000  1.418108  0.920327
46.400000  1.423250  0.928199
46.450000  1.428360  0.936056
46.500000  1.432384  0.944237
46.550000  1.436378  0.952403
46.600000  1.439221  0.960862
46.650000  1.442037  0.969302
46.700000  1.443648  0.978000
46.750000  1.445236  0.986678
46.800000  1.445573  0.995572
46.850000  1.445893  1.004444
46.900000  1.444930  1.013487
46.950000  1.443956  1.022506
47.000000  1.441680  1.031645
47.050000  1.439399  1.040758
47.100000  1.435814  1.049938
47.150000  1.432229  1.059089
47.200000  1.427351  1.068248
47.250000  1.422480  1.077379
47.300000  1.416344  1.086455
47.350000  1.410221  1.095502
47.400000  1.402876  1.104431
47.450000  1.395551  1.113330
47.500000  1.387060  1.122046
47.550000  1.378596  1.130732
47.600000  1.369037  1.139170
47.650000  1.359511  1.147578
47.700000  1.348974  1.155673
47.750000  1.338474  1.163739
47.800000  1.327058  1.171428
47.850000  1.315683  1.179091
47.900000  1.303495  1.186317
47.950000  1.291352  1.193518
48.000000  1.278505  1.200227
48.050000  1.265706  1.206912
48.100000  1.252316  1.213054
48.150000  1.238976  1.219175
48.200000  1.225161  1.224708
48.250000  1.211396  1.230223
48.300000  1.197272  1.235111
48.350000  1.183197  1.239984
48.400000  1.168877  1.244197
48.450000  1.154605  1.248399
48.500000  1.140197  1.251917
48.550000  1.125835  1.255428
48.600000  1.111440  1.258237
48.650000  1.097089  1.261041
48.700000  1.082801  1.263134
48.750000  1.068555  1.265226
48.800000  1.054461  1.266603
48.850000  1.040404  1.267983
48.900000  1.026579  1.268653
48.950000  1.012790  1.269327
49.000000  0.999302  1.269302
49.050000  0.985847  1.269284
49.100000  0.972755  1.268583
49.150000  0.959692  1.267892
49.200000  0.947046  1.266539
49.250000  0.934424  1.265198
49.300000  0.922265  1.263221
49.350000  0.910127  1.261257
49.400000  0.898487  1.258686
49.450000  0.886866  1.256131
49.500000  0.875772  1.253002
49.550000  0.864693  1.249889
49.600000  0.854164  1.246237
49.650000  0.843648  1.242602
49.700000  0.833697  1.238466
49.750000  0.823757  1.234347
49.800000  0.814393  1.229764
49.850000  0.805037  1.225199
49.900000  0.796263  1.220209
49.950000  0.787496  1.215237
50.000000  0.779313  1.209880
50.050000  0.771135  1.204540
50.100000  0.763541  1.198853
50.150000  0.755949  1.193183
50.200000  0.748937  1.187205
50.250000  0.741927  1.181243
50.300000  0.735490  1.175011
50.350000  0.729054  1.168795
50.400000  0.723184  1.162344
50.450000  0.717314  1.155908
50.500000  0.712000  1.149273
50.550000  0.706686  1.142653
50.600000  0.701919  1.135867
50.650000  0.697151  1.129095
50.700000  0.692919  1.122189
50.750000  0.688686  1.115297
50.800000  0.684979  1.108301
50.850000  0.681270  1.101318
50.900000  0.678077  1.094260
50.950000  0.674881  1.087215
51.000000  0.672191  1.080121
51.050000  0.669498  1.073039
51.100000  0.667301  1.065935
51.150000  0.665101  1.058843
51.200000  0.663387  1.051751
51.250000  0.661671  1.044670
51.300000  0.660431  1.037613
51.350000  0.659189  1.030566
51.400000  0.658416  1.023564
51.450000  0.657641  1.016572
51.500000  0.657327  1.009643
51.550000  0.657010  1.002723
51.600000  0.657148  0.995886
51.650000  0.657283  0.989057
51.700000  0.657867  0.982327
51.750000  0.658448  0.975605
51.800000  0.659473  0.968998
51.850000  0.660495  0.962399
51.900000  0.661957  0.955929
51.950000  0.663415  0.949466
52.000000  0.665309  0.943146
52.050000  0.667201  0.936833
52.100000  0.669524  0.930675
52.150000  0.671845  0.924523
52.200000  0.674595  0.918539
52.250000  0.677342  0.912561
52.300000  0.680517  0.906761
52.350000  0.683690  0.900968
52.400000  0.687288  0.895362
52.450000  0.690884  0.889762
52.500000  0.694904  0.884360
52.550000  0.698922  0.878964
52.600000  0.703364  0.873775
52.650000  0.707803  0.868591
52.700000  0.712665  0.863623
52.750000  0.717524  0.858660
52.800000  0.722806  0.853921
52.850000  0.728086  0.849187
52.900000  0.733787  0.844685
52.950000  0.739485  0.840187
53.000000  0.745605  0.835929
53.050000  0.751721  0.831676
53.100000  0.758258  0.827670
53.150000  0.764791  0.823668
53.200000  0.771744  0.819921
53.250000  0.778692  0.816178
53.300000  0.786058  0.812696
53.350000  0.793419  0.809218
53.400000  0.801195  0.806009
53.450000  0.808966  0.802804
53.500000  0.817147  0.799874
53.550000  0.825324  0.796949
53.600000  0.833905  0.794306
53.650000  0.842482  0.791667
53.700000  0.851457  0.789318
53.750000  0.860426  0.786973
53.800000  0.869786  0.784924
53.850000  0.879140  0.782880
53.900000  0.888874  0.781139
53.950000  0.898601  0.779403
54.000000  0.908697  0.777978
54.050000  0.918785  0.776558
54.100000  0.929227  0.775456
54.150000  0.939659  0.774358
54.200000  0.950429  0.773587
54.250000  0.961189  0.772820
54.300000  0.972266  0.772387
54.350000  0.983331  0.771958
54.400000  0.994690  0.771872
54.450000  1.006036  0.771790
54.500000  1.017649  0.772058
54.550000  1.029247  0.772331
54.600000  1.041081  0.772962
54.650000  1.052900  0.773597
54.700000  1.064919  0.774599
54.750000  1.076921  0.775605
54.800000  1.089085  0.776985
54.850000  1.101229  0.778370
54.900000  1.113491  0.780137
54.950000  1.125732  0.781908
55.000000  1.138043  0.784069
55.050000  1.150330  0.786234
55.100000  1.162633  0.788797
55.150000  1.174910  0.791363
55.200000  1.187146  0.794334
55.250000  1.199354  0.797307
55.300000  1.211456  0.800692
55.350000  1.223529  0.804078
55.400000  1.235428  0.807881
55.450000  1.247295  0.811685
55.500000  1.258916  0.815910
55.550000  1.270504  0.820135
55.600000  1.281768  0.824784
55.650000  1.292997  0.829432
55.700000  1.303822  0.834505
55.750000  1.314611  0.839576
55.800000  1.324912  0.845071
55.850000  1.335175  0.850562
55.900000  1.344864  0.856474
55.950000  1.354516  0.862381
56.000000  1.363505  0.868703
56.050000  1.372456  0.875019
56.100000  1.380658  0.881739
56.150000  1.388822  0.888452
56.200000  1.396150  0.895557
56.250000  1.403441  0.902653
56.300000  1.409812  0.910124
56.350000  1.416148  0.917584
56.400000  1.421484  0.925398
56.450000  1.426786  0.933199
56.500000  1.431015  0.941329
56.550000  1.435213  0.949444
56.600000  1.438271  0.957858
56.650000  1.441301  0.966254
56.700000  1.443135  0.974914
56.750000  1.444945  0.983554
56.800000  1.445511  0.992419
56.850000  1.446059  1.001262
56.900000  1.445328  1.010284
56.950000  1.444585  1.019282
57.000000  1.442543  1.028410
57.050000  1.440494  1.037512
57.100000  1.437139  1.046691
57.150000  1.433784  1.055842
57.200000  1.429133  1.065011
57.250000  1.424487  1.074152
57.300000  1.418570  1.083250
57.350000  1.412665  1.092318
57.400000  1.405528  1.101280
57.450000  1.398411  1.110212
57.500000  1.390116  1.118973
57.550000  1.381847  1.127704
57.600000  1.372470  1.136197
57.650000  1.363123  1.144661
57.700000  1.352750  1.152824
57.750000  1.342414  1.160957
57.800000  1.331143  1.168725
57.850000  1.319914  1.176465
57.900000  1.307852  1.183779
57.950000  1.295834  1.191068
58.000000  1.283092  1.197874
58.050000  1.270398  1.204656
58.100000  1.257093  1.210903
58.150000  1.243837  1.217129
58.200000  1.230086  1.222774
58.250000  1.216384  1.228401
58.300000  1.202303  1.233407
58.350000  1.188272  1.238397
58.400000  1.173975  1.242733
58.450000  1.159727  1.247057
58.500000  1.145323  1.250700
58.550000  1.130967  1.254335
58.600000  1.116559  1.257271
58.650000  1.102196  1.260202
58.700000  1.087879  1.262423
58.750000  1.073605  1.264642
58.800000  1.059467  1.266146
58.850000  1.045369  1.267652
58.900000  1.031488  1.268447
58.950000  1.017643  1.269246
59.000000  1.004088  1.269342
59.050000  0.990566  1.269446
59.100000  0.977398  1.268863
59.150000  0.964258  1.268290
59.200000  0.951528  1.267050
59.250000  0.938822  1.265822
59.300000  0.926572  1.263953
59.350000  0.914343  1.262096
59.400000  0.902607  1.259628
59.450000  0.890890  1.257175
59.500000  0.879696  1.254142
59.550000  0.868517  1.251124
59.600000  0.857885  1.247561
59.650000  0.847266  1.244016
59.700000  0.837211  1.239961
59.750000  0.827166  1.235924
59.800000  0.817696  1.231417
59.850000  0.808234  1.226927
59.900000  0.799355  1.222006
59.950000  0.790482  1.217102
60.000000  0.782193  1.211805
60.050000  0.773910  1.206527
60.100000  0.766210  1.200894
60.150000  0.758514  1.195279
60.200000  0.751398  1.189348
60.250000  0.744284  1.183435
60.300000  0.737745  1.177243
60.350000  0.731207  1.171069
60.400000  0.725236  1.164652
60.450000  0.719266  1.158252
60.500000  0.713854  1.151646
60.550000  0.708441  1.145055
60.600000  0.703577  1.138292
60.650000  0.698712  1.131544
60.700000  0.694386  1.124655
60.750000  0.690058  1.117781
60.800000  0.686259  1.110797
60.850000  0.682457  1.103827
60.900000  0.679173  1.096777
60.950000  0.675887  1.089739
61.000000  0.673108  1.082649
61.050000  0.670326  1.075571
61.100000  0.668042  1.068465
61.150000  0.665755  1.061372
61.200000  0.663956  1.054275
61.250000  0.662154  1.047189
61.300000  0.660831  1.040123
61.350000  0.659506  1.033068
61.400000  0.658651  1.026053
61.450000  0.657793  1.019048
61.500000  0.657398  1.012104
61.550000  0.657000  1.005169
61.600000  0.657058  0.998313
61.650000  0.657113  0.991466
61.700000  0.657619  0.984715
61.750000  0.658121  0.977972
61.800000  0.659069  0.971341
61.850000  0.660013  0.964718
61.900000  0.661397  0.958221
61.950000  0.662779  0.951732
62.000000  0.664596  0.945384
62.050000  0.666411  0.939042
62.100000  0.668659  0.932853
62.150000  0.670904  0.926671
62.200000  0.673578  0.920655
62.250000  0.676251  0.914644
62.300000  0.679350  0.908810
62.350000  0.682448  0.902982
62.400000  0.685971  0.897340
62.450000  0.689492  0.891705
62.500000  0.693438  0.886265
62.550000  0.697382  0.880831
62.600000  0.701749  0.875603
62.650000  0.706114  0.870380
62.700000  0.710902  0.865371
62.750000  0.715687  0.860368
62.800000  0.720895  0.855587
62.850000  0.726100  0.850811
62.900000  0.731727  0.846265
62.950000  0.737352  0.841725
63.000000  0.743398  0.837422
63.050000  0.749441  0.833124
63.100000  0.755904  0.829072
63.150000  0.762365  0.825025
63.200000  0.769244  0.821230
63.250000  0.776120  0.817440
63.300000  0.783413  0.813910
63.350000  0.790702  0.810384
63.400000  0.798406  0.807125
63.450000  0.806105  0.803871
63.500000  0.814216  0.800891
63.550000  0.822322  0.797915
63.600000  0.830834  0.795220
63.650000  0.839340  0.792529
63.700000  0.848247  0.790127
63.750000  0.857149  0.787728
63.800000  0.866442  0.785625
63.850000  0.875729  0.783527
63.900000  0.885399  0.781731
63.950000  0.895062  0.779939
64.000000  0.905096  0.778457
64.050000  0.915122  0.776979
64.100000  0.925505  0.775819
64.150000  0.935879  0.774663
64.200000  0.946594  0.773832
64.250000  0.957299  0.773006
64.300000  0.968324  0.772512
64.350000  0.979338  0.772022
64.400000  0.990651  0.771874
64.450000  1.001951  0.771729
64.500000  1.013523  0.771934
64.550000  1.025080  0.772143
64.600000  1.036880  0.772709
64.650000  1.048664  0.773278
64.700000  1.060655  0.774214
64.750000  1.072629  0.775153
64.800000  1.084773  0.776466
64.850000  1.096897  0.777782
64.900000  1.109148  0.779480
64.950000  1.121378  0.781182
65.000000  1.133686  0.783273
65.050000  1.145971  0.785367
65.100000  1.158282  0.787859
65.150000  1.170568  0.790353
65.200000  1.182823  0.793251
65.250000  1.195050  0.796152
65.300000  1.207184  0.799463
65.350000  1.219288  0.802775
65.400000  1.231231  0.806504
65.450000  1.243143  0.810234
65.500000  1.254822  0.814384
65.550000  1.266467  0.818535
65.600000  1.277804  0.823109
65.650000  1.289105  0.827682
65.700000  1.300017  0.832680
65.750000  1.310893  0.837677
65.800000  1.321296  0.843097
65.850000  1.331662  0.848515
65.900000  1.341469  0.854354
65.950000  1.351238  0.860189
66.000000  1.360361  0.866439
66.050000  1.369445  0.872684
66.100000  1.377796  0.879336
66.150000  1.386108  0.885980
66.200000  1.393600  0.893019
66.250000  1.401055  0.900049
66.300000  1.407604  0.907458
66.350000  1.414117  0.914856
66.400000  1.419644  0.922612
66.450000  1.425138  0.930356
66.500000  1.429570  0.938433
66.550000  1.433970  0.946496
66.600000  1.437242  0.954863
66.650000  1.440486  0.963214
66.700000  1.442541  0.971835
66.750000  1.444573  0.980436
66.800000  1.445367  0.989270
66.850000  1.446143  0.998081
66.900000  1.445645  1.007081
66.950000  1.445133  1.016057
67.000000  1.443324  1.025172
67.050000  1.441508  1.034262
67.100000  1.438385  1.043438
67.150000  1.435261  1.052586
67.200000  1.430838  1.061764
67.250000  1.426419  1.070913
67.300000  1.420723  1.080030
67.350000  1.415038  1.089118
67.400000  1.408112  1.098111
67.450000  1.401205  1.107074
67.500000  1.393109  1.115878
67.550000  1.385037  1.124651
67.600000  1.375844  1.133199
67.650000  1.366681  1.141717
67.700000  1.356476  1.149945
67.750000  1.346306  1.158143
67.800000  1.335185  1.165988
67.850000  1.324104  1.173804
67.900000  1.312172  1.181205
67.950000  1.300283  1.188580
68.000000  1.287651  1.195481
68.050000  1.275065  1.202359
68.100000  1.261849  1.208711
68.150000  1.248681  1.215041
68.200000  1.234997  1.220797
68.250000  1.221363  1.226534
68.300000  1.207329  1.231657
68.350000  1.193345  1.236764
68.400000  1.179075  1.241222
68.450000  1.164854  1.245667
68.500000  1.150458  1.249436
68.550000  1.136110  1.253196
68.600000  1.121692  1.256259
68.650000  1.107320  1.259317
68.700000  1.092978  1.261665
68.750000  1.078678  1.264011
68.800000  1.064499  1.265643
68.850000  1.050361  1.267276
68.900000  1.036426  1.268196
68.950000  1.022528  1.269120
69.000000  1.008908  1.269340
69.050000  0.995321  1.269566
69.100000  0.982077  1.269102
69.150000  0.968863  1.268647
69.200000  0.956049  1.267522
69.250000  0.943261  1.266408
69.300000  0.930920  1.264648
69.350000  0.918601  1.262900
69.400000  0.906770  1.260536
69.450000  0.894957  1.258185
69.500000  0.883663  1.255249
69.550000  0.872385  1.252329
69.600000  0.861650  1.248857
69.650000  0.850929  1.245401
69.700000  0.840769  1.241430
69.750000  0.830619  1.237477
69.800000  0.821043  1.233046
69.850000  0.811476  1.228633
69.900000  0.802490  1.223781
69.950000  0.793511  1.218947
70.000000  0.785117  1.213713
70.050000  0.776727  1.208497
70.100000  0.768922  1.202920
70.150000  0.761121  1.197361
70.200000  0.753900  1.191479
70.250000  0.746683  1.185615
70.300000  0.740041  1.179466
70.350000  0.733400  1.173334
70.400000  0.727329  1.166953
70.450000  0.721257  1.160589
70.500000  0.715746  1.154013
70.550000  0.710234  1.147452
70.600000  0.705273  1.140713
70.650000  0.700311  1.133989
70.700000  0.695890  1.127120
70.750000  0.691467  1.120264
70.800000  0.687574  1.113294
70.850000  0.683679  1.106338
70.900000  0.680304  1.099296
70.950000  0.676926  1.092267
71.000000  0.674058  1.085181
71.050000  0.671187  1.078106
71.100000  0.668816  1.071001
71.150000  0.666442  1.063907
71.200000  0.664557  1.056806
71.250000  0.662669  1.049716
71.300000  0.661262  1.042642
71.350000  0.659852  1.035578
71.400000  0.658915  1.028552
71.450000  0.657974  1.021535
71.500000  0.657498  1.014576
71.550000  0.657019  1.007626
71.600000  0.656997  1.000752
71.650000  0.656972  0.993887
71.700000  0.657398  0.987115
71.750000  0.657822  0.980351
71.800000  0.658691  0.973697
71.850000  0.659557  0.967050
71.900000  0.660864  0.960528
71.950000  0.662168  0.954013
72.000000  0.663909  0.947636
72.050000  0.665647  0.941266
72.100000  0.667819  0.935047
72.150000  0.669988  0.928835
72.200000  0.672587  0.922786
72.250000  0.675183  0.916744
72.300000  0.678208  0.910875
72.350000  0.681230  0.905013
72.400000  0.684679  0.899336
72.450000  0.688125  0.893664
72.500000  0.691996  0.888187
72.550000  0.695865  0.882716
72.600000  0.700158  0.877449
72.650000  0.704448  0.872187
72.700000  0.709161  0.867138
72.750000  0.713872  0.862094
72.800000  0.719006  0.857271
72.850000  0.724137  0.852453
72.900000  0.729691  0.847864
72.950000  0.735241  0.843281
73.000000  0.741213  0.838934
73.050000  0.747182  0.834592
73.100000  0.753572  0.830494
73.150000  0.759959  0.826401
73.200000  0.766765  0.822559
73.250000  0.773568  0.818722
73.300000  0.780788  0.815144
73.350000  0.788005  0.811570
73.400000  0.795637  0.808262
73.450000  0.803264  0.804958
73.500000  0.811304  0.801927
73.550000  0.819338  0.798901
73.600000  0.827780  0.796154
73.650000  0.836217  0.793412
73.700000  0.845056  0.790956
73.750000  0.853888  0.788505
73.800000  0.863115  0.786348
73.850000  0.872335  0.784195
73.900000  0.881940  0.782343
73.950000  0.891538  0.780496
74.000000  0.901510  0.778957
74.050000  0.911474  0.777422
74.100000  0.921797  0.776204
74.150000  0.932112  0.774990
74.200000  0.942771  0.774099
74.250000  0.953420  0.773213
74.300000  0.964393  0.772659
74.350000  0.975356  0.772109
74.400000  0.986621  0.771898
74.450000  0.997873  0.771691
74.500000  1.009403  0.771832
74.550000  1.020919  0.771977
74.600000  1.032682  0.772478
74.650000  1.044430  0.772983
74.700000  1.056393  0.773852
74.750000  1.068338  0.774724
74.800000  1.080460  0.775969
74.850000  1.092563  0.777218
74.900000  1.104800  0.778847
74.950000  1.117017  0.780480
75.000000  1.129321  0.782500
75.050000  1.141602  0.784524
75.100000  1.153920  0.786944
75.150000  1.166212  0.789366
75.200000  1.178484  0.792192
75.250000  1.190729  0.795020
75.300000  1.202892  0.798257
75.350000  1.215025  0.801496
75.400000  1.227010  0.805151
75.450000  1.238964  0.808806
75.500000  1.250698  0.812882
75.550000  1.262400  0.816958
75.600000  1.273806  0.821457
75.650000  1.285177  0.825955
75.700000  1.296174  0.830879
75.750000  1.307134  0.835800
75.800000  1.317637  0.841147
75.850000  1.328102  0.846490
75.900000  1.338024  0.852256
75.950000  1.347909  0.858018
76.000000  1.357162  0.864196
76.050000  1.366378  0.870370
76.100000  1.374875  0.876952
76.150000  1.383333  0.883527
76.200000  1.390987  0.890499
76.250000  1.398602  0.897463
76.300000  1.405328  0.904808
76.350000  1.412016  0.912143
76.400000  1.417733  0.919841
76.450000  1.423415  0.927526
76.500000  1.428049  0.935550
76.550000  1.432651  0.943560
76.600000  1.436135  0.951880
76.650000  1.439590  0.960183
76.700000  1.441867  0.968763
76.750000  1.444119  0.977324
76.800000  1.445142  0.986125
76.850000  1.446144  0.994904
76.900000  1.445879  1.003880
76.950000  1.445598  1.012832
77.000000  1.444024  1.021933
77.050000  1.442440  1.031008
77.100000  1.439551  1.040179
77.150000  1.436659  1.049323
77.200000  1.432465  1.058507
77.250000  1.428275  1.067662
77.300000  1.422801  1.076797
77.350000  1.417338  1.085902
77.400000  1.410626  1.094924
77.450000  1.403931  1.103916
77.500000  1.396037  1.112761
77.550000  1.388166  1.121575
77.600000  1.379160  1.130175
77.650000  1.370183  1.138745
77.700000  1.360149  1.147037
77.750000  1.350150  1.155299
77.800000  1.339182  1.163218
77.850000  1.328253  1.171109
77.900000  1.316454  1.178595
77.950000  1.304699  1.186054
78.000000  1.292180  1.193050
78.050000  1.279707  1.200022
78.100000  1.266583  1.206476
78.150000  1.253507  1.212909
78.200000  1.239894  1.218776
78.250000  1.226332  1.224623
78.300000  1.212348  1.229862
78.350000  1.198415  1.235086
78.400000  1.184175  1.239665
78.450000  1.169985  1.244231
78.500000  1.155601  1.248125
78.550000  1.141264  1.252009
78.600000  1.126840  1.255199
78.650000  1.112461  1.258383
78.700000  1.098096  1.260860
78.750000  1.083773  1.263334
78.800000  1.069556  1.265093
78.850000  1.055380  1.266853
78.900000  1.041393  1.267900
78.950000  1.027444  1.268949
79.000000  1.013760  1.269293
79.050000  1.000110  1.269642
79.100000  0.986793  1.269298
79.150000  0.973506  1.268963
79.200000  0.960609  1.267953
79.250000  0.947739  1.266955
79.300000  0.935309  1.265305
79.350000  0.922902  1.263668
79.400000  0.910975  1.261408
79.450000  0.899068  1.259162
79.500000  0.887674  1.256324
79.550000  0.876298  1.253502
79.600000  0.865460  1.250122
79.650000  0.854637  1.246758
79.700000  0.844371  1.242873
79.750000  0.834117  1.239004
79.800000  0.824435  1.234651
79.850000  0.814763  1.230316
79.900000  0.805670  1.225535
79.950000  0.796585  1.220772
80.000000  0.788084  1.215602
80.050000  0.779588  1.210450
80.100000  0.771677  1.204931
80.150000  0.763770  1.199428
80.200000  0.756446  1.193597
80.250000  0.749123  1.187783
80.300000  0.742378  1.181677
80.350000  0.735635  1.175589
80.400000  0.729461  1.169246
80.450000  0.723288  1.162920
80.500000  0.717678  1.156374
80.550000  0.712066  1.149845
80.600000  0.707008  1.143131
80.650000  0.701948  1.136433
80.700000  0.697431  1.129583
80.750000  0.692912  1.122747
80.800000  0.688926  1.115791
80.850000  0.684937  1.108849
80.900000  0.681470  1.101817
80.950000  0.678001  1.094798
81.000000  0.675043  1.087716
81.050000  0.672082  1.080647
81.100000  0.669623  1.073541
81.150000  0.667160  1.066448
81.200000  0.665189  1.059343
81.250000  0.663216  1.052250
81.300000  0.661724  1.045168
81.350000  0.660230  1.038097
81.400000  0.659209  1.031059
81.450000  0.658185  1.024032
81.500000  0.657627  1.017058
81.550000  0.657066  1.010094
81.600000  0.656964  1.003202
81.650000  0.656859  0.996320
81.700000  0.657206  0.989527
81.750000  0.657550  0.982743
81.800000  0.658340  0.976066
81.850000  0.659128  0.969396
81.900000  0.660358  0.962848
81.950000  0.661584  0.956308
82.000000  0.663248  0.949903
82.050000  0.664910  0.943505
82.100000  0.667005  0.937256
82.150000  0.669097  0.931014
82.200000  0.671620  0.924933
82.250000  0.674141  0.918859
82.300000  0.677090  0.912957
82.350000  0.680037  0.907061
82.400000  0.683411  0.901348
82.450000  0.686782  0.895641
82.500000  0.690578  0.890126
82.550000  0.694372  0.884618
82.600000  0.698590  0.879312
82.650000  0.702805  0.874011
82.700000  0.707444  0.868922
82.750000  0.712081  0.863838
82.800000  0.717140  0.858973
82.850000  0.722197  0.854114
82.900000  0.727676  0.849482
82.950000  0.733152  0.844856
83.000000  0.739050  0.840464
83.050000  0.744946  0.836078
83.100000  0.751262  0.831934
83.150000  0.757575  0.827796
83.200000  0.764308  0.823907
83.250000  0.771037  0.820024
83.300000  0.778184  0.816397
83.350000  0.785328  0.812775
83.400000  0.792888  0.809418
83.450000  0.800443  0.806065
83.500000  0.808411  0.802984
83.550000  0.816375  0.799907
83.600000  0.824746  0.797108
83.650000  0.833113  0.794314
83.700000  0.841882  0.791806
83.750000  0.850646  0.789302
83.800000  0.859805  0.787091
83.850000  0.868958  0.784884
83.900000  0.878498  0.782976
83.950000  0.888030  0.781074
84.000000  0.897939  0.779478
84.050000  0.907840  0.777887
84.100000  0.918103  0.776611
84.150000  0.928358  0.775339
84.200000  0.938960  0.774389
84.250000  0.949552  0.773443
84.300000  0.960473  0.772828
84.350000  0.971382  0.772217
84.400000  0.982599  0.771944
84.450000  0.993803  0.771675
84.500000  1.005290  0.771753
84.550000  1.016763  0.771834
84.600000  1.028489  0.772270
84.650000  1.040200  0.772710
84.700000  1.052132  0.773513
84.750000  1.064047  0.774319
84.800000  1.076145  0.775496
84.850000  1.088225  0.776677
84.900000  1.100448  0.778237
84.950000  1.112650  0.779801
85.000000  1.124948  0.781751
85.050000  1.137224  0.783705
85.100000  1.149546  0.786053
85.150000  1.161843  0.788404
85.200000  1.174130  0.791157
85.250000  1.186391  0.793912
85.300000  1.198580  0.797076
85.350000  1.210741  0.800242
85.400000  1.222766  0.803822
85.450000  1.234760  0.807403
85.500000  1.246547  0.811403
85.550000  1.258302  0.815404
85.600000  1.269775  0.819828
85.650000  1.281213  0.824252
85.700000  1.292292  0.829100
85.750000  1.303334  0.833947
85.800000  1.313934  0.839218
85.850000  1.324497  0.844488
85.900000  1.334532  0.850180
85.950000  1.344528  0.855868
86.000000  1.353910  0.861975
86.050000  1.363254  0.868076
86.100000  1.371895  0.874588
86.150000  1.380498  0.881093
86.200000  1.388310  0.887998
86.250000  1.396085  0.894894
86.300000  1.402984  0.902176
86.350000  1.409846  0.909447
86.400000  1.415750  0.917086
86.450000  1.421620  0.924711
86.500000  1.426454  0.932681
86.550000  1.431255  0.940636
86.600000  1.434950  0.948907
86.650000  1.438616  0.957161
86.700000  1.441113  0.965700
86.750000  1.443584  0.974219
86.800000  1.444835  0.982986
86.850000  1.446064  0.991731
86.900000  1.446030  1.000681
86.950000  1.445981  1.009607
87.000000  1.444641  1.018691
87.050000  1.443291  1.027750
87.100000  1.440636  1.036915
87.150000  1.437977  1.046053
87.200000  1.434014  1.055241
87.250000  1.430053  1.064401
87.300000  1.424804  1.073551
87.350000  1.419564  1.082672
87.400000  1.413068  1.091721
87.450000  1.406588  1.100740
87.500000  1.398898  1.109623
87.550000  1.391231  1.118475
87.600000  1.382415  1.127126
87.650000  1.373628  1.135747
87.700000  1.363769  1.144100
87.750000  1.353943  1.152424
87.800000  1.343132  1.160416
87.850000  1.332359  1.168379
87.900000  1.320697  1.175949
87.950000  1.309079  1.183491
88.000000  1.296677  1.190580
88.050000  1.284321  1.197645
88.100000  1.271293  1.204201
88.150000  1.258313  1.210735
88.200000  1.244776  1.216711
88.250000  1.231288  1.222667
88.300000  1.217359  1.228022
88.350000  1.203480  1.233361
88.400000  1.189275  1.238061
88.450000  1.175119  1.242748
88.500000  1.160749  1.246766
88.550000  1.146427  1.250774
88.600000  1.132000  1.254092
88.650000  1.117618  1.257403
88.700000  1.103232  1.260008
88.750000  1.088889  1.262609
88.800000  1.074637  1.264497
88.850000  1.060425  1.266385
88.900000  1.046389  1.267558
88.950000  1.032390  1.268734
89.000000  1.018645  1.269202
89.050000  1.004934  1.269675
89.100000  0.991544  1.269452
89.150000  0.978186  1.269237
89.200000  0.965208  1.268345
89.250000  0.952257  1.267462
89.300000  0.939739  1.265924
89.350000  0.927244  1.264398
89.400000  0.915222  1.262244
89.450000  0.903222  1.260104
89.500000  0.891729  1.257366
89.550000  0.880254  1.254644
89.600000  0.869314  1.251357
89.650000  0.858389  1.248086
89.700000  0.848019  1.244287
89.750000  0.837661  1.240505
89.800000  0.827872  1.236232
89.850000  0.818094  1.231976
89.900000  0.808895  1.227268
89.950000  0.799703  1.222577
90.000000  0.791095  1.217473
90.050000  0.782493  1.212386
90.100000  0.774476  1.206924
90.150000  0.766463  1.201481
90.200000  0.759033  1.195701
90.250000  0.751606  1.189938
90.300000  0.744757  1.183878
90.350000  0.737910  1.177834
90.400000  0.731635  1.171530
90.450000  0.725360  1.165242
90.500000  0.719649  1.158729
90.550000  0.713937  1.152232
90.600000  0.708780  1.145545
90.650000  0.703622  1.138873
90.700000  0.699009  1.132043
90.750000  0.694394  1.125229
90.800000  0.690313  1.118288
90.850000  0.686230  1.111362
90.900000  0.682671  1.104340
90.950000  0.679110  1.097331
91.000000  0.676061  1.090255
91.050000  0.673011  1.083191
91.100000  0.670463  1.076087
91.150000  0.667912  1.068995
91.200000  0.665854  1.061887
91.250000  0.663794  1.054791
91.300000  0.662217  1.047702
91.350000  0.660638  1.040624
91.400000  0.659534  1.033576
91.450000  0.658426  1.026538
91.500000  0.657786  1.019551
91.550000  0.657143  1.012572
91.600000  0.656960  1.005664
91.650000  0.656774  0.998764
91.700000  0.657041  0.991952
91.750000  0.657306  0.985148
91.800000  0.658017  0.978448
91.850000  0.658727  0.971755
91.900000  0.659878  0.965182
91.950000  0.661027  0.958617
92.000000  0.662614  0.952184
92.050000  0.664198  0.945759
92.100000  0.666216  0.939481
92.150000  0.668232  0.933209
92.200000  0.670679  0.927097
92.250000  0.673124  0.920990
92.300000  0.675998  0.915055
92.350000  0.678869  0.909125
92.400000  0.682167  0.903377
92.450000  0.685463  0.897634
92.500000  0.689184  0.892083
92.550000  0.692902  0.886538
92.600000  0.697046  0.881193
92.650000  0.701186  0.875854
92.700000  0.705751  0.870724
92.750000  0.710312  0.865600
92.800000  0.715297  0.860694
92.850000  0.720279  0.855793
92.900000  0.725684  0.851119
92.950000  0.731086  0.846449
93.000000  0.736910  0.842014
93.050000  0.742731  0.837583
93.100000  0.748973  0.833395
93.150000  0.755212  0.829210
93.200000  0.761871  0.825275
93.250000  0.768527  0.821345
93.300000  0.775602  0.817671
93.350000  0.782672  0.814001
93.400000  0.790159  0.810594
93.450000  0.797642  0.807192
93.500000  0.805538  0.804061
93.550000  0.813430  0.800933
93.600000  0.821731  0.798083
93.650000  0.830027  0.795238
93.700000  0.838727  0.792677
93.750000  0.847421  0.790120
93.800000  0.856512  0.787854
93.850000  0.865598  0.785594
93.900000  0.875071  0.783631
93.950000  0.884538  0.781673
94.000000  0.894383  0.780021
94.050000  0.904221  0.778373
94.100000  0.914423  0.777039
94.150000  0.924617  0.775709
94.200000  0.935162  0.774700
94.250000  0.945696  0.773695
94.300000  0.956563  0.773019
94.350000  0.967419  0.772348
94.400000  0.978587  0.772013
94.450000  0.989742  0.771682
94.500000  1.001184  0.771696
94.550000  1.012613  0.771714
94.600000  1.024301  0.772085
94.650000  1.035973  0.772461
94.700000  1.047873  0.773197
94.750000  1.059756  0.773937
94.800000  1.071830  0.775047
94.850000  1.083886  0.776160
94.900000  1.096092  0.777651
94.950000  1.108278  0.779146
95.000000  1.120569  0.781026
95.050000  1.132838  0.782909
95.100000  1.145162  0.785186
95.150000  1.157462  0.787465
95.200000  1.169762  0.790146
95.250000  1.182036  0.792828
95.300000  1.194250  0.795918
95.350000  1.206436  0.799011
95.400000  1.218498  0.802516
95.450000  1.230530  0.806023
95.500000  1.242368  0.809949
95.550000  1.254173  0.813875
95.600000  1.265711  0.818223
95.650000  1.277215  0.822572
95.700000  1.288372  0.827345
95.750000  1.299495  0.832116
95.800000  1.310189  0.837313
95.850000  1.320846  0.842508
95.900000  1.330991  0.848126
95.950000  1.341098  0.853740
96.000000  1.350606  0.859774
96.050000  1.360076  0.865803
96.100000  1.368858  0.872244
96.150000  1.377602  0.878679
96.200000  1.385571  0.885516
96.250000  1.393502  0.892345
96.300000  1.400573  0.899562
96.350000  1.407606  0.906768
96.400000  1.413696  0.914346
96.450000  1.419751  0.921911
96.500000  1.424783  0.929825
96.550000  1.429782  0.937724
96.600000  1.433687  0.945945
96.650000  1.437562  0.954150
96.700000  1.440278  0.962645
96.750000  1.442968  0.971122
96.800000  1.444445  0.979852
96.850000  1.445900  0.988562
96.900000  1.446099  0.997484
96.950000  1.446281  1.006384
97.000000  1.445176  1.015450
97.050000  1.444059  1.024491
97.100000  1.441639  1.033647
97.150000  1.439214  1.042777
97.200000  1.435483  1.051967
97.250000  1.431753  1.061129
97.300000  1.426730  1.070293
97.350000  1.421716  1.079427
97.400000  1.415438  1.088501
97.450000  1.409175  1.097545
97.500000  1.401692  1.106465
97.550000  1.394231  1.115354
97.600000  1.385609  1.124053
97.650000  1.377015  1.132722
97.700000  1.367333  1.141135
97.750000  1.357684  1.149519
97.800000  1.347033  1.157582
97.850000  1.336420  1.165616
97.900000  1.324900  1.173267
97.950000  1.313422  1.180891
98.000000  1.301141  1.188072
98.050000  1.288906  1.195228
98.100000  1.275978  1.201884
98.150000  1.263098  1.208518
98.200000  1.249641  1.214603
98.250000  1.236232  1.220667
98.300000  1.222361  1.226137
98.350000  1.208540  1.231590
98.400000  1.194372  1.236410
98.450000  1.180254  1.241217
98.500000  1.165903  1.245360
98.550000  1.151599  1.249492
98.600000  1.137171  1.252937
98.650000  1.122790  1.256374
98.700000  1.108386  1.259108
98.750000  1.094026  1.261837
98.800000  1.079740  1.263853
98.850000  1.065495  1.265869
98.900000  1.051412  1.267170
98.950000  1.037367  1.268473
99.000000  1.023561  1.269066
99.050000  1.009791  1.269664
99.100000  0.996331  1.269563
99.150000  0.982902  1.269470
99.200000  0.969845  1.268695
99.250000  0.956815  1.267930
99.300000  0.944209  1.266505
99.350000  0.931627  1.265091
99.400000  0.919512  1.263045
99.450000  0.907419  1.261011
99.500000  0.895828  1.258375
99.550000  0.884255  1.255753
99.600000  0.873213  1.252561
99.650000  0.862186  1.249385
99.700000  0.851711  1.245674
99.750000  0.841249  1.241979
99.800000  0.831354  1.237787
99.850000  0.821470  1.233612
99.900000  0.812164  1.228977
99.950000  0.802866  1.224361
100.000000  0.794151  1.219323
