   t     nR      nF
0.000000  1.200000  0.800000
0.050000  1.212000  0.806400
0.100000  1.223464  0.813677
0.150000  1.234862  0.820950
0.200000  1.245575  0.829101
0.250000  1.256218  0.837246
0.300000  1.266020  0.846263
0.350000  1.275752  0.855268
0.400000  1.284484  0.865130
0.450000  1.293146  0.874975
0.500000  1.300652  0.885650
0.550000  1.308088  0.896301
0.600000  1.314217  0.907741
0.650000  1.320279  0.919150
0.700000  1.324891  0.931292
0.750000  1.329443  0.943394
0.800000  1.332417  0.956155
0.850000  1.335338  0.968869
0.900000  1.336574  0.982147
0.950000  1.337767  0.995370
1.000000  1.337193  1.009043
1.050000  1.336588  1.022653
1.100000  1.334165  1.036580
1.150000  1.331725  1.050436
1.200000  1.327449  1.064457
1.250000  1.323170  1.078399
1.300000  1.317075  1.092337
1.350000  1.310994  1.106191
1.400000  1.303153  1.119859
1.450000  1.295344  1.133438
1.500000  1.285869  1.146639
1.550000  1.276441  1.159751
1.600000  1.265477  1.172287
1.650000  1.254576  1.184736
1.700000  1.242301  1.196416
1.750000  1.230100  1.208012
1.800000  1.216713  1.218653
1.850000  1.203411  1.229217
1.900000  1.189129  1.238656
1.950000  1.174939  1.248027
2.000000  1.159987  1.256122
2.050000  1.145133  1.264161
2.100000  1.129738  1.270800
2.150000  1.114441  1.277395
2.200000  1.098824  1.282495
2.250000  1.083303  1.287564
2.300000  1.067672  1.291075
2.350000  1.052133  1.294570
2.400000  1.036679  1.296475
2.450000  1.021311  1.298377
2.500000  1.006205  1.298688
2.550000  0.991178  1.299011
2.600000  0.976568  1.297771
2.650000  0.962028  1.296555
2.700000  0.948039  1.293833
2.750000  0.934110  1.291144
2.800000  0.920843  1.287027
2.850000  0.907627  1.282952
2.900000  0.895161  1.277546
2.950000  0.882739  1.272189
3.000000  0.871134  1.265612
3.050000  0.859565  1.259088
3.100000  0.848864  1.251466
3.150000  0.838191  1.243901
3.200000  0.828420  1.235364
3.250000  0.818671  1.226886
3.300000  0.809846  1.217567
3.350000  0.801036  1.208306
3.400000  0.793160  1.198334
3.450000  0.785294  1.188419
3.500000  0.778363  1.177921
3.550000  0.771439  1.167478
3.600000  0.765443  1.156574
3.650000  0.759451  1.145723
3.700000  0.754376  1.134526
3.750000  0.749302  1.123379
3.800000  0.745131  1.111995
3.850000  0.740959  1.100659
3.900000  0.737673  1.089186
3.950000  0.734384  1.077757
4.000000  0.731963  1.066285
4.050000  0.729537  1.054852
4.100000  0.727961  1.043461
4.150000  0.726379  1.032106
4.200000  0.725629  1.020868
4.250000  0.724872  1.009664
4.300000  0.724928  0.998645
4.350000  0.724977  0.987657
4.400000  0.725823  0.976915
4.450000  0.726661  0.966201
4.500000  0.728279  0.955787
4.550000  0.729889  0.945399
4.600000  0.732265  0.935358
4.650000  0.734631  0.925341
4.700000  0.737749  0.915713
4.750000  0.740858  0.906108
4.800000  0.744705  0.896929
4.850000  0.748543  0.887769
4.900000  0.753106  0.879070
4.950000  0.757660  0.870388
5.000000  0.762926  0.862195
5.050000  0.768183  0.854019
5.100000  0.774140  0.846357
5.150000  0.780087  0.838711
5.200000  0.786722  0.831602
5.250000  0.793346  0.824507
5.300000  0.800645  0.817971
5.350000  0.807932  0.811448
5.400000  0.815879  0.805503
5.450000  0.823813  0.799570
5.500000  0.832390  0.794233
5.550000  0.840954  0.788908
5.600000  0.850142  0.784195
5.650000  0.859316  0.779494
5.700000  0.869091  0.775422
5.750000  0.878850  0.771361
5.800000  0.889185  0.767946
5.850000  0.899502  0.764542
5.900000  0.910364  0.761799
5.950000  0.921207  0.759068
6.000000  0.932559  0.757014
6.050000  0.943889  0.754972
6.100000  0.955687  0.753625
6.150000  0.967460  0.752289
6.200000  0.979652  0.751667
6.250000  0.991816  0.751055
6.300000  1.004343  0.751175
6.350000  1.016838  0.751306
6.400000  1.029631  0.752187
6.450000  1.042389  0.753079
6.500000  1.055370  0.754741
6.550000  1.068312  0.756412
6.600000  1.081392  0.758875
6.650000  1.094430  0.761345
6.700000  1.107511  0.764626
6.750000  1.120545  0.767914
6.800000  1.133518  0.772032
6.850000  1.146438  0.776155
6.900000  1.159180  0.781124
6.950000  1.171866  0.786098
7.000000  1.184247  0.791933
7.050000  1.196567  0.797769
7.100000  1.208445  0.804478
7.150000  1.220259  0.811185
7.200000  1.231485  0.818771
7.250000  1.242644  0.826353
7.300000  1.253063  0.834812
7.350000  1.263413  0.843263
7.400000  1.272866  0.852582
7.450000  1.282248  0.861888
7.500000  1.290575  0.872044
7.550000  1.298832  0.882179
7.600000  1.305878  0.893133
7.650000  1.312856  0.904061
7.700000  1.318473  0.915761
7.750000  1.324027  0.927427
7.800000  1.328082  0.939802
7.850000  1.332080  0.952135
7.900000  1.334458  0.965096
7.950000  1.336787  0.978008
8.000000  1.337398  0.991447
8.050000  1.337970  1.004827
8.100000  1.336752  1.018615
8.150000  1.335508  1.032336
8.200000  1.332434  1.046324
8.250000  1.329348  1.060237
8.300000  1.324426  1.074258
8.350000  1.319509  1.088199
8.400000  1.312788  1.102074
8.450000  1.306088  1.115862
8.500000  1.297656  1.129398
8.550000  1.289260  1.142845
8.600000  1.279239  1.155844
8.650000  1.269271  1.168754
8.700000  1.257820  1.181021
8.750000  1.246435  1.193201
8.800000  1.233739  1.204545
8.850000  1.221121  1.215807
8.900000  1.207386  1.226052
8.950000  1.193739  1.236223
9.000000  1.179187  1.245212
9.050000  1.164730  1.254137
9.100000  1.149587  1.261740
9.150000  1.134542  1.269290
9.200000  1.119035  1.275402
9.250000  1.103626  1.281474
9.300000  1.087971  1.286025
9.350000  1.072411  1.290551
9.400000  1.056812  1.293501
9.450000  1.041303  1.296441
9.500000  1.025943  1.297785
9.550000  1.010668  1.299132
9.600000  0.995711  1.298894
9.650000  0.980830  1.298671
9.700000  0.966416  1.296902
9.750000  0.952070  1.295160
9.800000  0.938315  1.291936
9.850000  0.924619  1.288748
9.900000  0.911617  1.284164
9.950000  0.898665  1.279624
10.000000  0.886488  1.273791
10.050000  0.874353  1.268007
10.100000  0.863055  1.261045
10.150000  0.851790  1.254137
10.200000  0.841408  1.246175
10.250000  0.831051  1.238269
10.300000  0.821606  1.229438
10.350000  0.812181  1.220665
10.400000  0.803684  1.211097
10.450000  0.795202  1.201587
10.500000  0.787654  1.191411
10.550000  0.780116  1.181291
10.600000  0.773511  1.170631
10.650000  0.766912  1.160025
10.700000  0.761239  1.149000
10.750000  0.755568  1.138026
10.800000  0.750810  1.126746
10.850000  0.746052  1.115515
10.900000  0.742192  1.104083
10.950000  0.738329  1.092698
11.000000  0.735348  1.081209
11.050000  0.732362  1.069764
11.100000  0.730239  1.058305
11.150000  0.728110  1.046885
11.200000  0.726825  1.035534
11.250000  0.725533  1.024218
11.300000  0.725068  1.013044
11.350000  0.724595  1.001904
11.400000  0.724930  0.990970
11.450000  0.725257  0.980067
11.500000  0.726375  0.969429
11.550000  0.727486  0.958818
11.600000  0.729371  0.948525
11.650000  0.731248  0.938258
11.700000  0.733886  0.928353
11.750000  0.736515  0.918471
11.800000  0.739891  0.908993
11.850000  0.743258  0.899535
11.900000  0.747358  0.890517
11.950000  0.751449  0.881517
12.000000  0.756261  0.872989
12.050000  0.761064  0.864477
12.100000  0.766576  0.856464
12.150000  0.772077  0.848467
12.200000  0.778275  0.840993
12.250000  0.784463  0.833535
12.300000  0.791334  0.826621
12.350000  0.798194  0.819721
12.400000  0.805723  0.813387
12.450000  0.813241  0.807066
12.500000  0.821414  0.801329
12.550000  0.829573  0.795604
12.600000  0.838370  0.790481
12.650000  0.847152  0.785371
12.700000  0.856552  0.780878
12.750000  0.865937  0.776397
12.800000  0.875915  0.772551
12.850000  0.885876  0.768716
12.900000  0.896404  0.765533
12.950000  0.906912  0.762360
13.000000  0.917955  0.759855
13.050000  0.928978  0.757362
13.100000  0.940496  0.755552
13.150000  0.951991  0.753754
13.200000  0.963938  0.752657
13.250000  0.975860  0.751571
13.300000  0.988182  0.751206
13.350000  1.000474  0.750851
13.400000  1.013108  0.751234
13.450000  1.025710  0.751628
13.500000  1.038584  0.752780
13.550000  1.051422  0.753942
13.600000  1.064455  0.755882
13.650000  1.077448  0.757830
13.700000  1.090548  0.760577
13.750000  1.103603  0.763332
13.800000  1.116666  0.766904
13.850000  1.129681  0.770483
13.900000  1.142595  0.774897
13.950000  1.155455  0.779317
14.000000  1.168093  0.784589
14.050000  1.180674  0.789864
14.100000  1.192904  0.796006
14.150000  1.205071  0.802148
14.200000  1.216746  0.809165
14.250000  1.228356  0.816181
14.300000  1.239326  0.824076
14.350000  1.250227  0.831965
14.400000  1.260334  0.840730
14.450000  1.270371  0.849485
14.500000  1.279455  0.859104
14.550000  1.288469  0.868707
14.600000  1.296372  0.879152
14.650000  1.304205  0.889574
14.700000  1.310773  0.900801
14.750000  1.317275  0.911999
14.800000  1.322366  0.923949
14.850000  1.327394  0.935863
14.900000  1.330879  0.948461
14.950000  1.334309  0.961014
15.000000  1.336081  0.974163
15.050000  1.337807  0.987259
15.100000  1.337786  1.000843
15.150000  1.337729  1.014366
15.200000  1.335864  1.028250
15.250000  1.333977  1.042064
15.300000  1.330253  1.056092
15.350000  1.326522  1.070043
15.400000  1.320961  1.084043
15.450000  1.315410  1.097960
15.500000  1.308076  1.111748
15.550000  1.300767  1.125448
15.600000  1.291758  1.138827
15.650000  1.282791  1.152118
15.700000  1.272244  1.164892
15.750000  1.261755  1.177578
15.800000  1.249838  1.189551
15.850000  1.237993  1.201439
15.900000  1.224900  1.212426
15.950000  1.211890  1.223333
16.000000  1.197835  1.233163
16.050000  1.183870  1.242921
16.100000  1.169076  1.251446
16.150000  1.154378  1.259909
16.200000  1.139073  1.267006
16.250000  1.123866  1.274054
16.300000  1.108273  1.279631
16.350000  1.092777  1.285173
16.400000  1.077110  1.289170
16.450000  1.061536  1.293146
16.500000  1.045991  1.295536
16.550000  1.030535  1.297919
16.600000  1.015290  1.298706
16.650000  1.000126  1.299500
16.700000  0.985336  1.298719
16.750000  0.970619  1.297957
16.800000  0.956415  1.295668
16.850000  0.942276  1.293410
16.900000  0.928768  1.289696
16.950000  0.915315  1.286021
17.000000  0.902588  1.280983
17.050000  0.889908  1.275992
17.100000  0.878028  1.269745
17.150000  0.866185  1.263550
17.200000  0.855199  1.256218
17.250000  0.844243  1.248942
17.300000  0.834182  1.240656
17.350000  0.824145  1.232427
17.400000  0.815027  1.223318
17.450000  0.805927  1.214266
17.500000  0.797759  1.204465
17.550000  0.789603  1.194721
17.600000  0.782384  1.184356
17.650000  0.775172  1.174046
17.700000  0.768892  1.163239
17.750000  0.762616  1.152486
17.800000  0.757263  1.141353
17.850000  0.751911  1.130271
17.900000  0.747468  1.118920
17.950000  0.743023  1.107617
18.000000  0.739472  1.096149
18.050000  0.735917  1.084726
18.100000  0.733237  1.073233
18.150000  0.730552  1.061781
18.200000  0.728723  1.050345
18.250000  0.726889  1.038948
18.300000  0.725892  1.027645
18.350000  0.724889  1.016378
18.400000  0.724705  1.005276
18.450000  0.724514  0.994206
18.500000  0.725125  0.983365
18.550000  0.725728  0.972553
18.600000  0.727117  0.962025
18.650000  0.728497  0.951524
18.700000  0.730648  0.941358
18.750000  0.732790  0.931216
18.800000  0.735688  0.921451
18.850000  0.738578  0.911709
18.900000  0.742209  0.902384
18.950000  0.745832  0.893079
19.000000  0.750184  0.884225
19.050000  0.754527  0.875389
19.100000  0.759586  0.867034
19.150000  0.764636  0.858696
19.200000  0.770391  0.850866
19.250000  0.776135  0.843051
19.300000  0.782572  0.835767
19.350000  0.788998  0.828498
19.400000  0.796104  0.821782
19.450000  0.803198  0.815080
19.500000  0.810956  0.808949
19.550000  0.818703  0.802832
19.600000  0.827098  0.797305
19.650000  0.835481  0.791791
19.700000  0.844494  0.786884
19.750000  0.853493  0.781989
19.800000  0.863101  0.777719
19.850000  0.872694  0.773460
19.900000  0.882871  0.769841
19.950000  0.893031  0.766234
20.000000  0.903747  0.763284
20.050000  0.914444  0.760346
20.100000  0.925662  0.758080
20.150000  0.936859  0.755826
20.200000  0.948538  0.754262
20.250000  0.960192  0.752710
20.300000  0.972282  0.751865
20.350000  0.984345  0.751031
20.400000  0.996789  0.750924
20.450000  1.009203  0.750828
20.500000  1.021936  0.751477
20.550000  1.034635  0.752137
20.600000  1.047581  0.753561
20.650000  1.060489  0.754996
20.700000  1.073563  0.757215
20.750000  1.086595  0.759443
20.800000  1.099702  0.762476
20.850000  1.112762  0.765517
20.900000  1.125794  0.769382
20.950000  1.138776  0.773253
21.000000  1.151616  0.777966
21.050000  1.164401  0.782684
21.100000  1.176920  0.788260
21.150000  1.189380  0.793839
21.200000  1.201441  0.800287
21.250000  1.213438  0.806736
21.300000  1.224892  0.814062
21.350000  1.236280  0.821385
21.400000  1.246974  0.829588
21.450000  1.257599  0.837784
21.500000  1.267374  0.846853
21.550000  1.277079  0.855910
21.600000  1.285775  0.865826
21.650000  1.294401  0.875723
21.700000  1.301862  0.886451
21.750000  1.309253  0.897154
21.800000  1.315327  0.908647
21.850000  1.321335  0.920108
21.900000  1.325883  0.932300
21.950000  1.330371  0.944453
22.000000  1.333273  0.957261
22.050000  1.336122  0.970022
22.100000  1.337279  0.983345
22.150000  1.338392  0.996611
22.200000  1.337732  1.010325
22.250000  1.337042  1.023973
22.300000  1.334527  1.037934
22.350000  1.331996  1.051823
22.400000  1.327624  1.065870
22.450000  1.323251  1.079839
22.500000  1.317059  1.093795
22.550000  1.310883  1.107667
22.600000  1.302945  1.121344
22.650000  1.295040  1.134932
22.700000  1.285471  1.148132
22.750000  1.275950  1.161242
22.800000  1.264898  1.173767
22.850000  1.253908  1.186204
22.900000  1.241549  1.197862
22.950000  1.229266  1.209436
23.000000  1.215804  1.220045
23.050000  1.202427  1.230576
23.100000  1.188079  1.239973
23.150000  1.173824  1.249301
23.200000  1.158815  1.257346
23.250000  1.143904  1.265333
23.300000  1.128464  1.271913
23.350000  1.113122  1.278448
23.400000  1.097469  1.283482
23.450000  1.081913  1.288486
23.500000  1.066257  1.291926
23.550000  1.050694  1.295350
23.600000  1.035225  1.297179
23.650000  1.019843  1.299007
23.700000  1.004731  1.299241
23.750000  0.989698  1.299487
23.800000  0.975091  1.298170
23.850000  0.960554  1.296877
23.900000  0.946574  1.294078
23.950000  0.932656  1.291312
24.000000  0.919405  1.287121
24.050000  0.906206  1.282971
24.100000  0.893762  1.277494
24.150000  0.881361  1.272065
24.200000  0.869783  1.265420
24.250000  0.858240  1.258829
24.300000  0.847569  1.251144
24.350000  0.836926  1.243516
24.400000  0.827189  1.234922
24.450000  0.817473  1.226385
24.500000  0.808683  1.217014
24.550000  0.799908  1.207700
24.600000  0.792068  1.197682
24.650000  0.784240  1.187720
24.700000  0.777347  1.177181
24.750000  0.770460  1.166696
24.800000  0.764503  1.155756
24.850000  0.758550  1.144869
24.900000  0.753514  1.133642
24.950000  0.748479  1.122465
25.000000  0.744348  1.111056
25.050000  0.740215  1.099694
25.100000  0.736969  1.088201
25.150000  0.733719  1.076752
25.200000  0.731337  1.065264
25.250000  0.728951  1.053816
25.300000  0.727414  1.042413
25.350000  0.725872  1.031047
25.400000  0.725161  1.019802
25.450000  0.724443  1.008591
25.500000  0.724538  0.997568
25.550000  0.724626  0.986576
25.600000  0.725511  0.975834
25.650000  0.726388  0.965119
25.700000  0.728045  0.954708
25.750000  0.729693  0.944323
25.800000  0.732107  0.934288
25.850000  0.734513  0.924276
25.900000  0.737669  0.914657
25.950000  0.740817  0.905059
26.000000  0.744703  0.895891
26.050000  0.748579  0.886742
26.100000  0.753181  0.878055
26.150000  0.757773  0.869386
26.200000  0.763079  0.861208
26.250000  0.768374  0.853047
26.300000  0.774370  0.845401
26.350000  0.780356  0.837771
26.400000  0.787030  0.830680
26.450000  0.793693  0.823604
26.500000  0.801030  0.817087
26.550000  0.808356  0.810584
26.600000  0.816342  0.804660
26.650000  0.824315  0.798748
26.700000  0.832931  0.793433
26.750000  0.841534  0.788131
26.800000  0.850761  0.783442
26.850000  0.859973  0.778765
26.900000  0.869786  0.774718
26.950000  0.879584  0.770683
27.000000  0.889957  0.767294
27.050000  0.900312  0.763916
27.100000  0.911212  0.761202
27.150000  0.922091  0.758498
27.200000  0.933480  0.756474
27.250000  0.944847  0.754461
27.300000  0.956680  0.753145
27.350000  0.968488  0.751840
27.400000  0.980714  0.751250
27.450000  0.992911  0.750670
27.500000  1.005470  0.750824
27.550000  1.017997  0.750988
27.600000  1.030819  0.751905
27.650000  1.043606  0.752832
27.700000  1.056614  0.754532
27.750000  1.069582  0.756240
27.800000  1.082686  0.758741
27.850000  1.095746  0.761251
27.900000  1.108847  0.764572
27.950000  1.121900  0.767901
28.000000  1.134886  0.772061
28.050000  1.147820  0.776226
28.100000  1.160571  0.781240
28.150000  1.173266  0.786258
28.200000  1.185649  0.792139
28.250000  1.197971  0.798021
28.300000  1.209845  0.804778
28.350000  1.221655  0.811533
28.400000  1.232870  0.819168
28.450000  1.244017  0.826798
28.500000  1.254416  0.835308
28.550000  1.264746  0.843809
28.600000  1.274170  0.853180
28.650000  1.283524  0.862536
28.700000  1.291814  0.872744
28.750000  1.300034  0.882931
28.800000  1.307034  0.893936
28.850000  1.313965  0.904915
28.900000  1.319527  0.916665
28.950000  1.325025  0.928381
29.000000  1.329017  0.940805
29.050000  1.332951  0.953187
29.100000  1.335257  0.966194
29.150000  1.337514  0.979151
29.200000  1.338046  0.992632
29.250000  1.338538  1.006055
29.300000  1.337235  1.019880
29.350000  1.335906  1.033637
29.400000  1.332742  1.047656
29.450000  1.329566  1.061600
29.500000  1.324551  1.075645
29.550000  1.319542  1.089609
29.600000  1.312727  1.103499
29.650000  1.305934  1.117303
29.700000  1.297408  1.130845
29.750000  1.288920  1.144298
29.800000  1.278809  1.157294
29.850000  1.268752  1.170200
29.900000  1.257215  1.182453
29.950000  1.245746  1.194619
30.000000  1.232970  1.205939
30.050000  1.220275  1.217177
30.100000  1.206469  1.227388
30.150000  1.192752  1.237525
30.200000  1.178138  1.246471
30.250000  1.163619  1.255353
30.300000  1.148425  1.262903
30.350000  1.133328  1.270401
30.400000  1.117779  1.276453
30.450000  1.102329  1.282467
30.500000  1.086642  1.286952
30.550000  1.071052  1.291412
30.600000  1.055431  1.294293
30.650000  1.039900  1.297162
30.700000  1.024529  1.298433
30.750000  1.009241  1.299707
30.800000  0.994281  1.299394
30.850000  0.979397  1.299097
30.900000  0.964987  1.297253
30.950000  0.950645  1.295436
31.000000  0.936902  1.292138
31.050000  0.923217  1.288877
31.100000  0.910232  1.284221
31.150000  0.897297  1.279610
31.200000  0.885143  1.273707
31.250000  0.873030  1.267855
31.300000  0.861759  1.260829
31.350000  0.850520  1.253857
31.400000  0.840168  1.245835
31.450000  0.829840  1.237870
31.500000  0.820428  1.228984
31.550000  0.811035  1.220156
31.600000  0.802573  1.210538
31.650000  0.794124  1.200979
31.700000  0.786612  1.190758
31.750000  0.779110  1.180595
31.800000  0.772542  1.169896
31.850000  0.765980  1.159252
31.900000  0.760344  1.148193
31.950000  0.754710  1.137186
32.000000  0.749990  1.125877
32.050000  0.745270  1.114618
32.100000  0.741448  1.103163
32.150000  0.737624  1.091754
32.200000  0.734680  1.080247
32.250000  0.731732  1.068783
32.300000  0.729647  1.057310
32.350000  0.727556  1.045876
32.400000  0.726309  1.034514
32.450000  0.725056  1.023189
32.500000  0.724628  1.012009
32.550000  0.724193  1.000862
32.600000  0.724566  0.989925
32.650000  0.724931  0.979019
32.700000  0.726087  0.968381
32.750000  0.727235  0.957771
32.800000  0.729158  0.947482
32.850000  0.731072  0.937217
32.900000  0.733748  0.927318
32.950000  0.736414  0.917442
33.000000  0.739827  0.907972
33.050000  0.743231  0.898523
33.100000  0.747369  0.889515
33.150000  0.751498  0.880526
33.200000  0.756348  0.872010
33.250000  0.761188  0.863511
33.300000  0.766737  0.855513
33.350000  0.772276  0.847530
33.400000  0.778512  0.840072
33.450000  0.784737  0.832630
33.500000  0.791646  0.825734
33.550000  0.798544  0.818852
33.600000  0.806112  0.812537
33.650000  0.813667  0.806235
33.700000  0.821878  0.800519
33.750000  0.830075  0.794815
33.800000  0.838910  0.789714
33.850000  0.847730  0.784625
33.900000  0.857167  0.780156
33.950000  0.866590  0.775699
34.000000  0.876605  0.771877
34.050000  0.886604  0.768067
34.100000  0.897168  0.764909
34.150000  0.907714  0.761763
34.200000  0.918794  0.759285
34.250000  0.929852  0.756819
34.300000  0.941406  0.755038
34.350000  0.952936  0.753268
34.400000  0.964918  0.752202
34.450000  0.976873  0.751146
34.500000  0.989228  0.750812
34.550000  1.001553  0.750489
34.600000  1.014217  0.750905
34.650000  1.026849  0.751333
34.700000  1.039752  0.752519
34.750000  1.052618  0.753716
34.800000  1.065676  0.755692
34.850000  1.078694  0.757677
34.900000  1.091815  0.760462
34.950000  1.104892  0.763255
35.000000  1.117973  0.766867
35.050000  1.131005  0.770486
35.100000  1.143931  0.774942
35.150000  1.156804  0.779403
35.200000  1.169450  0.784719
35.250000  1.182038  0.790038
35.300000  1.194268  0.796224
35.350000  1.206437  0.802411
35.400000  1.218106  0.809476
35.450000  1.229710  0.816538
35.500000  1.240667  0.824481
35.550000  1.251555  0.832418
35.600000  1.261641  0.841233
35.650000  1.271656  0.850037
35.700000  1.280711  0.859707
35.750000  1.289694  0.869360
35.800000  1.297559  0.879854
35.850000  1.305354  0.890327
35.900000  1.311875  0.901604
35.950000  1.318330  0.912851
36.000000  1.323365  0.924851
36.050000  1.328337  0.936813
36.100000  1.331758  0.949458
36.150000  1.335123  0.962058
36.200000  1.336824  0.975251
36.250000  1.338478  0.988390
36.300000  1.338378  1.002014
36.350000  1.338243  1.015577
36.400000  1.336293  1.029495
36.450000  1.334322  1.043344
36.500000  1.330510  1.057400
36.550000  1.326691  1.071380
36.600000  1.321040  1.085401
36.650000  1.315399  1.099340
36.700000  1.307973  1.113140
36.750000  1.300573  1.126852
36.800000  1.291475  1.140236
36.850000  1.282419  1.153530
36.900000  1.271786  1.166298
36.950000  1.261211  1.178977
37.000000  1.249213  1.190935
37.050000  1.237287  1.202807
37.100000  1.224120  1.213768
37.150000  1.211036  1.224649
37.200000  1.196914  1.234443
37.250000  1.182884  1.244167
37.300000  1.168032  1.252646
37.350000  1.153277  1.261066
37.400000  1.137924  1.268110
37.450000  1.122669  1.275106
37.500000  1.107038  1.280623
37.550000  1.091505  1.286106
37.600000  1.075810  1.290038
37.650000  1.060209  1.293950
37.700000  1.044645  1.296271
37.750000  1.029170  1.298585
37.800000  1.013915  1.299301
37.850000  0.998742  1.300024
37.900000  0.983951  1.299170
37.950000  0.969232  1.298336
38.000000  0.955035  1.295974
38.050000  0.940902  1.293643
38.100000  0.927406  1.289858
38.150000  0.913965  1.286113
38.200000  0.901256  1.281006
38.250000  0.888593  1.275947
38.300000  0.876736  1.269634
38.350000  0.864916  1.263374
38.400000  0.853956  1.255981
38.450000  0.843026  1.248644
38.500000  0.832995  1.240301
38.550000  0.822986  1.232016
38.600000  0.813900  1.222854
38.650000  0.804831  1.213751
38.700000  0.796697  1.203903
38.750000  0.788575  1.194113
38.800000  0.781390  1.183706
38.850000  0.774212  1.173355
38.900000  0.767968  1.162512
38.950000  0.761728  1.151722
39.000000  0.756411  1.140558
39.050000  0.751095  1.129445
39.100000  0.746689  1.118068
39.150000  0.742281  1.106739
39.200000  0.738766  1.095250
39.250000  0.735247  1.083805
39.300000  0.732604  1.072295
39.350000  0.729956  1.060826
39.400000  0.728164  1.049377
39.450000  0.726366  1.037967
39.500000  0.725406  1.026655
39.550000  0.724439  1.015379
39.600000  0.724292  1.004271
39.650000  0.724137  0.993196
39.700000  0.724785  0.982352
39.750000  0.725424  0.971538
39.800000  0.726849  0.961012
39.850000  0.728266  0.950512
39.900000  0.730453  0.940349
39.950000  0.732632  0.930210
40.000000  0.735567  0.920452
40.050000  0.738492  0.910716
40.100000  0.742160  0.901399
40.150000  0.745819  0.892103
40.200000  0.750207  0.883259
40.250000  0.754586  0.874434
40.300000  0.759682  0.866091
40.350000  0.764769  0.857766
40.400000  0.770560  0.849949
40.450000  0.776341  0.842149
40.500000  0.782815  0.834881
40.550000  0.789278  0.827628
40.600000  0.796420  0.820929
40.650000  0.803550  0.814244
40.700000  0.811346  0.808132
40.750000  0.819130  0.802034
40.800000  0.827562  0.796527
40.850000  0.835981  0.791033
40.900000  0.845031  0.786148
40.950000  0.854067  0.781274
41.000000  0.863712  0.777026
41.050000  0.873341  0.772790
41.100000  0.883555  0.769196
41.150000  0.893751  0.765613
41.200000  0.904503  0.762688
41.250000  0.915236  0.759775
41.300000  0.926490  0.757536
41.350000  0.937722  0.755309
41.400000  0.949435  0.753773
41.450000  0.961124  0.752248
41.500000  0.973247  0.751433
41.550000  0.985343  0.750629
41.600000  0.997818  0.750553
41.650000  1.010264  0.750488
41.700000  1.023026  0.751170
41.750000  1.035754  0.751861
41.800000  1.048727  0.753320
41.850000  1.061662  0.754788
41.900000  1.074760  0.757043
41.950000  1.087816  0.759307
42.000000  1.100943  0.762378
42.050000  1.114023  0.765456
42.100000  1.127072  0.769360
42.150000  1.140069  0.773271
42.200000  1.152920  0.778025
42.250000  1.165716  0.782784
42.300000  1.178242  0.788403
42.350000  1.190707  0.794024
42.400000  1.202767  0.800517
42.450000  1.214764  0.807009
42.500000  1.226211  0.814382
42.550000  1.237591  0.821751
42.600000  1.248271  0.830001
42.650000  1.258881  0.838244
42.700000  1.268634  0.847362
42.750000  1.278316  0.856467
42.800000  1.286982  0.866431
42.850000  1.295577  0.876377
42.900000  1.302999  0.887154
42.950000  1.310350  0.897907
43.000000  1.316376  0.909447
43.050000  1.322336  0.920957
43.100000  1.326829  0.933196
43.150000  1.331260  0.945396
43.200000  1.334098  0.958250
43.250000  1.336883  0.971056
43.300000  1.337967  0.984420
43.350000  1.339010  0.997729
43.400000  1.338271  1.011480
43.450000  1.337503  1.025166
43.500000  1.334906  1.039159
43.550000  1.332292  1.053080
43.600000  1.327834  1.067154
43.650000  1.323375  1.081148
43.700000  1.317095  1.095123
43.750000  1.310830  1.109013
43.800000  1.302805  1.122700
43.850000  1.294812  1.136299
43.900000  1.285157  1.149500
43.950000  1.275550  1.162611
44.000000  1.264415  1.175129
44.050000  1.253343  1.187557
44.100000  1.240908  1.199197
44.150000  1.228548  1.210753
44.200000  1.215016  1.221335
44.250000  1.201569  1.231839
44.300000  1.187159  1.241199
44.350000  1.172841  1.250491
44.400000  1.157780  1.258490
44.450000  1.142816  1.266432
44.500000  1.127332  1.272959
44.550000  1.111946  1.279442
44.600000  1.096259  1.284417
44.650000  1.080669  1.289363
44.700000  1.064989  1.292738
44.750000  1.049400  1.296099
44.800000  1.033916  1.297860
44.850000  1.018518  1.299621
44.900000  1.003399  1.299786
44.950000  0.988359  1.299962
45.000000  0.973752  1.298575
45.050000  0.959215  1.297212
45.100000  0.945243  1.294342
45.150000  0.931332  1.291508
45.200000  0.918094  1.287248
45.250000  0.904908  1.283030
45.300000  0.892482  1.277487
45.350000  0.880100  1.271993
45.400000  0.868544  1.265286
45.450000  0.857024  1.258633
45.500000  0.846379  1.250890
45.550000  0.835761  1.243203
45.600000  0.826053  1.234555
45.650000  0.816365  1.225965
45.700000  0.807606  1.216545
45.750000  0.798862  1.207183
45.800000  0.791055  1.197120
45.850000  0.783258  1.187115
45.900000  0.776399  1.176536
45.950000  0.769546  1.166013
46.000000  0.763623  1.155039
46.050000  0.757704  1.144118
46.100000  0.752704  1.132862
46.150000  0.747703  1.121656
46.200000  0.743607  1.110223
46.250000  0.739509  1.098837
46.300000  0.736298  1.087324
46.350000  0.733083  1.075855
46.400000  0.730737  1.064351
46.450000  0.728386  1.052887
46.500000  0.726885  1.041472
46.550000  0.725378  1.030095
46.600000  0.724702  1.018841
46.650000  0.724019  1.007622
46.700000  0.724150  0.996595
46.750000  0.724274  0.985598
46.800000  0.725193  0.974854
46.850000  0.726105  0.964138
46.900000  0.727797  0.953729
46.950000  0.729481  0.943344
47.000000  0.731930  0.933313
47.050000  0.734371  0.923305
47.100000  0.737563  0.913693
47.150000  0.740745  0.904101
47.200000  0.744666  0.894941
47.250000  0.748578  0.885801
47.300000  0.753215  0.877124
47.350000  0.757842  0.868466
47.400000  0.763183  0.860300
47.450000  0.768514  0.852151
47.500000  0.774546  0.844519
47.550000  0.780567  0.836903
47.600000  0.787276  0.829828
47.650000  0.793975  0.822767
47.700000  0.801348  0.816267
47.750000  0.808710  0.809781
47.800000  0.816731  0.803874
47.850000  0.824741  0.797981
47.900000  0.833393  0.792686
47.950000  0.842031  0.787403
48.000000  0.851294  0.782735
48.050000  0.860542  0.778079
48.100000  0.870391  0.774055
48.150000  0.880224  0.770042
48.200000  0.890633  0.766676
48.250000  0.901023  0.763322
48.300000  0.911958  0.760632
48.350000  0.922873  0.757953
48.400000  0.934296  0.755955
48.450000  0.945696  0.753968
48.500000  0.957563  0.752680
48.550000  0.969404  0.751402
48.600000  0.981662  0.750841
48.650000  0.993892  0.750290
48.700000  1.006481  0.750474
48.750000  1.019038  0.750668
48.800000  1.031888  0.751617
48.850000  1.044704  0.752576
48.900000  1.057737  0.754309
48.950000  1.070731  0.756051
49.000000  1.083857  0.758587
49.050000  1.096940  0.761131
49.100000  1.110060  0.764489
49.150000  1.123131  0.767855
49.200000  1.136133  0.772053
49.250000  1.149082  0.776257
49.300000  1.161843  0.781311
49.350000  1.174547  0.786369
49.400000  1.186935  0.792292
49.450000  1.199261  0.798216
49.500000  1.211134  0.805016
49.550000  1.222941  0.811815
49.600000  1.234148  0.819495
49.650000  1.245286  0.827170
49.700000  1.255670  0.835727
49.750000  1.265984  0.844273
49.800000  1.275385  0.853692
49.850000  1.284715  0.863095
49.900000  1.292973  0.873350
49.950000  1.301161  0.883585
50.000000  1.308120  0.894639
50.050000  1.315012  0.905665
50.100000  1.320526  0.917462
50.150000  1.325975  0.929225
50.200000  1.329910  0.941695
50.250000  1.333787  0.954122
50.300000  1.336029  0.967172
50.350000  1.338222  0.980172
50.400000  1.338683  0.993694
50.450000  1.339105  1.007156
50.500000  1.337725  1.021016
50.550000  1.336319  1.034809
50.600000  1.333073  1.048858
50.650000  1.329816  1.062832
50.700000  1.324717  1.076901
50.750000  1.319624  1.090889
50.800000  1.312723  1.104795
50.850000  1.305845  1.118615
50.900000  1.297234  1.132165
50.950000  1.288662  1.145626
51.000000  1.278468  1.158621
51.050000  1.268328  1.171527
51.100000  1.256713  1.183769
51.150000  1.245165  1.195925
51.200000  1.232317  1.207225
51.250000  1.219548  1.218444
51.300000  1.205677  1.228626
51.350000  1.191894  1.238734
51.400000  1.177222  1.247642
51.450000  1.162646  1.256487
51.500000  1.147402  1.263991
51.550000  1.132256  1.271444
51.600000  1.116667  1.277444
51.650000  1.101177  1.283405
51.700000  1.085459  1.287832
51.750000  1.069838  1.292234
51.800000  1.054195  1.295052
51.850000  1.038643  1.297859
51.900000  1.023258  1.299064
51.950000  1.007957  1.300272
52.000000  0.992992  1.299892
52.050000  0.978102  1.299527
52.100000  0.963695  1.297615
52.150000  0.949355  1.295731
52.200000  0.935620  1.292365
52.250000  0.921943  1.289037
52.300000  0.908972  1.284316
52.350000  0.896050  1.279639
52.400000  0.883915  1.273674
52.450000  0.871820  1.267760
52.500000  0.860571  1.260674
52.550000  0.849355  1.253643
52.600000  0.839028  1.245566
52.650000  0.828726  1.237546
52.700000  0.819342  1.228609
52.750000  0.809976  1.219731
52.800000  0.801544  1.210067
52.850000  0.793125  1.200461
52.900000  0.785645  1.190199
52.950000  0.778174  1.179994
53.000000  0.771638  1.169259
53.050000  0.765108  1.158578
53.100000  0.759506  1.147488
53.150000  0.753905  1.136449
53.200000  0.749219  1.125114
53.250000  0.744532  1.113827
53.300000  0.740744  1.102350
53.350000  0.736953  1.090918
53.400000  0.734043  1.079393
53.450000  0.731130  1.067910
53.500000  0.729078  1.056423
53.550000  0.727022  1.044974
53.600000  0.725809  1.033602
53.650000  0.724589  1.022266
53.700000  0.724195  1.011079
53.750000  0.723794  0.999924
53.800000  0.724201  0.988984
53.850000  0.724600  0.978073
53.900000  0.725790  0.967435
53.950000  0.726971  0.956824
54.000000  0.728928  0.946536
54.050000  0.730877  0.936273
54.100000  0.733586  0.926378
54.150000  0.736286  0.916506
54.200000  0.739734  0.907042
54.250000  0.743172  0.897599
54.300000  0.747344  0.888600
54.350000  0.751506  0.879620
54.400000  0.756390  0.871114
54.450000  0.761265  0.862625
54.500000  0.766848  0.854638
54.550000  0.772422  0.846668
54.600000  0.778692  0.839224
54.650000  0.784952  0.831795
54.700000  0.791895  0.824914
54.750000  0.798828  0.818047
54.800000  0.806430  0.811748
54.850000  0.814021  0.805463
54.900000  0.822266  0.799764
54.950000  0.830498  0.794079
55.000000  0.839368  0.788997
55.050000  0.848223  0.783927
55.100000  0.857695  0.779478
55.150000  0.867153  0.775041
55.200000  0.877203  0.771241
55.250000  0.887236  0.767453
55.300000  0.897835  0.764318
55.350000  0.908415  0.761194
55.400000  0.919529  0.758741
55.450000  0.930621  0.756298
55.500000  0.942208  0.754543
55.550000  0.953772  0.752799
55.600000  0.965786  0.751759
55.650000  0.977773  0.750730
55.700000  0.990158  0.750424
55.750000  1.002514  0.750129
55.800000  1.015208  0.750575
55.850000  1.027869  0.751031
55.900000  1.040799  0.752249
55.950000  1.053692  0.753477
56.000000  1.066775  0.755486
56.050000  1.079817  0.757504
56.100000  1.092960  0.760323
56.150000  1.106058  0.763150
56.200000  1.119157  0.766798
56.250000  1.132207  0.770453
56.300000  1.145147  0.774947
56.350000  1.158033  0.779446
56.400000  1.170688  0.784801
56.450000  1.183284  0.790159
56.500000  1.195518  0.796387
56.550000  1.207689  0.802615
56.600000  1.219356  0.809722
56.650000  1.230957  0.816827
56.700000  1.241904  0.824814
56.750000  1.252782  0.832795
56.800000  1.262851  0.841656
56.850000  1.272849  0.850505
56.900000  1.281879  0.860220
56.950000  1.290838  0.869919
57.000000  1.298671  0.880461
57.050000  1.306433  0.890979
57.100000  1.312913  0.902303
57.150000  1.319327  0.913596
57.200000  1.324313  0.925642
57.250000  1.329236  0.937650
57.300000  1.332601  0.950338
57.350000  1.335910  0.962982
57.400000  1.337546  0.976216
57.450000  1.339137  0.989397
57.500000  1.338966  1.003060
57.550000  1.338761  1.016660
57.600000  1.336735  1.030612
57.650000  1.334689  1.044494
57.700000  1.330797  1.058578
57.750000  1.326899  1.072585
57.800000  1.321166  1.086629
57.850000  1.315443  1.100588
57.900000  1.307934  1.114402
57.950000  1.300452  1.128129
58.000000  1.291271  1.141518
58.050000  1.282134  1.154818
58.100000  1.271422  1.167583
58.150000  1.260768  1.180260
58.200000  1.248695  1.192205
58.250000  1.236695  1.204065
58.300000  1.223458  1.215005
58.350000  1.210306  1.225865
58.400000  1.196122  1.235630
58.450000  1.182030  1.245323
58.500000  1.167124  1.253764
58.550000  1.152315  1.262146
58.600000  1.136916  1.269144
58.650000  1.121617  1.276095
58.700000  1.105949  1.281559
58.750000  1.090380  1.286991
58.800000  1.074656  1.290865
58.850000  1.059027  1.294720
58.900000  1.043445  1.296979
58.950000  1.027951  1.299233
59.000000  1.012685  1.299884
59.050000  0.997501  1.300544
59.100000  0.982706  1.299624
59.150000  0.967984  1.298725
59.200000  0.953790  1.296297
59.250000  0.939659  1.293901
59.300000  0.926173  1.290051
59.350000  0.912741  1.286242
59.400000  0.900047  1.281073
59.450000  0.887398  1.275951
59.500000  0.875559  1.269579
59.550000  0.863757  1.263259
59.600000  0.852820  1.255810
59.650000  0.841912  1.248417
59.700000  0.831905  1.240021
59.750000  0.821921  1.231683
59.800000  0.812863  1.222474
59.850000  0.803820  1.213323
59.900000  0.795715  1.203432
59.950000  0.787621  1.193598
60.000000  0.780467  1.183152
60.050000  0.773320  1.172763
60.100000  0.767107  1.161885
60.150000  0.760898  1.151061
60.200000  0.755613  1.139867
60.250000  0.750328  1.128724
60.300000  0.745954  1.117322
60.350000  0.741578  1.105968
60.400000  0.738096  1.094458
60.450000  0.734610  1.082992
60.500000  0.731999  1.071465
60.550000  0.729383  1.059978
60.600000  0.727624  1.048517
60.650000  0.725859  1.037093
60.700000  0.724932  1.025772
60.750000  0.723998  1.014486
60.800000  0.723883  1.003372
60.850000  0.723761  0.992290
60.900000  0.724441  0.981443
60.950000  0.725113  0.970625
61.000000  0.726571  0.960098
61.050000  0.728021  0.949598
61.100000  0.730241  0.939437
61.150000  0.732452  0.929300
61.200000  0.735419  0.919546
61.250000  0.738377  0.909814
61.300000  0.742078  0.900504
61.350000  0.745770  0.891213
61.400000  0.750191  0.882378
61.450000  0.754603  0.873561
61.500000  0.759732  0.865228
61.550000  0.764852  0.856913
61.600000  0.770676  0.849108
61.650000  0.776491  0.841319
61.700000  0.782998  0.834065
61.750000  0.789494  0.826825
61.800000  0.796670  0.820141
61.850000  0.803834  0.813470
61.900000  0.811664  0.807375
61.950000  0.819481  0.801292
62.000000  0.827947  0.795803
62.050000  0.836401  0.790326
62.100000  0.845485  0.785459
62.150000  0.854554  0.780604
62.200000  0.864233  0.776376
62.250000  0.873896  0.772160
62.300000  0.884144  0.768586
62.350000  0.894374  0.765025
62.400000  0.905160  0.762122
62.450000  0.915925  0.759231
62.500000  0.927212  0.757015
62.550000  0.938477  0.754811
62.600000  0.950223  0.753300
62.650000  0.961944  0.751800
62.700000  0.974098  0.751011
62.750000  0.986225  0.750233
62.800000  0.998731  0.750185
62.850000  1.011206  0.750147
62.900000  1.023996  0.750857
62.950000  1.036752  0.751578
63.000000  1.049751  0.753067
63.050000  1.062712  0.754566
63.100000  1.075834  0.756853
63.150000  1.088913  0.759148
63.200000  1.102060  0.762252
63.250000  1.115161  0.765364
63.300000  1.128226  0.769304
63.350000  1.141240  0.773249
63.400000  1.154104  0.778041
63.450000  1.166912  0.782837
63.500000  1.179445  0.788494
63.550000  1.191918  0.794154
63.600000  1.203980  0.800687
63.650000  1.215978  0.807220
63.700000  1.227422  0.814634
63.750000  1.238798  0.822045
63.800000  1.249467  0.830338
63.850000  1.260066  0.838624
63.900000  1.269801  0.847786
63.950000  1.279465  0.856936
64.000000  1.288106  0.866945
64.050000  1.296675  0.876936
64.100000  1.304063  0.887758
64.150000  1.311382  0.898556
64.200000  1.317366  0.910142
64.250000  1.323285  0.921696
64.300000  1.327728  0.933979
64.350000  1.332111  0.946223
64.400000  1.334892  0.959119
64.450000  1.337621  0.971967
64.500000  1.338642  0.985372
64.550000  1.339621  0.998719
64.600000  1.338813  1.012507
64.650000  1.337976  1.026229
64.700000  1.335304  1.040254
64.750000  1.332616  1.054206
64.800000  1.328080  1.068306
64.850000  1.323545  1.082325
64.900000  1.317184  1.096320
64.950000  1.310841  1.110230
65.000000  1.302735  1.123928
65.050000  1.294663  1.137539
65.100000  1.284928  1.150744
65.150000  1.275244  1.163859
65.200000  1.264032  1.176371
65.250000  1.252885  1.188795
65.300000  1.240378  1.200422
65.350000  1.227948  1.211964
65.400000  1.214350  1.222523
65.450000  1.200839  1.233005
65.500000  1.186370  1.242334
65.550000  1.171995  1.251595
65.600000  1.156883  1.259555
65.650000  1.141870  1.267459
65.700000  1.126343  1.273940
65.750000  1.110915  1.280378
65.800000  1.095195  1.285301
65.850000  1.079572  1.290196
65.900000  1.063867  1.293514
65.950000  1.048254  1.296819
66.000000  1.032752  1.298521
66.050000  1.017338  1.300222
66.100000  1.002210  1.300324
66.150000  0.987160  1.300439
66.200000  0.972552  1.298988
66.250000  0.958013  1.297562
66.300000  0.944045  1.294630
66.350000  0.930138  1.291732
66.400000  0.916910  1.287410
66.450000  0.903733  1.283131
66.500000  0.891322  1.277528
66.550000  0.878954  1.271975
66.600000  0.867417  1.265211
66.650000  0.855914  1.258501
66.700000  0.845291  1.250704
66.750000  0.834695  1.242965
66.800000  0.825011  1.234267
66.850000  0.815348  1.225628
66.900000  0.806615  1.216162
66.950000  0.797897  1.206754
67.000000  0.790118  1.196651
67.050000  0.782349  1.186605
67.100000  0.775519  1.175989
67.150000  0.768695  1.165430
67.200000  0.762802  1.154424
67.250000  0.756913  1.143471
67.300000  0.751943  1.132187
67.350000  0.746973  1.120953
67.400000  0.742908  1.109496
67.450000  0.738841  1.098087
67.500000  0.735661  1.086554
67.550000  0.732477  1.075066
67.600000  0.730163  1.063546
67.650000  0.727843  1.052067
67.700000  0.726373  1.040640
67.750000  0.724897  1.029250
67.800000  0.724253  1.017988
67.850000  0.723601  1.006759
67.900000  0.723764  0.995726
67.950000  0.723918  0.984724
68.000000  0.724869  0.973977
68.050000  0.725813  0.963258
68.100000  0.727536  0.952848
68.150000  0.729251  0.942463
68.200000  0.731732  0.932434
68.250000  0.734204  0.922429
68.300000  0.737427  0.912820
68.350000  0.740642  0.903233
68.400000  0.744594  0.894079
68.450000  0.748538  0.884945
68.500000  0.753207  0.876277
68.550000  0.757866  0.867627
68.600000  0.763239  0.859470
68.650000  0.768602  0.851331
68.700000  0.774665  0.843711
68.750000  0.780719  0.836106
68.800000  0.787461  0.829043
68.850000  0.794192  0.821995
68.900000  0.801598  0.815509
68.950000  0.808992  0.809038
69.000000  0.817047  0.803147
69.050000  0.825089  0.797269
69.100000  0.833774  0.791991
69.150000  0.842445  0.786725
69.200000  0.851741  0.782075
69.250000  0.861022  0.777437
69.300000  0.870904  0.773431
69.350000  0.880770  0.769437
69.400000  0.891212  0.766092
69.450000  0.901635  0.762758
69.500000  0.912602  0.760089
69.550000  0.923549  0.757432
69.600000  0.935004  0.755457
69.650000  0.946437  0.753493
69.700000  0.958335  0.752228
69.750000  0.970207  0.750974
69.800000  0.982495  0.750438
69.850000  0.994755  0.749913
69.900000  1.007373  0.750124
69.950000  1.019959  0.750345
70.000000  1.032837  0.751322
70.050000  1.045679  0.752308
70.100000  1.058737  0.754071
70.150000  1.071756  0.755842
70.200000  1.084905  0.758410
70.250000  1.098010  0.760985
70.300000  1.111149  0.764376
70.350000  1.124240  0.767775
70.400000  1.137257  0.772008
70.450000  1.150221  0.776246
70.500000  1.162993  0.781336
70.550000  1.175709  0.786430
70.600000  1.188103  0.792391
70.650000  1.200436  0.798353
70.700000  1.212310  0.805192
70.750000  1.224118  0.812030
70.800000  1.235319  0.819752
70.850000  1.246452  0.827468
70.900000  1.256825  0.836066
70.950000  1.267126  0.844655
71.000000  1.276509  0.854116
71.050000  1.285820  0.863563
71.100000  1.294052  0.873862
71.150000  1.302213  0.884141
71.200000  1.309139  0.895238
71.250000  1.315997  0.906308
71.300000  1.321469  0.918149
71.350000  1.326877  0.929956
71.400000  1.330763  0.942468
71.450000  1.334591  0.954937
71.500000  1.336777  0.968029
71.550000  1.338914  0.981070
71.600000  1.339312  0.994629
71.650000  1.339672  1.008129
71.700000  1.338223  1.022024
71.750000  1.336749  1.035850
71.800000  1.333431  1.049929
71.850000  1.330102  1.063932
71.900000  1.324927  1.078026
71.950000  1.319758  1.092037
72.000000  1.312780  1.105961
72.050000  1.305825  1.119798
72.100000  1.297137  1.133358
72.150000  1.288488  1.146828
72.200000  1.278218  1.159825
72.250000  1.268004  1.172733
72.300000  1.256316  1.184969
72.350000  1.244697  1.197118
72.400000  1.231780  1.208404
72.450000  1.218945  1.219607
72.500000  1.205011  1.229766
72.550000  1.191168  1.239850
72.600000  1.176441  1.248727
72.650000  1.161811  1.257540
72.700000  1.146520  1.265006
72.750000  1.131328  1.272420
72.800000  1.115700  1.278374
72.850000  1.100171  1.284291
72.900000  1.084423  1.288666
72.950000  1.068772  1.293018
73.000000  1.053106  1.295780
73.050000  1.037532  1.298533
73.100000  1.022133  1.299679
73.150000  1.006817  1.300830
73.200000  0.991845  1.300388
73.250000  0.976948  1.299964
73.300000  0.962540  1.297991
73.350000  0.948198  1.296046
73.400000  0.934469  1.292620
73.450000  0.920797  1.289232
73.500000  0.907836  1.284451
73.550000  0.894925  1.279716
73.600000  0.882804  1.273694
73.650000  0.870723  1.267723
73.700000  0.859493  1.260583
73.750000  0.848294  1.253498
73.800000  0.837989  1.245370
73.850000  0.827708  1.237299
73.900000  0.818347  1.228316
73.950000  0.809005  1.219391
74.000000  0.800598  1.209684
74.050000  0.792205  1.200035
74.100000  0.784751  1.189735
74.150000  0.777307  1.179491
74.200000  0.770799  1.168722
74.250000  0.764297  1.158007
74.300000  0.758723  1.146886
74.350000  0.753151  1.135817
74.400000  0.748494  1.124456
74.450000  0.743836  1.113144
74.500000  0.740078  1.101644
74.550000  0.736317  1.090191
74.600000  0.733437  1.078647
74.650000  0.730553  1.067146
74.700000  0.728532  1.055644
74.750000  0.726505  1.044181
74.800000  0.725322  1.032798
74.850000  0.724132  1.021450
74.900000  0.723769  1.010255
74.950000  0.723397  0.999092
75.000000  0.723834  0.988147
75.050000  0.724263  0.977231
75.100000  0.725483  0.966590
75.150000  0.726695  0.955976
75.200000  0.728683  0.945688
75.250000  0.730661  0.935425
75.300000  0.733401  0.925532
75.350000  0.736131  0.915663
75.400000  0.739609  0.906203
75.450000  0.743078  0.896765
75.500000  0.747280  0.887771
75.550000  0.751474  0.878797
75.600000  0.756388  0.870299
75.650000  0.761294  0.861818
75.700000  0.766908  0.853841
75.750000  0.772513  0.845880
75.800000  0.778814  0.838447
75.850000  0.785105  0.831029
75.900000  0.792080  0.824160
75.950000  0.799044  0.817306
76.000000  0.806678  0.811021
76.050000  0.814300  0.804750
76.100000  0.822577  0.799066
76.150000  0.830841  0.793395
76.200000  0.839743  0.788329
76.250000  0.848630  0.783276
76.300000  0.858135  0.778844
76.350000  0.867624  0.774424
76.400000  0.877706  0.770643
76.450000  0.887772  0.766873
76.500000  0.898403  0.763757
76.550000  0.909015  0.760654
76.600000  0.920160  0.758221
76.650000  0.931283  0.755799
76.700000  0.942902  0.754066
76.750000  0.954496  0.752344
76.800000  0.966540  0.751327
76.850000  0.978558  0.750322
76.900000  0.990973  0.750040
76.950000  1.003358  0.749769
77.000000  1.016080  0.750241
77.050000  1.028769  0.750724
77.100000  1.041725  0.751969
77.150000  1.054644  0.753224
77.200000  1.067751  0.755262
77.250000  1.080817  0.757309
77.300000  1.093981  0.760158
77.350000  1.107100  0.763016
77.400000  1.120218  0.766696
77.450000  1.133285  0.770383
77.500000  1.146240  0.774910
77.550000  1.159140  0.779443
77.600000  1.171806  0.784833
77.650000  1.184412  0.790227
77.700000  1.196651  0.796492
77.750000  1.208828  0.802757
77.800000  1.220495  0.809903
77.850000  1.232095  0.817046
77.900000  1.243036  0.825073
77.950000  1.253908  0.833094
78.000000  1.263965  0.841996
78.050000  1.273950  0.850886
78.100000  1.282961  0.860644
78.150000  1.291901  0.870385
78.200000  1.299706  0.880969
78.250000  1.307441  0.891530
78.300000  1.313888  0.902896
78.350000  1.320267  0.914233
78.400000  1.325212  0.926320
78.450000  1.330094  0.938370
78.500000  1.333409  0.951100
78.550000  1.336669  0.963785
78.600000  1.338250  0.977058
78.650000  1.339785  0.990278
78.700000  1.339552  1.003977
78.750000  1.339286  1.017613
78.800000  1.337193  1.031598
78.850000  1.335081  1.045512
78.900000  1.331117  1.059624
78.950000  1.327149  1.073659
79.000000  1.321342  1.087724
79.050000  1.315546  1.101705
79.100000  1.307962  1.115535
79.150000  1.300406  1.129277
79.200000  1.291150  1.142674
79.250000  1.281940  1.155982
79.300000  1.271155  1.168748
79.350000  1.260429  1.181424
79.400000  1.248287  1.193362
79.450000  1.236219  1.205214
79.500000  1.222918  1.216138
79.550000  1.209702  1.226981
79.600000  1.195460  1.236722
79.650000  1.181311  1.246391
79.700000  1.166354  1.254800
79.750000  1.151495  1.263150
79.800000  1.136052  1.270109
79.850000  1.120709  1.277021
79.900000  1.105006  1.282441
79.950000  1.089401  1.287828
80.000000  1.073650  1.291652
80.050000  1.057994  1.295457
80.100000  1.042391  1.297662
80.150000  1.026877  1.299862
80.200000  1.011599  1.300457
80.250000  0.996402  1.301060
80.300000  0.981601  1.300082
80.350000  0.966873  1.299126
80.400000  0.952680  1.296640
80.450000  0.938550  1.294185
80.500000  0.925069  1.290277
80.550000  0.911643  1.286410
80.600000  0.898959  1.281184
80.650000  0.886320  1.276006
80.700000  0.874496  1.269580
80.750000  0.862708  1.263206
80.800000  0.851789  1.255705
80.850000  0.840898  1.248261
80.900000  0.830912  1.239817
80.950000  0.820949  1.231432
81.000000  0.811913  1.222178
81.050000  0.802894  1.212983
81.100000  0.794813  1.203051
81.150000  0.786743  1.193177
81.200000  0.779615  1.182695
81.250000  0.772493  1.172269
81.300000  0.766307  1.161359
81.350000  0.760124  1.150503
81.400000  0.754867  1.139281
81.450000  0.749610  1.128110
81.500000  0.745264  1.116684
81.550000  0.740916  1.105305
81.600000  0.737461  1.093774
81.650000  0.734004  1.082288
81.700000  0.731421  1.070743
81.750000  0.728834  1.059240
81.800000  0.727104  1.047765
81.850000  0.725367  1.036328
81.900000  0.724469  1.024996
81.950000  0.723563  1.013699
82.000000  0.723477  1.002578
82.050000  0.723384  0.991489
82.100000  0.724093  0.980637
82.150000  0.724794  0.969815
82.200000  0.726281  0.959285
82.250000  0.727759  0.948783
82.300000  0.730008  0.938622
82.350000  0.732249  0.928485
82.400000  0.735245  0.918733
82.450000  0.738233  0.909004
82.500000  0.741963  0.899698
82.550000  0.745684  0.890411
82.600000  0.750134  0.881582
82.650000  0.754576  0.872771
82.700000  0.759735  0.864446
82.750000  0.764884  0.856138
82.800000  0.770739  0.848343
82.850000  0.776583  0.840563
82.900000  0.783120  0.833319
82.950000  0.789647  0.826090
83.000000  0.796853  0.819417
83.050000  0.804048  0.812759
83.100000  0.811908  0.806676
83.150000  0.819756  0.800607
83.200000  0.828253  0.795132
83.250000  0.836738  0.789670
83.300000  0.845853  0.784818
83.350000  0.854953  0.779979
83.400000  0.864663  0.775768
83.450000  0.874358  0.771568
83.500000  0.884636  0.768012
83.550000  0.894898  0.764468
83.600000  0.905714  0.761584
83.650000  0.916511  0.758712
83.700000  0.927828  0.756517
83.750000  0.939124  0.754333
83.800000  0.950900  0.752843
83.850000  0.962651  0.751365
83.900000  0.974835  0.750598
83.950000  0.986991  0.749843
84.000000  0.999525  0.749818
84.050000  1.012028  0.749804
84.100000  1.024845  0.750539
84.150000  1.037628  0.751285
84.200000  1.050653  0.752801
84.250000  1.063639  0.754326
84.300000  1.076784  0.756641
84.350000  1.089886  0.758965
84.400000  1.103054  0.762099
84.450000  1.116175  0.765240
84.500000  1.129257  0.769211
84.550000  1.142288  0.773188
84.600000  1.155165  0.778012
84.650000  1.167987  0.782841
84.700000  1.180529  0.788533
84.750000  1.193011  0.794227
84.800000  1.205078  0.800796
84.850000  1.217081  0.807365
84.900000  1.228523  0.814817
84.950000  1.239899  0.822266
85.000000  1.250561  0.830598
85.050000  1.261153  0.838923
85.100000  1.270875  0.848125
85.150000  1.280526  0.857315
85.200000  1.289146  0.867365
85.250000  1.297696  0.877397
85.300000  1.305056  0.888261
85.350000  1.312348  0.899100
85.400000  1.318298  0.910727
85.450000  1.324182  0.922323
85.500000  1.328584  0.934647
85.550000  1.332925  0.946932
85.600000  1.335657  0.959868
85.650000  1.338338  0.972756
85.700000  1.339304  0.986198
85.750000  1.340228  0.999582
85.800000  1.339360  1.013405
85.850000  1.338462  1.027161
85.900000  1.335724  1.041217
85.950000  1.332972  1.055199
86.000000  1.328366  1.069325
86.050000  1.323762  1.083370
86.100000  1.317330  1.097385
86.150000  1.310916  1.111315
86.200000  1.302738  1.125027
86.250000  1.294594  1.138651
86.300000  1.284788  1.151863
86.350000  1.275032  1.164984
86.400000  1.263752  1.177495
86.450000  1.252537  1.189918
86.500000  1.239964  1.201535
86.550000  1.227469  1.213068
86.600000  1.213811  1.223610
86.650000  1.200240  1.234075
86.700000  1.185716  1.243379
86.750000  1.171287  1.252615
86.800000  1.156128  1.260543
86.850000  1.141067  1.268416
86.900000  1.125500  1.274858
86.950000  1.110032  1.281258
87.000000  1.094279  1.286136
87.050000  1.078623  1.290986
87.100000  1.062893  1.294256
87.150000  1.047254  1.297512
87.200000  1.031736  1.299161
87.250000  1.016303  1.300811
87.300000  1.001164  1.300858
87.350000  0.986104  1.300918
87.400000  0.971490  1.299412
87.450000  0.956947  1.297930
87.500000  0.942980  1.294941
87.550000  0.929074  1.291988
87.600000  0.915852  1.287610
87.650000  0.902682  1.283276
87.700000  0.890281  1.277619
87.750000  0.877923  1.272012
87.800000  0.866401  1.265197
87.850000  0.854912  1.258436
87.900000  0.844307  1.250590
87.950000  0.833728  1.242802
88.000000  0.824064  1.234059
88.050000  0.814420  1.225374
88.100000  0.805709  1.215866
88.150000  0.797013  1.206417
88.200000  0.789257  1.196275
88.250000  0.781512  1.186191
88.300000  0.774706  1.175542
88.350000  0.767906  1.164948
88.400000  0.762040  1.153912
88.450000  0.756175  1.142928
88.500000  0.751232  1.131618
88.550000  0.746288  1.120357
88.600000  0.742250  1.108878
88.650000  0.738209  1.097445
88.700000  0.735056  1.085894
88.750000  0.731899  1.074386
88.800000  0.729612  1.062850
88.850000  0.727319  1.051355
88.900000  0.725877  1.039916
88.950000  0.724428  1.028513
89.000000  0.723811  1.017241
89.050000  0.723187  1.006003
89.100000  0.723377  0.994963
89.150000  0.723559  0.983954
89.200000  0.724538  0.973203
89.250000  0.725509  0.962480
89.300000  0.727260  0.952067
89.350000  0.729003  0.941681
89.400000  0.731512  0.931652
89.450000  0.734012  0.921647
89.500000  0.737263  0.912040
89.550000  0.740505  0.902455
89.600000  0.744486  0.893306
89.650000  0.748458  0.884176
89.700000  0.753155  0.875513
89.750000  0.757843  0.866868
89.800000  0.763244  0.858720
89.850000  0.768636  0.850587
89.900000  0.774729  0.842976
89.950000  0.780811  0.835380
90.000000  0.787582  0.828327
90.050000  0.794343  0.821289
90.100000  0.801778  0.814815
90.150000  0.809202  0.808355
90.200000  0.817286  0.802477
90.250000  0.825358  0.796612
90.300000  0.834073  0.791347
90.350000  0.842775  0.786095
90.400000  0.852100  0.781459
90.450000  0.861411  0.776836
90.500000  0.871324  0.772846
90.550000  0.881220  0.768869
90.600000  0.891692  0.765540
90.650000  0.902145  0.762224
90.700000  0.913143  0.759573
90.750000  0.924120  0.756934
90.800000  0.935605  0.754978
90.850000  0.947067  0.753034
90.900000  0.958994  0.751790
90.950000  0.970896  0.750557
91.000000  0.983213  0.750042
91.050000  0.995501  0.749538
91.100000  1.008146  0.749772
91.150000  1.020759  0.750017
91.200000  1.033663  0.751018
91.250000  1.046531  0.752029
91.300000  1.059614  0.753817
91.350000  1.072657  0.755615
91.400000  1.085828  0.758209
91.450000  1.098956  0.760812
91.500000  1.112114  0.764232
91.550000  1.125224  0.767660
91.600000  1.138258  0.771923
91.650000  1.151238  0.776192
91.700000  1.164023  0.781314
91.750000  1.176751  0.786440
91.800000  1.189154  0.792434
91.850000  1.201495  0.798430
91.900000  1.213372  0.805305
91.950000  1.225184  0.812178
92.000000  1.236384  0.819936
92.050000  1.247516  0.827689
92.100000  1.257880  0.836325
92.150000  1.268174  0.844952
92.200000  1.277543  0.854453
92.250000  1.286840  0.863938
92.300000  1.295052  0.874278
92.350000  1.303193  0.884596
92.400000  1.310091  0.895734
92.450000  1.316921  0.906844
92.500000  1.322359  0.918726
92.550000  1.327733  0.930572
92.600000  1.331577  0.943124
92.650000  1.335364  0.955633
92.700000  1.337502  0.968763
92.750000  1.339591  0.981841
92.800000  1.339935  0.995437
92.850000  1.340240  1.008972
92.900000  1.338732  1.022900
92.950000  1.337199  1.036760
93.000000  1.333817  1.050868
93.050000  1.330424  1.064900
93.100000  1.325182  1.079017
93.150000  1.319947  1.093052
93.200000  1.312900  1.106995
93.250000  1.305876  1.120850
93.300000  1.297118  1.134422
93.350000  1.288400  1.147904
93.400000  1.278062  1.160907
93.450000  1.267780  1.173819
93.500000  1.256026  1.186053
93.550000  1.244342  1.198199
93.600000  1.231363  1.209474
93.650000  1.218466  1.220667
93.700000  1.204476  1.230808
93.750000  1.190576  1.240875
93.800000  1.175798  1.249727
93.850000  1.161116  1.258514
93.900000  1.145781  1.265948
93.950000  1.130545  1.273330
94.000000  1.114880  1.279246
94.050000  1.099314  1.285124
94.100000  1.083536  1.289456
94.150000  1.067854  1.293765
94.200000  1.052166  1.296479
94.250000  1.036569  1.299185
94.300000  1.021153  1.300280
94.350000  1.005822  1.301380
94.400000  0.990840  1.300886
94.450000  0.975933  1.300410
94.500000  0.961522  1.298383
94.550000  0.947177  1.296384
94.600000  0.933449  1.292904
94.650000  0.919779  1.289463
94.700000  0.906825  1.284629
94.750000  0.893920  1.279841
94.800000  0.881809  1.273768
94.850000  0.869739  1.267746
94.900000  0.858523  1.260557
94.950000  0.847338  1.253423
95.000000  0.837049  1.245249
95.050000  0.826785  1.237132
95.100000  0.817443  1.228105
95.150000  0.808120  1.219137
95.200000  0.799734  1.209391
95.250000  0.791362  1.199703
95.300000  0.783931  1.189367
95.350000  0.776508  1.179087
95.400000  0.770024  1.168285
95.450000  0.763545  1.157538
95.500000  0.757996  1.146389
95.550000  0.752448  1.135292
95.600000  0.747816  1.123906
95.650000  0.743183  1.112568
95.700000  0.739450  1.101047
95.750000  0.735714  1.089572
95.800000  0.732860  1.078011
95.850000  0.730001  1.066491
95.900000  0.728006  1.054975
95.950000  0.726005  1.043497
96.000000  0.724848  1.032102
96.050000  0.723685  1.020742
96.100000  0.723347  1.009538
96.150000  0.723002  0.998366
96.200000  0.723465  0.987414
96.250000  0.723920  0.976492
96.300000  0.725167  0.965847
96.350000  0.726405  0.955229
96.400000  0.728419  0.944939
96.450000  0.730424  0.934674
96.500000  0.733191  0.924782
96.550000  0.735948  0.914912
96.600000  0.739453  0.905455
96.650000  0.742948  0.896019
96.700000  0.747178  0.887029
96.750000  0.751398  0.878059
96.800000  0.756341  0.869567
96.850000  0.761273  0.861091
96.900000  0.766915  0.853121
96.950000  0.772547  0.845167
97.000000  0.778877  0.837742
97.050000  0.785196  0.830333
97.100000  0.792199  0.823474
97.150000  0.799191  0.816629
97.200000  0.806854  0.810355
97.250000  0.814505  0.804094
97.300000  0.822811  0.798422
97.350000  0.831104  0.792763
97.400000  0.840034  0.787711
97.450000  0.848951  0.782670
97.500000  0.858484  0.778253
97.550000  0.868003  0.773848
97.600000  0.878114  0.770081
97.650000  0.888209  0.766327
97.700000  0.898869  0.763228
97.750000  0.909511  0.760140
97.800000  0.920685  0.757725
97.850000  0.931838  0.755321
97.900000  0.943485  0.753606
97.950000  0.955108  0.751903
98.000000  0.967181  0.750906
98.050000  0.979227  0.749920
98.100000  0.991669  0.749660
98.150000  1.004082  0.749410
98.200000  1.016831  0.749904
98.250000  1.029546  0.750409
98.300000  1.042527  0.751678
98.350000  1.055471  0.752957
98.400000  1.068602  0.755020
98.450000  1.081691  0.757091
98.500000  1.094877  0.759967
98.550000  1.108017  0.762852
98.600000  1.121154  0.766560
98.650000  1.134240  0.770274
98.700000  1.147210  0.774832
98.750000  1.160126  0.779394
98.800000  1.172803  0.784816
98.850000  1.185421  0.790240
98.900000  1.197668  0.796538
98.950000  1.209852  0.802836
99.000000  1.221522  0.810016
99.050000  1.233126  0.817194
99.100000  1.244065  0.825257
99.150000  1.254934  0.833313
99.200000  1.264983  0.842252
99.250000  1.274960  0.851179
99.300000  1.283957  0.860975
99.350000  1.292882  0.870754
99.400000  1.300667  0.881377
99.450000  1.308381  0.891978
99.500000  1.314800  0.903383
99.550000  1.321152  0.914758
99.600000  1.326062  0.926885
99.650000  1.330910  0.938974
99.700000  1.334184  0.951742
99.750000  1.337403  0.964465
99.800000  1.338936  0.977775
99.850000  1.340424  0.991032
99.900000  1.340139  1.004765
99.950000  1.339819  1.018435
100.000000  1.337668  1.032452
