   t     nR      nF
0.000000  1.200000  0.800000
0.050000  1.212000  0.804800
0.100000  1.223658  0.810237
0.150000  1.235268  0.815674
0.200000  1.246428  0.821751
0.250000  1.257536  0.827826
0.300000  1.268079  0.834543
0.350000  1.278570  0.841255
0.400000  1.288376  0.848604
0.450000  1.298128  0.855945
0.500000  1.307076  0.863915
0.550000  1.315970  0.871873
0.600000  1.323937  0.880444
0.650000  1.331851  0.889000
0.700000  1.338720  0.898145
0.750000  1.345538  0.907271
0.800000  1.351197  0.916955
0.850000  1.356808  0.926616
0.900000  1.361154  0.936792
0.950000  1.365456  0.946942
1.000000  1.368399  0.957556
1.050000  1.371303  0.968139
1.100000  1.372768  0.979124
1.150000  1.374201  0.990074
1.200000  1.374132  1.001354
1.250000  1.374039  1.012593
1.300000  1.372402  1.024078
1.350000  1.370750  1.035520
1.400000  1.367533  1.047114
1.450000  1.364312  1.058659
1.500000  1.359530  1.070255
1.550000  1.354755  1.081798
1.600000  1.348449  1.093281
1.650000  1.342159  1.104709
1.700000  1.334395  1.115960
1.750000  1.326658  1.127155
1.800000  1.317526  1.138052
1.850000  1.308431  1.148893
1.900000  1.298044  1.159313
1.950000  1.287704  1.169679
2.000000  1.276195  1.179504
2.050000  1.264740  1.189278
2.100000  1.252256  1.198395
2.150000  1.239834  1.207464
2.200000  1.226534  1.215771
2.250000  1.213301  1.224033
2.300000  1.199352  1.231436
2.350000  1.185473  1.238801
2.400000  1.171043  1.245222
2.450000  1.156684  1.251612
2.500000  1.141939  1.256988
2.550000  1.127266  1.262341
2.600000  1.112366  1.266628
2.650000  1.097537  1.270897
2.700000  1.082634  1.274065
2.750000  1.067799  1.277224
2.800000  1.053032  1.279261
2.850000  1.038329  1.281296
2.900000  1.023825  1.282207
2.950000  1.009378  1.283124
3.000000  0.995247  1.282929
3.050000  0.981167  1.282746
3.100000  0.967505  1.281480
3.150000  0.953888  1.280231
3.200000  0.940774  1.277938
3.250000  0.927700  1.275667
3.300000  0.915200  1.272404
3.350000  0.902735  1.269167
3.400000  0.890901  1.264997
3.450000  0.879097  1.260857
3.500000  0.867970  1.255851
3.550000  0.856866  1.250877
3.600000  0.846473  1.245108
3.650000  0.836099  1.239374
3.700000  0.826459  1.232920
3.750000  0.816834  1.226501
3.800000  0.807957  1.219441
3.850000  0.799092  1.212415
3.900000  0.790983  1.204826
3.950000  0.782883  1.197271
4.000000  0.775539  1.189229
4.050000  0.768202  1.181221
4.100000  0.761618  1.172801
4.150000  0.755038  1.164414
4.200000  0.749204  1.155687
4.250000  0.743372  1.146991
4.300000  0.738277  1.138026
4.350000  0.733182  1.129090
4.400000  0.728813  1.119950
4.450000  0.724442  1.110838
4.500000  0.720783  1.101584
4.550000  0.717122  1.092356
4.600000  0.714160  1.083044
4.650000  0.711195  1.073756
4.700000  0.708914  1.064437
4.750000  0.706630  1.055142
4.800000  0.705018  1.045864
4.850000  0.703401  1.036609
4.900000  0.702443  1.027417
4.950000  0.701480  1.018245
5.000000  0.701163  1.009179
5.050000  0.700841  1.000132
5.100000  0.701154  0.991227
5.150000  0.701461  0.982340
5.200000  0.702392  0.973631
5.250000  0.703319  0.964938
5.300000  0.704858  0.956454
5.350000  0.706393  0.947986
5.400000  0.708533  0.939754
5.450000  0.710667  0.931537
5.500000  0.713398  0.923583
5.550000  0.716124  0.915642
5.600000  0.719439  0.907987
5.650000  0.722749  0.900345
5.700000  0.726642  0.893010
5.750000  0.730529  0.885686
5.800000  0.734993  0.878690
5.850000  0.739451  0.871704
5.900000  0.744480  0.865062
5.950000  0.749503  0.858431
6.000000  0.755090  0.852160
6.050000  0.760672  0.845899
6.100000  0.766812  0.840013
6.150000  0.772946  0.834137
6.200000  0.779633  0.828650
6.250000  0.786312  0.823172
6.300000  0.793537  0.818096
6.350000  0.800754  0.813029
6.400000  0.808509  0.808376
6.450000  0.816255  0.803732
6.500000  0.824529  0.799515
6.550000  0.832794  0.795307
6.600000  0.841576  0.791536
6.650000  0.850348  0.787775
6.700000  0.859622  0.784463
6.750000  0.868886  0.781159
6.800000  0.878637  0.778318
6.850000  0.888376  0.775484
6.900000  0.898583  0.773124
6.950000  0.908776  0.770772
7.000000  0.919414  0.768905
7.050000  0.930038  0.767046
7.100000  0.941080  0.765685
7.150000  0.952105  0.764332
7.200000  0.963518  0.763489
7.250000  0.974912  0.762653
7.300000  0.986657  0.762341
7.350000  0.998382  0.762036
7.400000  1.010415  0.762267
7.450000  1.022426  0.762505
7.500000  1.034697  0.763293
7.550000  1.046943  0.764087
7.600000  1.059396  0.765445
7.650000  1.071820  0.766809
7.700000  1.084390  0.768749
7.750000  1.096928  0.770696
7.800000  1.109543  0.773231
7.850000  1.122123  0.775773
7.900000  1.134704  0.778916
7.950000  1.147247  0.782064
8.000000  1.159707  0.785825
8.050000  1.172126  0.789590
8.100000  1.184369  0.793980
8.150000  1.196570  0.798371
8.200000  1.208496  0.803396
8.250000  1.220375  0.808421
8.300000  1.231875  0.814085
8.350000  1.243327  0.819748
8.400000  1.254287  0.826053
8.450000  1.265196  0.832355
8.500000  1.275497  0.839297
8.550000  1.285746  0.846234
8.600000  1.295267  0.853806
8.650000  1.304735  0.861369
8.700000  1.313355  0.869555
8.750000  1.321921  0.877730
8.800000  1.329518  0.886509
8.850000  1.337063  0.895273
8.900000  1.343521  0.904615
8.950000  1.349929  0.913937
9.000000  1.355139  0.923803
9.050000  1.360302  0.933646
9.100000  1.364165  0.943987
9.150000  1.367986  0.954300
9.200000  1.370417  0.965057
9.250000  1.372811  0.975781
9.300000  1.373741  0.986884
9.350000  1.374642  0.997949
9.400000  1.374023  1.009317
9.450000  1.373383  1.020642
9.500000  1.371188  1.032182
9.550000  1.368982  1.043676
9.600000  1.365209  1.055288
9.650000  1.361435  1.066850
9.700000  1.356108  1.078424
9.750000  1.350791  1.089945
9.800000  1.343958  1.101364
9.850000  1.337147  1.112729
9.900000  1.328885  1.123873
9.950000  1.320654  1.134962
10.000000  1.311061  1.145709
10.050000  1.301509  1.156401
10.100000  1.290705  1.166629
10.150000  1.279952  1.176804
10.200000  1.268075  1.186396
10.250000  1.256257  1.195937
10.300000  1.243461  1.204784
10.350000  1.230729  1.213584
10.400000  1.217174  1.221585
10.450000  1.203689  1.229544
10.500000  1.189544  1.236611
10.550000  1.175471  1.243643
10.600000  1.160905  1.249705
10.650000  1.146411  1.255737
10.700000  1.131587  1.260736
10.750000  1.116835  1.265713
10.800000  1.101911  1.269609
10.850000  1.087057  1.273490
10.900000  1.072181  1.276261
10.950000  1.057371  1.279024
11.000000  1.042678  1.280663
11.050000  1.028046  1.282303
11.100000  1.013656  1.282821
11.150000  0.999322  1.283347
11.200000  0.985340  1.282769
11.250000  0.971409  1.282205
11.300000  0.957927  1.280569
11.350000  0.944489  1.278953
11.400000  0.931580  1.276310
11.450000  0.918710  1.273690
11.500000  0.906436  1.270097
11.550000  0.894195  1.266532
11.600000  0.882603  1.262057
11.650000  0.871038  1.257612
11.700000  0.860164  1.252326
11.750000  0.849312  1.247072
11.800000  0.839180  1.241051
11.850000  0.829065  1.235063
11.900000  0.819691  1.228384
11.950000  0.810331  1.221739
12.000000  0.801723  1.214480
12.050000  0.793125  1.207256
12.100000  0.785285  1.199495
12.150000  0.777452  1.191769
12.200000  0.770376  1.183582
12.250000  0.763305  1.175428
12.300000  0.756985  1.166889
12.350000  0.750669  1.158381
12.400000  0.745096  1.149559
12.450000  0.739524  1.140769
12.500000  0.734686  1.131731
12.550000  0.729847  1.122723
12.600000  0.725729  1.113532
12.650000  0.721610  1.104370
12.700000  0.718198  1.095086
12.750000  0.714783  1.085828
12.800000  0.712063  1.076504
12.850000  0.709339  1.067205
12.900000  0.707296  1.057892
12.950000  0.705248  1.048603
13.000000  0.703868  1.039348
13.050000  0.702483  1.030114
13.100000  0.701753  1.020959
13.150000  0.701017  1.011824
13.200000  0.700924  1.002808
13.250000  0.700825  0.993810
13.300000  0.701358  0.984969
13.350000  0.701885  0.976144
13.400000  0.703032  0.967508
13.450000  0.704174  0.958889
13.500000  0.705927  0.950488
13.550000  0.707675  0.942103
13.600000  0.710024  0.933964
13.650000  0.712369  0.925840
13.700000  0.715307  0.917986
13.750000  0.718240  0.910146
13.800000  0.721761  0.902600
13.850000  0.725276  0.895066
13.900000  0.729371  0.887846
13.950000  0.733462  0.880638
14.000000  0.738126  0.873763
14.050000  0.742785  0.866898
14.100000  0.748013  0.860384
14.150000  0.753235  0.853880
14.200000  0.759019  0.847741
14.250000  0.764797  0.841613
14.300000  0.771133  0.835864
14.350000  0.777461  0.830125
14.400000  0.784340  0.824780
14.450000  0.791211  0.819444
14.500000  0.798625  0.814515
14.550000  0.806032  0.809594
14.600000  0.813973  0.805093
14.650000  0.821905  0.800600
14.700000  0.830362  0.796538
14.750000  0.838809  0.792484
14.800000  0.847768  0.788873
14.850000  0.856717  0.785271
14.900000  0.866164  0.782122
14.950000  0.875600  0.778982
15.000000  0.885517  0.776308
15.050000  0.895421  0.773642
15.100000  0.905785  0.771454
15.150000  0.916136  0.769273
15.200000  0.926923  0.767583
15.250000  0.937695  0.765900
15.300000  0.948874  0.764720
15.350000  0.960037  0.763547
15.400000  0.971575  0.762889
15.450000  0.983093  0.762238
15.500000  0.994949  0.762116
15.550000  1.006783  0.762000
15.600000  1.018910  0.762426
15.650000  1.031014  0.762858
15.700000  1.043360  0.763845
15.750000  1.055680  0.764839
15.800000  1.068186  0.766400
15.850000  1.080662  0.767968
15.900000  1.093260  0.770117
15.950000  1.105826  0.772272
16.000000  1.118443  0.775021
16.050000  1.131024  0.777775
16.100000  1.143577  0.781135
16.150000  1.156092  0.784500
16.200000  1.168491  0.788482
16.250000  1.180849  0.792468
16.300000  1.192998  0.797082
16.350000  1.205102  0.801697
16.400000  1.216895  0.806947
16.450000  1.228641  0.812198
16.500000  1.239969  0.818089
16.550000  1.251247  0.823979
16.600000  1.261994  0.830511
16.650000  1.272689  0.837038
16.700000  1.282734  0.844206
16.750000  1.292726  0.851366
16.800000  1.301948  0.859159
16.850000  1.311117  0.866941
16.900000  1.319394  0.875342
16.950000  1.327617  0.883729
17.000000  1.334830  0.892714
17.050000  1.341990  0.901681
17.100000  1.348024  0.911215
17.150000  1.354008  0.920729
17.200000  1.358758  0.930772
17.250000  1.363461  0.940790
17.300000  1.366831  0.951289
17.350000  1.370160  0.961757
17.400000  1.372071  0.972649
17.450000  1.373947  0.983506
17.500000  1.374337  0.994716
17.550000  1.374700  1.005886
17.600000  1.373528  1.017330
17.650000  1.372337  1.028730
17.700000  1.369585  1.040312
17.750000  1.366824  1.051847
17.800000  1.362498  1.063463
17.850000  1.358175  1.075028
17.900000  1.352308  1.086565
17.950000  1.346455  1.098050
18.000000  1.339106  1.109391
18.050000  1.331782  1.120677
18.100000  1.323035  1.131700
18.150000  1.314323  1.142668
18.200000  1.304284  1.153250
18.250000  1.294290  1.163778
18.300000  1.283086  1.173799
18.350000  1.271936  1.183768
18.400000  1.259712  1.193114
18.450000  1.247549  1.202410
18.500000  1.234460  1.210973
18.550000  1.221438  1.219491
18.600000  1.207651  1.227176
18.650000  1.193933  1.234821
18.700000  1.179615  1.241544
18.750000  1.165368  1.248234
18.800000  1.150686  1.253929
18.850000  1.136077  1.259598
18.900000  1.121194  1.264213
18.950000  1.106382  1.268810
19.000000  1.091453  1.272312
19.050000  1.076593  1.275803
19.100000  1.061761  1.278175
19.150000  1.046993  1.280543
19.200000  1.032388  1.281786
19.250000  1.017842  1.283031
19.300000  1.003580  1.283159
19.350000  0.989371  1.283297
19.400000  0.975551  1.282341
19.450000  0.961779  1.281400
19.500000  0.948487  1.279402
19.550000  0.935236  1.277425
19.600000  0.922541  1.274439
19.650000  0.909882  1.271477
19.700000  0.897840  1.267564
19.750000  0.885828  1.263679
19.800000  0.874482  1.258907
19.850000  0.863162  1.254167
19.900000  0.852544  1.248610
19.950000  0.841946  1.243086
20.000000  0.832077  1.236821
20.050000  0.822224  1.230591
20.100000  0.813117  1.223695
20.150000  0.804023  1.216835
20.200000  0.795683  1.209387
20.250000  0.787353  1.201974
20.300000  0.779781  1.194051
20.350000  0.772215  1.186163
20.400000  0.765405  1.177840
20.450000  0.758599  1.169550
20.500000  0.752543  1.160900
20.550000  0.746489  1.152282
20.600000  0.741175  1.143373
20.650000  0.735862  1.134495
20.700000  0.731278  1.125393
20.750000  0.726694  1.116321
20.800000  0.722825  1.107087
20.850000  0.718955  1.097882
20.900000  0.715788  1.088574
20.950000  0.712618  1.079293
21.000000  0.710138  1.069964
21.050000  0.707653  1.060660
21.100000  0.705845  1.051359
21.150000  0.704033  1.042081
21.200000  0.702882  1.032854
21.250000  0.701728  1.023647
21.300000  0.701223  1.014534
21.350000  0.700713  1.005441
21.400000  0.700842  0.996479
21.450000  0.700965  0.987536
21.500000  0.701715  0.978761
21.550000  0.702461  0.970002
21.600000  0.703823  0.961444
21.650000  0.705179  0.952901
21.700000  0.707144  0.944588
21.750000  0.709103  0.936289
21.800000  0.711662  0.928246
21.850000  0.714215  0.920217
21.900000  0.717360  0.912467
21.950000  0.720500  0.904730
22.000000  0.724224  0.897295
22.050000  0.727943  0.889871
22.100000  0.732241  0.882769
22.150000  0.736533  0.875678
22.200000  0.741398  0.868926
22.250000  0.746256  0.862185
22.300000  0.751682  0.855800
22.350000  0.757102  0.849425
22.400000  0.763082  0.843420
22.450000  0.769056  0.837426
22.500000  0.775585  0.831817
22.550000  0.782107  0.826216
22.600000  0.789177  0.821015
22.650000  0.796239  0.815822
22.700000  0.803842  0.811041
22.750000  0.811436  0.806268
22.800000  0.819562  0.801919
22.850000  0.827679  0.797578
22.900000  0.836316  0.793673
22.950000  0.844944  0.789775
23.000000  0.854079  0.786325
23.050000  0.863203  0.782883
23.100000  0.872820  0.779899
23.150000  0.882426  0.776924
23.200000  0.892505  0.774419
23.250000  0.902572  0.771921
23.300000  0.913091  0.769906
23.350000  0.923596  0.767899
23.400000  0.934528  0.766386
23.450000  0.945444  0.764881
23.500000  0.956757  0.763882
23.550000  0.968052  0.762891
23.600000  0.979710  0.762420
23.650000  0.991348  0.761956
23.700000  1.003309  0.762024
23.750000  1.015247  0.762100
23.800000  1.027461  0.762721
23.850000  1.039651  0.763350
23.900000  1.052065  0.764538
23.950000  1.064451  0.765732
24.000000  1.077001  0.767499
24.050000  1.089522  0.769272
24.100000  1.102140  0.771631
24.150000  1.114725  0.773995
24.200000  1.127333  0.776958
24.250000  1.139905  0.779926
24.300000  1.152419  0.783505
24.350000  1.164894  0.787088
24.400000  1.177221  0.791293
24.450000  1.189506  0.795500
24.500000  1.201547  0.800338
24.550000  1.213542  0.805177
24.600000  1.225190  0.810654
24.650000  1.236789  0.816131
24.700000  1.247930  0.822249
24.750000  1.259021  0.828365
24.800000  1.269540  0.835123
24.850000  1.280005  0.841876
24.900000  1.289780  0.849267
24.950000  1.299500  0.856650
25.000000  1.308408  0.864661
25.050000  1.317262  0.872661
25.100000  1.325182  0.881272
25.150000  1.333049  0.889870
25.200000  1.339863  0.899055
25.250000  1.346625  0.908221
25.300000  1.352222  0.917943
25.350000  1.357770  0.927643
25.400000  1.362046  0.937856
25.450000  1.366278  0.948043
25.500000  1.369145  0.958691
25.550000  1.371973  0.969308
25.600000  1.373356  0.980325
25.650000  1.374707  0.991305
25.700000  1.374551  1.002611
25.750000  1.374372  1.013877
25.800000  1.372644  1.025386
25.850000  1.370902  1.036849
25.900000  1.367592  1.048460
25.950000  1.364279  1.060022
26.000000  1.359404  1.071628
26.050000  1.354535  1.083183
26.100000  1.348136  1.094670
26.150000  1.341755  1.106103
26.200000  1.333900  1.117351
26.250000  1.326073  1.128543
26.300000  1.316854  1.139430
26.350000  1.307674  1.150261
26.400000  1.297205  1.160664
26.450000  1.286784  1.171013
26.500000  1.275199  1.180814
26.550000  1.263671  1.190563
26.600000  1.251118  1.199649
26.650000  1.238629  1.208687
26.700000  1.225270  1.216955
26.750000  1.211978  1.225179
26.800000  1.197979  1.232537
26.850000  1.184050  1.239858
26.900000  1.169578  1.246229
26.950000  1.155179  1.252569
27.000000  1.140402  1.257892
27.050000  1.125697  1.263190
27.100000  1.110775  1.267418
27.150000  1.095923  1.271630
27.200000  1.081006  1.274737
27.250000  1.066157  1.277835
27.300000  1.051385  1.279809
27.350000  1.036675  1.281782
27.400000  1.022173  1.282630
27.450000  1.007728  1.283483
27.500000  0.993606  1.283225
27.550000  0.979535  1.282979
27.600000  0.965887  1.281650
27.650000  0.952285  1.280338
27.700000  0.939191  1.277984
27.750000  0.926137  1.275653
27.800000  0.913662  1.272331
27.850000  0.901221  1.269035
27.900000  0.889416  1.264809
27.950000  0.877639  1.260613
28.000000  0.866543  1.255554
28.050000  0.855471  1.250528
28.100000  0.845111  1.244710
28.150000  0.834771  1.238926
28.200000  0.825166  1.232428
28.250000  0.815577  1.225964
28.300000  0.806737  1.218862
28.350000  0.797909  1.211795
28.400000  0.789838  1.204168
28.450000  0.781775  1.196576
28.500000  0.774470  1.188501
28.550000  0.767171  1.180460
28.600000  0.760626  1.172010
28.650000  0.754084  1.163594
28.700000  0.748289  1.154841
28.750000  0.742496  1.146121
28.800000  0.737440  1.137134
28.850000  0.732384  1.128177
28.900000  0.728053  1.119019
28.950000  0.723720  1.109889
29.000000  0.720100  1.100620
29.050000  0.716477  1.091378
29.100000  0.713553  1.082054
29.150000  0.710625  1.072756
29.200000  0.708382  1.063429
29.250000  0.706136  1.054125
29.300000  0.704560  1.044842
29.350000  0.702981  1.035582
29.400000  0.702059  1.026387
29.450000  0.701133  1.017213
29.500000  0.700852  1.008146
29.550000  0.700567  0.999099
29.600000  0.700915  0.990197
29.650000  0.701259  0.981312
29.700000  0.702226  0.972607
29.750000  0.703188  0.963919
29.800000  0.704763  0.955441
29.850000  0.706333  0.946978
29.900000  0.708508  0.938755
29.950000  0.710678  0.930546
30.000000  0.713444  0.922602
30.050000  0.716205  0.914670
30.100000  0.719555  0.907027
30.150000  0.722900  0.899396
30.200000  0.726828  0.892073
30.250000  0.730750  0.884763
30.300000  0.735249  0.877780
30.350000  0.739742  0.870808
30.400000  0.744806  0.864182
30.450000  0.749864  0.857566
30.500000  0.755487  0.851312
30.550000  0.761103  0.845067
30.600000  0.767279  0.839199
30.650000  0.773448  0.833340
30.700000  0.780169  0.827871
30.750000  0.786883  0.822411
30.800000  0.794143  0.817355
30.850000  0.801395  0.812307
30.900000  0.809185  0.807675
30.950000  0.816966  0.803051
31.000000  0.825275  0.798856
31.050000  0.833575  0.794668
31.100000  0.842391  0.790921
31.150000  0.851197  0.787181
31.200000  0.860506  0.783893
31.250000  0.869804  0.780612
31.300000  0.879588  0.777795
31.350000  0.889361  0.774985
31.400000  0.899600  0.772650
31.450000  0.909826  0.770323
31.500000  0.920497  0.768482
31.550000  0.931152  0.766649
31.600000  0.942225  0.765315
31.650000  0.953282  0.763989
31.700000  0.964724  0.763174
31.750000  0.976147  0.762366
31.800000  0.987920  0.762083
31.850000  0.999673  0.761807
31.900000  1.011732  0.762068
31.950000  1.023768  0.762336
32.000000  1.036063  0.763155
32.050000  1.048333  0.763981
32.100000  1.060806  0.765370
32.150000  1.073251  0.766767
32.200000  1.085838  0.768740
32.250000  1.098393  0.770720
32.300000  1.111022  0.773290
32.350000  1.123616  0.775866
32.400000  1.136206  0.779045
32.450000  1.148758  0.782228
32.500000  1.161222  0.786027
32.550000  1.173646  0.789828
32.600000  1.185889  0.794256
32.650000  1.198089  0.798685
32.700000  1.210008  0.803748
32.750000  1.221882  0.808812
32.800000  1.233369  0.814516
32.850000  1.244808  0.820218
32.900000  1.255749  0.826564
32.950000  1.266638  0.832906
33.000000  1.276913  0.839889
33.050000  1.287136  0.846866
33.100000  1.296624  0.854479
33.150000  1.306058  0.862083
33.200000  1.314637  0.870310
33.250000  1.323162  0.878525
33.300000  1.330710  0.887344
33.350000  1.338206  0.896148
33.400000  1.344607  0.905529
33.450000  1.350959  0.914890
33.500000  1.356105  0.924794
33.550000  1.361205  0.934674
33.600000  1.364998  0.945051
33.650000  1.368748  0.955399
33.700000  1.371102  0.966189
33.750000  1.373420  0.976945
33.800000  1.374269  0.988077
33.850000  1.375088  0.999172
33.900000  1.374383  1.010564
33.950000  1.373657  1.021914
34.000000  1.371372  1.033475
34.050000  1.369077  1.044989
34.100000  1.365213  1.056616
34.150000  1.361348  1.068192
34.200000  1.355930  1.079775
34.250000  1.350521  1.091305
34.300000  1.343599  1.102727
34.350000  1.336698  1.114093
34.400000  1.328348  1.125233
34.450000  1.320030  1.136317
34.500000  1.310354  1.147053
34.550000  1.300719  1.157732
34.600000  1.289837  1.167942
34.650000  1.279006  1.178097
34.700000  1.267058  1.187664
34.750000  1.255169  1.197179
34.800000  1.242309  1.205993
34.850000  1.229514  1.214759
34.900000  1.215904  1.222721
34.950000  1.202364  1.230641
35.000000  1.188173  1.237663
35.050000  1.174053  1.244650
35.100000  1.159449  1.250661
35.150000  1.144918  1.256644
35.200000  1.130066  1.261588
35.250000  1.115285  1.266511
35.300000  1.100342  1.270348
35.350000  1.085469  1.274173
35.400000  1.070582  1.276883
35.450000  1.055761  1.279586
35.500000  1.041064  1.281164
35.550000  1.026429  1.282742
35.600000  1.012043  1.283198
35.650000  0.997712  1.283661
35.700000  0.983741  1.283021
35.750000  0.969820  1.282396
35.800000  0.956354  1.280699
35.850000  0.942932  1.279022
35.900000  0.930044  1.276320
35.950000  0.917195  1.273641
36.000000  0.904946  1.269992
36.050000  0.892730  1.266370
36.100000  0.881166  1.261841
36.150000  0.869630  1.257343
36.200000  0.858787  1.252006
36.250000  0.847966  1.246702
36.300000  0.837868  1.240634
36.350000  0.827787  1.234599
36.400000  0.818448  1.227877
36.450000  0.809122  1.221189
36.500000  0.800551  1.213891
36.550000  0.791989  1.206628
36.600000  0.784186  1.198831
36.650000  0.776390  1.191070
36.700000  0.769352  1.182851
36.750000  0.762318  1.174667
36.800000  0.756036  1.166100
36.850000  0.749758  1.157565
36.900000  0.744223  1.148719
36.950000  0.738689  1.139905
37.000000  0.733888  1.130847
37.050000  0.729087  1.121819
37.100000  0.725007  1.112612
37.150000  0.720924  1.103433
37.200000  0.717550  1.094136
37.250000  0.714173  1.084864
37.300000  0.711489  1.075531
37.350000  0.708802  1.066222
37.400000  0.706795  1.056902
37.450000  0.704784  1.047605
37.500000  0.703440  1.038346
37.550000  0.702091  1.029108
37.600000  0.701397  1.019951
37.650000  0.700697  1.010814
37.700000  0.700639  1.001798
37.750000  0.700576  0.992801
37.800000  0.701143  0.983962
37.850000  0.701705  0.975140
37.900000  0.702888  0.966510
37.950000  0.704065  0.957895
38.000000  0.705852  0.949501
38.050000  0.707634  0.941122
38.100000  0.710018  0.932992
38.150000  0.712397  0.924875
38.200000  0.715370  0.917032
38.250000  0.718338  0.909202
38.300000  0.721893  0.901667
38.350000  0.725442  0.894144
38.400000  0.729572  0.886937
38.450000  0.733696  0.879742
38.500000  0.738395  0.872880
38.550000  0.743088  0.866030
38.600000  0.748350  0.859531
38.650000  0.753606  0.853042
38.700000  0.759425  0.846920
38.750000  0.765238  0.840807
38.800000  0.771607  0.835076
38.850000  0.777970  0.829355
38.900000  0.784883  0.824028
38.950000  0.791789  0.818710
39.000000  0.799237  0.813800
39.050000  0.806678  0.808899
39.100000  0.814653  0.804417
39.150000  0.822620  0.799945
39.200000  0.831110  0.795904
39.250000  0.839591  0.791871
39.300000  0.848584  0.788282
39.350000  0.857567  0.784702
39.400000  0.867048  0.781576
39.450000  0.876517  0.778459
39.500000  0.886466  0.775809
39.550000  0.896403  0.773166
39.600000  0.906799  0.771003
39.650000  0.917182  0.768847
39.700000  0.928000  0.767182
39.750000  0.938803  0.765525
39.800000  0.950013  0.764372
39.850000  0.961205  0.763225
39.900000  0.972772  0.762595
39.950000  0.984319  0.761972
40.000000  0.996201  0.761878
40.050000  1.008062  0.761791
40.100000  1.020214  0.762247
40.150000  1.032342  0.762709
40.200000  1.044711  0.763727
40.250000  1.057053  0.764751
40.300000  1.069578  0.766345
40.350000  1.082074  0.767944
40.400000  1.094688  0.770126
40.450000  1.107270  0.772314
40.500000  1.119899  0.775097
40.550000  1.132493  0.777885
40.600000  1.145053  0.781281
40.650000  1.157576  0.784681
40.700000  1.169978  0.788700
40.750000  1.182339  0.792721
40.800000  1.194486  0.797372
40.850000  1.206587  0.802025
40.900000  1.218373  0.807314
40.950000  1.230111  0.812602
41.000000  1.241425  0.818533
41.050000  1.252689  0.824461
41.100000  1.263415  0.831033
41.150000  1.274088  0.837600
41.200000  1.284106  0.844807
41.250000  1.294070  0.852008
41.300000  1.303257  0.859840
41.350000  1.312390  0.867663
41.400000  1.320625  0.876103
41.450000  1.328806  0.884530
41.500000  1.335968  0.893554
41.550000  1.343079  0.902560
41.600000  1.349055  0.912133
41.650000  1.354982  0.921684
41.700000  1.359667  0.931764
41.750000  1.364306  0.941817
41.800000  1.367605  0.952350
41.850000  1.370863  0.962853
41.900000  1.372697  0.973775
41.950000  1.374497  0.984663
42.000000  1.374805  0.995901
42.050000  1.375087  1.007099
42.100000  1.373829  1.018566
42.150000  1.372554  1.029989
42.200000  1.369713  1.041589
42.250000  1.366865  1.053142
42.300000  1.362449  1.064771
42.350000  1.358037  1.076349
42.400000  1.352081  1.087893
42.450000  1.346139  1.099384
42.500000  1.338703  1.110726
42.550000  1.331291  1.122012
42.600000  1.322459  1.133028
42.650000  1.313663  1.143989
42.700000  1.303544  1.154558
42.750000  1.293470  1.165072
42.800000  1.282192  1.175073
42.850000  1.270969  1.185021
42.900000  1.258677  1.194339
42.950000  1.246446  1.203607
43.000000  1.233298  1.212136
43.050000  1.220217  1.220620
43.100000  1.206378  1.228264
43.150000  1.192609  1.235869
43.200000  1.178248  1.242547
43.250000  1.163959  1.249191
43.300000  1.149243  1.254836
43.350000  1.134600  1.260454
43.400000  1.119692  1.265015
43.450000  1.104855  1.269558
43.500000  1.089910  1.273002
43.550000  1.075032  1.276436
43.600000  1.060192  1.278749
43.650000  1.045416  1.281058
43.700000  1.030810  1.282240
43.750000  1.016263  1.283425
43.800000  1.002006  1.283492
43.850000  0.987803  1.283569
43.900000  0.973995  1.282553
43.950000  0.960235  1.281552
44.000000  0.946960  1.279495
44.050000  0.933726  1.277459
44.100000  0.921053  1.274415
44.150000  0.908415  1.271397
44.200000  0.896398  1.267429
44.250000  0.884412  1.263490
44.300000  0.873095  1.258666
44.350000  0.861803  1.253874
44.400000  0.851216  1.248269
44.450000  0.840650  1.242698
44.500000  0.830814  1.236388
44.550000  0.820994  1.230112
44.600000  0.811922  1.223176
44.650000  0.802862  1.216274
44.700000  0.794558  1.208790
44.750000  0.786263  1.201339
44.800000  0.778727  1.193383
44.850000  0.771198  1.185461
44.900000  0.764425  1.177109
44.950000  0.757655  1.168790
45.000000  0.751636  1.160114
45.050000  0.745619  1.151470
45.100000  0.740342  1.142539
45.150000  0.735066  1.133639
45.200000  0.730519  1.124519
45.250000  0.725971  1.115428
45.300000  0.722139  1.106179
45.350000  0.718305  1.096958
45.400000  0.715174  1.087639
45.450000  0.712041  1.078345
45.500000  0.709596  1.069008
45.550000  0.707148  1.059694
45.600000  0.705375  1.050388
45.650000  0.703598  1.041104
45.700000  0.702483  1.031873
45.750000  0.701363  1.022663
45.800000  0.700893  1.013548
45.850000  0.700418  1.004453
45.900000  0.700581  0.995493
45.950000  0.700739  0.986551
46.000000  0.701524  0.977779
46.050000  0.702303  0.969024
46.100000  0.703699  0.960471
46.150000  0.705090  0.951933
46.200000  0.707088  0.943627
46.250000  0.709081  0.935335
46.300000  0.711674  0.927300
46.350000  0.714261  0.919279
46.400000  0.717439  0.911540
46.450000  0.720612  0.903813
46.500000  0.724371  0.896389
46.550000  0.728123  0.888977
46.600000  0.732454  0.881887
46.650000  0.736780  0.874809
46.700000  0.741678  0.868071
46.750000  0.746571  0.861344
46.800000  0.752030  0.854974
46.850000  0.757483  0.848614
46.900000  0.763497  0.842626
46.950000  0.769505  0.836647
47.000000  0.776067  0.831055
47.050000  0.782623  0.825472
47.100000  0.789726  0.820289
47.150000  0.796822  0.815114
47.200000  0.804458  0.810352
47.250000  0.812086  0.805598
47.300000  0.820245  0.801269
47.350000  0.828396  0.796948
47.400000  0.837066  0.793063
47.450000  0.845727  0.789187
47.500000  0.854895  0.785758
47.550000  0.864053  0.782338
47.600000  0.873702  0.779377
47.650000  0.883340  0.776424
47.700000  0.893452  0.773942
47.750000  0.903550  0.771469
47.800000  0.914101  0.769478
47.850000  0.924637  0.767495
47.900000  0.935599  0.766007
47.950000  0.946545  0.764528
48.000000  0.957887  0.763555
48.050000  0.969212  0.762591
48.100000  0.980897  0.762147
48.150000  0.992563  0.761710
48.200000  1.004549  0.761807
48.250000  1.016513  0.761911
48.300000  1.028751  0.762562
48.350000  1.040965  0.763219
48.400000  1.053399  0.764438
48.450000  1.065806  0.765662
48.500000  1.078375  0.767461
48.550000  1.090913  0.769265
48.600000  1.103546  0.771657
48.650000  1.116146  0.774054
48.700000  1.128765  0.777051
48.750000  1.141348  0.780053
48.800000  1.153869  0.783667
48.850000  1.166350  0.787284
48.900000  1.178679  0.791524
48.950000  1.190965  0.795767
49.000000  1.203002  0.800642
49.050000  1.214994  0.805518
49.100000  1.226632  0.811033
49.150000  1.238221  0.816547
49.200000  1.249347  0.822704
49.250000  1.260422  0.828859
49.300000  1.270918  0.835656
49.350000  1.281362  0.842447
49.400000  1.291107  0.849877
49.450000  1.300798  0.857300
49.500000  1.309669  0.865350
49.550000  1.318486  0.873389
49.600000  1.326362  0.882040
49.650000  1.334185  0.890676
49.700000  1.340948  0.899899
49.750000  1.347660  0.909103
49.800000  1.353198  0.918862
49.850000  1.358688  0.928598
49.900000  1.362899  0.938847
49.950000  1.367067  0.949068
50.000000  1.369862  0.959749
50.050000  1.372619  0.970398
50.100000  1.373925  0.981444
50.150000  1.375200  0.992454
50.200000  1.374963  1.003787
50.250000  1.374703  1.015078
50.300000  1.372890  1.026608
50.350000  1.371064  1.038092
50.400000  1.367668  1.049720
50.450000  1.364268  1.061298
50.500000  1.359305  1.072915
50.550000  1.354349  1.084481
50.600000  1.347863  1.095972
50.650000  1.341395  1.107410
50.700000  1.333455  1.118656
50.750000  1.325544  1.129847
50.800000  1.316243  1.140725
50.850000  1.306982  1.151548
50.900000  1.296436  1.161936
50.950000  1.285940  1.172269
51.000000  1.274284  1.182047
51.050000  1.262685  1.191774
51.100000  1.250069  1.200831
51.150000  1.237516  1.209840
51.200000  1.224101  1.218072
51.250000  1.210754  1.226262
51.300000  1.196706  1.233579
51.350000  1.182730  1.240858
51.400000  1.168219  1.247183
51.450000  1.153781  1.253477
51.500000  1.138973  1.258749
51.550000  1.124238  1.263997
51.600000  1.109294  1.268171
51.650000  1.094420  1.272329
51.700000  1.079490  1.275379
51.750000  1.064626  1.278420
51.800000  1.049848  1.280336
51.850000  1.035133  1.282251
51.900000  1.020631  1.283039
51.950000  1.006187  1.283833
52.000000  0.992072  1.283516
52.050000  0.978009  1.283211
52.100000  0.964374  1.281823
52.150000  0.950785  1.280453
52.200000  0.937709  1.278042
52.250000  0.924673  1.275653
52.300000  0.912220  1.272276
52.350000  0.899801  1.268926
52.400000  0.888022  1.264648
52.450000  0.876272  1.260399
52.500000  0.865204  1.255291
52.550000  0.854160  1.250214
52.600000  0.843832  1.244351
52.650000  0.833522  1.238521
52.700000  0.823951  1.231980
52.750000  0.814394  1.225473
52.800000  0.805588  1.218332
52.850000  0.796794  1.211227
52.900000  0.788758  1.203565
52.950000  0.780730  1.195937
53.000000  0.773460  1.187831
53.050000  0.766197  1.179758
53.100000  0.759687  1.171281
53.150000  0.753181  1.162837
53.200000  0.747423  1.154060
53.250000  0.741666  1.145315
53.300000  0.736645  1.136308
53.350000  0.731625  1.127330
53.400000  0.727330  1.118155
53.450000  0.723033  1.109008
53.500000  0.719448  1.099725
53.550000  0.715861  1.090469
53.600000  0.712972  1.081135
53.650000  0.710079  1.071825
53.700000  0.707871  1.062490
53.750000  0.705660  1.053178
53.800000  0.704119  1.043890
53.850000  0.702574  1.034624
53.900000  0.701686  1.025427
53.950000  0.700794  1.016250
54.000000  0.700547  1.007183
54.050000  0.700296  0.998135
54.100000  0.700678  0.989234
54.150000  0.701055  0.980351
54.200000  0.702056  0.971650
54.250000  0.703051  0.962965
54.300000  0.704659  0.954493
54.350000  0.706263  0.946036
54.400000  0.708471  0.937820
54.450000  0.710673  0.929618
54.500000  0.713473  0.921682
54.550000  0.716266  0.913759
54.600000  0.719650  0.906126
54.650000  0.723027  0.898505
54.700000  0.726988  0.891194
54.750000  0.730943  0.883895
54.800000  0.735475  0.876925
54.850000  0.740001  0.869966
54.900000  0.745097  0.863354
54.950000  0.750188  0.856752
55.000000  0.755843  0.850512
55.050000  0.761493  0.844282
55.100000  0.767701  0.838430
55.150000  0.773903  0.832587
55.200000  0.780657  0.827135
55.250000  0.787405  0.821693
55.300000  0.794697  0.816654
55.350000  0.801983  0.811624
55.400000  0.809805  0.807011
55.450000  0.817619  0.802406
55.500000  0.825960  0.798231
55.550000  0.834293  0.794063
55.600000  0.843142  0.790336
55.650000  0.851980  0.786617
55.700000  0.861321  0.783350
55.750000  0.870652  0.780091
55.800000  0.880468  0.777295
55.850000  0.890272  0.774508
55.900000  0.900543  0.772196
55.950000  0.910800  0.769892
56.000000  0.921501  0.768076
56.050000  0.932187  0.766267
56.100000  0.943289  0.764958
56.150000  0.954375  0.763657
56.200000  0.965845  0.762868
56.250000  0.977297  0.762086
56.300000  0.989097  0.761829
56.350000  1.000875  0.761580
56.400000  1.012960  0.761869
56.450000  1.025020  0.762166
56.500000  1.037338  0.763014
56.550000  1.049630  0.763868
56.600000  1.062123  0.765288
56.650000  1.074588  0.766715
56.700000  1.087192  0.768720
56.750000  1.099764  0.770730
56.800000  1.112406  0.773333
56.850000  1.125013  0.775941
56.900000  1.137613  0.779153
56.950000  1.150175  0.782370
57.000000  1.162644  0.786203
57.050000  1.175073  0.790039
57.100000  1.187316  0.794502
57.150000  1.199516  0.798966
57.200000  1.211430  0.804066
57.250000  1.223298  0.809166
57.300000  1.234775  0.814907
57.350000  1.246203  0.820647
57.400000  1.257126  0.827030
57.450000  1.267998  0.833409
57.500000  1.278250  0.840431
57.550000  1.288448  0.847446
57.600000  1.297906  0.855098
57.650000  1.307309  0.862740
57.700000  1.315850  0.871005
57.750000  1.324337  0.879258
57.800000  1.331840  0.888116
57.850000  1.339291  0.896957
57.900000  1.345640  0.906376
57.950000  1.351940  0.915774
58.000000  1.357027  0.925713
58.050000  1.362068  0.935629
58.100000  1.365795  0.946039
58.150000  1.369480  0.956421
58.200000  1.371763  0.967242
58.250000  1.374010  0.978029
58.300000  1.374782  0.989189
58.350000  1.375525  1.000311
58.400000  1.374739  1.011728
58.450000  1.373933  1.023102
58.500000  1.371565  1.034682
58.550000  1.369187  1.046216
58.600000  1.365237  1.057857
58.650000  1.361288  1.069448
58.700000  1.355784  1.081040
58.750000  1.350290  1.092578
58.800000  1.343283  1.104003
58.850000  1.336297  1.115373
58.900000  1.327866  1.126509
58.950000  1.319466  1.137589
59.000000  1.309711  1.148314
59.050000  1.299999  1.158983
59.100000  1.289043  1.169176
59.150000  1.278140  1.179314
59.200000  1.266125  1.188856
59.250000  1.254169  1.198348
59.300000  1.241248  1.207131
59.350000  1.228393  1.215868
59.400000  1.214731  1.223793
59.450000  1.201139  1.231677
59.500000  1.186904  1.238657
59.550000  1.172740  1.245603
59.600000  1.158101  1.251567
59.650000  1.143534  1.257504
59.700000  1.128654  1.262397
59.750000  1.113847  1.267269
59.800000  1.098885  1.271054
59.850000  1.083992  1.274824
59.900000  1.069094  1.277478
59.950000  1.054261  1.280126
60.000000  1.039561  1.281646
60.050000  1.024922  1.283167
60.100000  1.010539  1.283564
60.150000  0.996211  1.283970
60.200000  0.982250  1.283273
60.250000  0.968337  1.282589
60.300000  0.954885  1.280836
60.350000  0.941477  1.279102
60.400000  0.928608  1.276345
60.450000  0.915778  1.273611
60.500000  0.903552  1.269909
60.550000  0.891358  1.266234
60.600000  0.879821  1.261655
60.650000  0.868310  1.257106
60.700000  0.857496  1.251722
60.750000  0.846704  1.246370
60.800000  0.836636  1.240258
60.850000  0.826585  1.234179
60.900000  0.817279  1.227416
60.950000  0.807986  1.220688
61.000000  0.799448  1.213353
61.050000  0.790919  1.206053
61.100000  0.783150  1.198223
61.150000  0.775388  1.190428
61.200000  0.768385  1.182180
61.250000  0.761386  1.173966
61.300000  0.755139  1.165373
61.350000  0.748895  1.156812
61.400000  0.743396  1.147944
61.450000  0.737897  1.139107
61.500000  0.733131  1.130030
61.550000  0.728365  1.120983
61.600000  0.724319  1.111760
61.650000  0.720272  1.102565
61.700000  0.716932  1.093255
61.750000  0.713589  1.083971
61.800000  0.710940  1.074627
61.850000  0.708287  1.065308
61.900000  0.706314  1.055981
61.950000  0.704337  1.046678
62.000000  0.703026  1.037414
62.050000  0.701711  1.028171
62.100000  0.701049  1.019012
62.150000  0.700383  1.009873
62.200000  0.700358  1.000858
62.250000  0.700328  0.991861
62.300000  0.700928  0.983024
62.350000  0.701523  0.974204
62.400000  0.702738  0.965577
62.450000  0.703947  0.956966
62.500000  0.705767  0.948578
62.550000  0.707582  0.940205
62.600000  0.709998  0.932082
62.650000  0.712409  0.923973
62.700000  0.715414  0.916139
62.750000  0.718414  0.908317
62.800000  0.722001  0.900792
62.850000  0.725582  0.893280
62.900000  0.729744  0.886085
62.950000  0.733901  0.878900
63.000000  0.738632  0.872052
63.050000  0.743357  0.865214
63.100000  0.748651  0.858729
63.150000  0.753939  0.852254
63.200000  0.759790  0.846147
63.250000  0.765635  0.840049
63.300000  0.772037  0.834334
63.350000  0.778432  0.828628
63.400000  0.785377  0.823318
63.450000  0.792315  0.818017
63.500000  0.799796  0.813125
63.550000  0.807269  0.808241
63.600000  0.815276  0.803778
63.650000  0.823274  0.799324
63.700000  0.831797  0.795303
63.750000  0.840310  0.791289
63.800000  0.849335  0.787721
63.850000  0.858350  0.784160
63.900000  0.867862  0.781056
63.950000  0.877362  0.777960
64.000000  0.887343  0.775332
64.050000  0.897310  0.772712
64.100000  0.907737  0.770571
64.150000  0.918150  0.768438
64.200000  0.928998  0.766797
64.250000  0.939830  0.765164
64.300000  0.951069  0.764035
64.350000  0.962290  0.762913
64.400000  0.973883  0.762309
64.450000  0.985458  0.761711
64.500000  0.997366  0.761644
64.550000  1.009252  0.761584
64.600000  1.021428  0.762067
64.650000  1.033580  0.762557
64.700000  1.045970  0.763603
64.750000  1.058333  0.764656
64.800000  1.070877  0.766279
64.850000  1.083391  0.767909
64.900000  1.096021  0.770122
64.950000  1.108619  0.772340
65.000000  1.121260  0.775155
65.050000  1.133866  0.777975
65.100000  1.146435  0.781404
65.150000  1.158965  0.784836
65.200000  1.171372  0.788889
65.250000  1.183736  0.792945
65.300000  1.195881  0.797631
65.350000  1.207982  0.802318
65.400000  1.219761  0.807643
65.450000  1.231492  0.812968
65.500000  1.242794  0.818935
65.550000  1.254045  0.824900
65.600000  1.264752  0.831509
65.650000  1.275407  0.838113
65.700000  1.285399  0.845358
65.750000  1.295338  0.852596
65.800000  1.304493  0.860466
65.850000  1.313594  0.868326
65.900000  1.321790  0.876804
65.950000  1.329932  0.885269
66.000000  1.337048  0.894329
66.050000  1.344113  0.903372
66.100000  1.350036  0.912981
66.150000  1.355910  0.922568
66.200000  1.360535  0.932682
66.250000  1.365115  0.942770
66.300000  1.368348  0.953335
66.350000  1.371541  0.963870
66.400000  1.373303  0.974822
66.450000  1.375032  0.985739
66.500000  1.375264  0.997003
66.550000  1.375470  1.008227
66.600000  1.374133  1.019717
66.650000  1.372778  1.031162
66.700000  1.369855  1.042780
66.750000  1.366925  1.054350
66.800000  1.362426  1.065992
66.850000  1.357930  1.077582
66.900000  1.351890  1.089134
66.950000  1.345865  1.100632
67.000000  1.338347  1.111974
67.050000  1.330854  1.123261
67.100000  1.321942  1.134273
67.150000  1.313067  1.145228
67.200000  1.302873  1.155785
67.250000  1.292725  1.166286
67.300000  1.281377  1.176269
67.350000  1.270084  1.186198
67.400000  1.257728  1.195491
67.450000  1.245434  1.204734
67.500000  1.232230  1.213232
67.550000  1.219092  1.221684
67.600000  1.205204  1.229292
67.650000  1.191387  1.236859
67.700000  1.176985  1.243495
67.750000  1.162656  1.250097
67.800000  1.147908  1.255695
67.850000  1.133232  1.261267
67.900000  1.118300  1.265777
67.950000  1.103439  1.270270
68.000000  1.088477  1.273661
68.050000  1.073584  1.277042
68.100000  1.058735  1.279299
68.150000  1.043950  1.281553
68.200000  1.029342  1.282679
68.250000  1.014793  1.283808
68.300000  1.000541  1.283818
68.350000  0.986343  1.283839
68.400000  0.972545  1.282766
68.450000  0.958795  1.281710
68.500000  0.945535  1.279597
68.550000  0.932316  1.277507
68.600000  0.919663  1.274409
68.650000  0.907044  1.271338
68.700000  0.895051  1.267319
68.750000  0.883088  1.263329
68.800000  0.871797  1.258457
68.850000  0.860531  1.253617
68.900000  0.849972  1.247966
68.950000  0.839434  1.242349
69.000000  0.829629  1.235998
69.050000  0.819839  1.229680
69.100000  0.810799  1.222705
69.150000  0.801770  1.215765
69.200000  0.793499  1.208245
69.250000  0.785237  1.200760
69.300000  0.777735  1.192772
69.350000  0.770238  1.184819
69.400000  0.763499  1.176439
69.450000  0.756764  1.168092
69.500000  0.750779  1.159392
69.550000  0.744795  1.150723
69.600000  0.739553  1.141771
69.650000  0.734310  1.132850
69.700000  0.729798  1.123712
69.750000  0.725283  1.114603
69.800000  0.721486  1.105340
69.850000  0.717685  1.096105
69.900000  0.714588  1.086773
69.950000  0.711488  1.077468
70.000000  0.709077  1.068122
70.050000  0.706661  1.058799
70.100000  0.704921  1.049486
70.150000  0.703177  1.040196
70.200000  0.702095  1.030961
70.250000  0.701008  1.021747
70.300000  0.700570  1.012631
70.350000  0.700128  1.003535
70.400000  0.700323  0.994576
70.450000  0.700513  0.985634
70.500000  0.701329  0.976864
70.550000  0.702141  0.968112
70.600000  0.703568  0.959563
70.650000  0.704991  0.951029
70.700000  0.707021  0.942729
70.750000  0.709045  0.934443
70.800000  0.711669  0.926416
70.850000  0.714287  0.918403
70.900000  0.717497  0.910672
70.950000  0.720702  0.902954
71.000000  0.724491  0.895541
71.050000  0.728275  0.888139
71.100000  0.732638  0.881061
71.150000  0.736995  0.873994
71.200000  0.741925  0.867269
71.250000  0.746848  0.860554
71.300000  0.752339  0.854198
71.350000  0.757824  0.847851
71.400000  0.763869  0.841878
71.450000  0.769908  0.835914
71.500000  0.776502  0.830338
71.550000  0.783089  0.824771
71.600000  0.790224  0.819604
71.650000  0.797352  0.814446
71.700000  0.805020  0.809701
71.750000  0.812679  0.804965
71.800000  0.820870  0.800654
71.850000  0.829051  0.796351
71.900000  0.837753  0.792486
71.950000  0.846445  0.788628
72.000000  0.855645  0.785220
72.050000  0.864833  0.781819
72.100000  0.874514  0.778879
72.150000  0.884182  0.775947
72.200000  0.894324  0.773487
72.250000  0.904453  0.771035
72.300000  0.915033  0.769067
72.350000  0.925598  0.767107
72.400000  0.936589  0.765643
72.450000  0.947564  0.764186
72.500000  0.958934  0.763238
72.550000  0.970286  0.762298
72.600000  0.981998  0.761879
72.650000  0.993690  0.761468
72.700000  1.005701  0.761591
72.750000  1.017689  0.761721
72.800000  1.029950  0.762400
72.850000  1.042186  0.763085
72.900000  1.054641  0.764331
72.950000  1.067068  0.765584
73.000000  1.079655  0.767412
73.050000  1.092211  0.769246
73.100000  1.104858  0.771668
73.150000  1.117472  0.774095
73.200000  1.130102  0.777124
73.250000  1.142696  0.780157
73.300000  1.155224  0.783803
73.350000  1.167711  0.787453
73.400000  1.180043  0.791727
73.450000  1.192332  0.796004
73.500000  1.204366  0.800913
73.550000  1.216355  0.805823
73.600000  1.227985  0.811374
73.650000  1.239566  0.816923
73.700000  1.250679  0.823116
73.750000  1.261740  0.829306
73.800000  1.272216  0.836140
73.850000  1.282639  0.842968
73.900000  1.292357  0.850435
73.950000  1.302022  0.857894
74.000000  1.310860  0.865981
74.050000  1.319644  0.874057
74.100000  1.327480  0.882745
74.150000  1.335262  0.891417
74.200000  1.341978  0.900676
74.250000  1.348643  0.909916
74.300000  1.354127  0.919710
74.350000  1.359563  0.929481
74.400000  1.363715  0.939763
74.450000  1.367822  0.950017
74.500000  1.370552  0.960729
74.550000  1.373243  0.971409
74.600000  1.374478  0.982483
74.650000  1.375682  0.993521
74.700000  1.375369  1.004878
74.750000  1.375034  1.016194
74.800000  1.373143  1.027744
74.850000  1.371238  1.039249
74.900000  1.367761  1.050893
74.950000  1.364280  1.062487
75.000000  1.359236  1.074116
75.050000  1.354199  1.085691
75.100000  1.347631  1.097189
75.150000  1.341082  1.108631
75.200000  1.333063  1.119877
75.250000  1.325073  1.131066
75.300000  1.315696  1.141937
75.350000  1.306358  1.152752
75.400000  1.295741  1.163127
75.450000  1.285172  1.173446
75.500000  1.273450  1.183205
75.550000  1.261785  1.192911
75.600000  1.249109  1.201942
75.650000  1.236496  1.210924
75.700000  1.223028  1.219125
75.750000  1.209628  1.227282
75.800000  1.195535  1.234561
75.850000  1.181514  1.241803
75.900000  1.166966  1.248085
75.950000  1.152491  1.254337
76.000000  1.137654  1.259562
76.050000  1.122889  1.264763
76.100000  1.107924  1.268887
76.150000  1.093029  1.272996
76.200000  1.078085  1.275993
76.250000  1.063207  1.278982
76.300000  1.048423  1.280843
76.350000  1.033701  1.282704
76.400000  1.019200  1.283437
76.450000  1.004756  1.284176
76.500000  0.990647  1.283803
76.550000  0.976590  1.283443
76.600000  0.962966  1.282001
76.650000  0.949389  1.280576
76.700000  0.936329  1.278112
76.750000  0.923309  1.275671
76.800000  0.910876  1.272242
76.850000  0.898477  1.268840
76.900000  0.886721  1.264513
76.950000  0.874994  1.260216
77.000000  0.863953  1.255061
77.050000  0.852934  1.249938
77.100000  0.842634  1.244032
77.150000  0.832353  1.238159
77.200000  0.822811  1.231577
77.250000  0.813284  1.225030
77.300000  0.804510  1.217853
77.350000  0.795747  1.210711
77.400000  0.787743  1.203016
77.450000  0.779746  1.195355
77.500000  0.772510  1.187219
77.550000  0.765278  1.179116
77.600000  0.758802  1.170613
77.650000  0.752329  1.162142
77.700000  0.746604  1.153343
77.750000  0.740880  1.144576
77.800000  0.735893  1.135548
77.850000  0.730905  1.126551
77.900000  0.726643  1.117359
77.950000  0.722379  1.108196
78.000000  0.718827  1.098900
78.050000  0.715273  1.089630
78.100000  0.712416  1.080285
78.150000  0.709556  1.070965
78.200000  0.707381  1.061622
78.250000  0.705201  1.052302
78.300000  0.703692  1.043009
78.350000  0.702179  1.033737
78.400000  0.701323  1.024537
78.450000  0.700463  1.015356
78.500000  0.700248  1.006288
78.550000  0.700028  0.997239
78.600000  0.700441  0.988340
78.650000  0.700849  0.979458
78.700000  0.701881  0.970759
78.750000  0.702907  0.962077
78.800000  0.704546  0.953610
78.850000  0.706181  0.945157
78.900000  0.708419  0.936947
78.950000  0.710653  0.928752
79.000000  0.713483  0.920824
79.050000  0.716307  0.912909
79.100000  0.719721  0.905284
79.150000  0.723129  0.897672
79.200000  0.727121  0.890372
79.250000  0.731106  0.883083
79.300000  0.735668  0.876125
79.350000  0.740225  0.869177
79.400000  0.745352  0.862577
79.450000  0.750474  0.855988
79.500000  0.756160  0.849762
79.550000  0.761840  0.843546
79.600000  0.768079  0.837708
79.650000  0.774312  0.831879
79.700000  0.781097  0.826443
79.750000  0.787875  0.821016
79.800000  0.795199  0.815994
79.850000  0.802515  0.810980
79.900000  0.810368  0.806384
79.950000  0.818213  0.801797
80.000000  0.826585  0.797639
80.050000  0.834949  0.793489
80.100000  0.843828  0.789781
80.150000  0.852697  0.786081
80.200000  0.862069  0.782833
80.250000  0.871429  0.779594
80.300000  0.881275  0.776819
80.350000  0.891110  0.774053
80.400000  0.901410  0.771762
80.450000  0.911697  0.769480
80.500000  0.922426  0.767685
80.550000  0.933141  0.765899
80.600000  0.944271  0.764613
80.650000  0.955385  0.763335
80.700000  0.966882  0.762570
80.750000  0.978360  0.761812
80.800000  0.990185  0.761580
80.850000  1.001989  0.761356
80.900000  1.014097  0.761671
80.950000  1.026182  0.761993
81.000000  1.038521  0.762868
81.050000  1.050834  0.763750
81.100000  1.063347  0.765198
81.150000  1.075831  0.766652
81.200000  1.088451  0.768686
81.250000  1.101040  0.770726
81.300000  1.113695  0.773358
81.350000  1.126316  0.775996
81.400000  1.138925  0.779240
81.450000  1.151497  0.782487
81.500000  1.163972  0.786352
81.550000  1.176406  0.790220
81.600000  1.188650  0.794716
81.650000  1.200851  0.799214
81.700000  1.212762  0.804348
81.750000  1.224626  0.809482
81.800000  1.236093  0.815257
81.850000  1.247511  0.821032
81.900000  1.258419  0.827450
81.950000  1.269276  0.833865
82.000000  1.279507  0.840923
82.050000  1.289684  0.847974
82.100000  1.299113  0.855661
82.150000  1.308489  0.863340
82.200000  1.316995  0.871641
82.250000  1.325447  0.879930
82.300000  1.332910  0.888823
82.350000  1.340319  0.897700
82.400000  1.346621  0.907154
82.450000  1.352872  0.916587
82.500000  1.357906  0.926560
82.550000  1.362892  0.936509
82.600000  1.366559  0.946951
82.650000  1.370184  0.957365
82.700000  1.372401  0.968215
82.750000  1.374582  0.979032
82.800000  1.375283  0.990219
82.850000  1.375956  1.001367
82.900000  1.375095  1.012807
82.950000  1.374214  1.024204
83.000000  1.371769  1.035803
83.050000  1.369313  1.047356
83.100000  1.365284  1.059011
83.150000  1.361256  1.070617
83.200000  1.355672  1.082217
83.250000  1.350099  1.093765
83.300000  1.343012  1.105193
83.350000  1.335949  1.116566
83.400000  1.327440  1.127699
83.450000  1.318964  1.138777
83.500000  1.309136  1.149493
83.550000  1.299350  1.160154
83.600000  1.288326  1.170331
83.650000  1.277354  1.180454
83.700000  1.265276  1.189975
83.750000  1.253257  1.199445
83.800000  1.240280  1.208201
83.850000  1.227369  1.216910
83.900000  1.213657  1.224802
83.950000  1.200016  1.232653
84.000000  1.185738  1.239595
84.050000  1.171534  1.246502
84.100000  1.156860  1.252424
84.150000  1.142259  1.258318
84.200000  1.127353  1.263165
84.250000  1.112519  1.267991
84.300000  1.097539  1.271725
84.350000  1.082627  1.275446
84.400000  1.067718  1.278048
84.450000  1.052874  1.280645
84.500000  1.038170  1.282111
84.550000  1.023526  1.283579
84.600000  1.009145  1.283923
84.650000  0.994819  1.284275
84.700000  0.980865  1.283524
84.750000  0.966960  1.282787
84.800000  0.953520  1.280981
84.850000  0.940124  1.279194
84.900000  0.927272  1.276385
84.950000  0.914458  1.273600
85.000000  0.902253  1.269848
85.050000  0.890079  1.266125
85.100000  0.878566  1.261498
85.150000  0.867079  1.256902
85.200000  0.856290  1.251474
85.250000  0.845524  1.246078
85.300000  0.835484  1.239924
85.350000  0.825461  1.233805
85.400000  0.816184  1.227004
85.450000  0.806920  1.220237
85.500000  0.798413  1.212867
85.550000  0.789915  1.205532
85.600000  0.782177  1.197672
85.650000  0.774447  1.189845
85.700000  0.767475  1.181569
85.750000  0.760507  1.173327
85.800000  0.754293  1.164709
85.850000  0.748081  1.156124
85.900000  0.742614  1.147234
85.950000  0.737147  1.138375
86.000000  0.732414  1.129280
86.050000  0.727679  1.120215
86.100000  0.723666  1.110977
86.150000  0.719650  1.101767
86.200000  0.716342  1.092444
86.250000  0.713031  1.083148
86.300000  0.710413  1.073794
86.350000  0.707792  1.064466
86.400000  0.705851  1.055132
86.450000  0.703905  1.045821
86.500000  0.702625  1.036552
86.550000  0.701341  1.027305
86.600000  0.700710  1.018143
86.650000  0.700075  1.009002
86.700000  0.700080  0.999986
86.750000  0.700081  0.990988
86.800000  0.700711  0.982153
86.850000  0.701336  0.973334
86.900000  0.702581  0.964711
86.950000  0.703821  0.956103
87.000000  0.705671  0.947720
87.050000  0.707515  0.939352
87.100000  0.709962  0.931235
87.150000  0.712403  0.923132
87.200000  0.715438  0.915306
87.250000  0.718467  0.907492
87.300000  0.722084  0.899976
87.350000  0.725695  0.892473
87.400000  0.729887  0.885288
87.450000  0.734074  0.878114
87.500000  0.738835  0.871277
87.550000  0.743590  0.864451
87.600000  0.748914  0.857978
87.650000  0.754232  0.851515
87.700000  0.760113  0.845421
87.750000  0.765988  0.839337
87.800000  0.772420  0.833636
87.850000  0.778845  0.827945
87.900000  0.785820  0.822650
87.950000  0.792788  0.817364
88.000000  0.800299  0.812488
88.050000  0.807803  0.807621
88.100000  0.815840  0.803175
88.150000  0.823869  0.798737
88.200000  0.832421  0.794734
88.250000  0.840965  0.790738
88.300000  0.850019  0.787189
88.350000  0.859064  0.783647
88.400000  0.868606  0.780562
88.450000  0.878136  0.777485
88.500000  0.888145  0.774877
88.550000  0.898142  0.772277
88.600000  0.908598  0.770157
88.650000  0.919040  0.768046
88.700000  0.929916  0.766426
88.750000  0.940776  0.764815
88.800000  0.952041  0.763709
88.850000  0.963289  0.762610
88.900000  0.974909  0.762029
88.950000  0.986509  0.761455
89.000000  0.998441  0.761413
89.050000  1.010352  0.761377
89.100000  1.022551  0.761886
89.150000  1.034725  0.762401
89.200000  1.047136  0.763474
89.250000  1.059520  0.764554
89.300000  1.072082  0.766204
89.350000  1.084614  0.767861
89.400000  1.097260  0.770103
89.450000  1.109873  0.772350
89.500000  1.122526  0.775194
89.550000  1.135144  0.778044
89.600000  1.147721  0.781503
89.650000  1.160260  0.784966
89.700000  1.172671  0.789051
89.750000  1.185040  0.793138
89.800000  1.197185  0.797857
89.850000  1.209285  0.802577
89.900000  1.221059  0.807935
89.950000  1.232785  0.813293
90.000000  1.244076  0.819294
90.050000  1.255316  0.825293
90.100000  1.266007  0.831937
90.150000  1.276646  0.838576
90.200000  1.286615  0.845856
90.250000  1.296531  0.853129
90.300000  1.305658  0.861035
90.350000  1.314730  0.868930
90.400000  1.322890  0.877444
90.450000  1.330996  0.885943
90.500000  1.338071  0.895038
90.550000  1.345093  0.904116
90.600000  1.350968  0.913758
90.650000  1.356793  0.923379
90.700000  1.361364  0.933526
90.750000  1.365889  0.943646
90.800000  1.369061  0.954242
90.850000  1.372193  0.964807
90.900000  1.373890  0.975788
90.950000  1.375553  0.986733
91.000000  1.375715  0.998022
91.050000  1.375851  1.009271
91.100000  1.374440  1.020782
91.150000  1.373011  1.032249
91.200000  1.370012  1.043884
91.250000  1.367006  1.055472
91.300000  1.362429  1.067126
91.350000  1.357856  1.078729
91.400000  1.351739  1.090288
91.450000  1.345636  1.101793
91.500000  1.338041  1.113137
91.550000  1.330472  1.124426
91.600000  1.321486  1.135433
91.650000  1.312538  1.146384
91.700000  1.302273  1.156930
91.750000  1.292055  1.167421
91.800000  1.280641  1.177387
91.850000  1.269283  1.187300
91.900000  1.256868  1.196570
91.950000  1.244514  1.205791
92.000000  1.231257  1.214260
92.050000  1.218066  1.222684
92.100000  1.204132  1.230258
92.150000  1.190269  1.237792
92.200000  1.175829  1.244389
92.250000  1.161461  1.250953
92.300000  1.146681  1.256507
92.350000  1.131975  1.262037
92.400000  1.117020  1.266501
92.450000  1.102135  1.270947
92.500000  1.087158  1.274289
92.550000  1.072248  1.277621
92.600000  1.057390  1.279828
92.650000  1.042595  1.282031
92.700000  1.027985  1.283104
92.750000  1.013434  1.284181
92.800000  0.999185  1.284139
92.850000  0.984990  1.284108
92.900000  0.971201  1.282983
92.950000  0.957459  1.281874
93.000000  0.944213  1.279711
93.050000  0.931007  1.277569
93.100000  0.918371  1.274422
93.150000  0.905770  1.271301
93.200000  0.893797  1.267235
93.250000  0.881854  1.263197
93.300000  0.870587  1.258280
93.350000  0.859344  1.253395
93.400000  0.848812  1.247702
93.450000  0.838299  1.242043
93.500000  0.828521  1.235652
93.550000  0.818759  1.229295
93.600000  0.809747  1.222284
93.650000  0.800748  1.215308
93.700000  0.792507  1.207755
93.750000  0.784274  1.200237
93.800000  0.776803  1.192219
93.850000  0.769337  1.184236
93.900000  0.762629  1.175830
93.950000  0.755924  1.167457
94.000000  0.749970  1.158733
94.050000  0.744018  1.150041
94.100000  0.738807  1.141070
94.150000  0.733596  1.132128
94.200000  0.729114  1.122973
94.250000  0.724631  1.113847
94.300000  0.720864  1.104570
94.350000  0.717095  1.095320
94.400000  0.714029  1.085978
94.450000  0.710959  1.076661
94.500000  0.708579  1.067306
94.550000  0.706194  1.057975
94.600000  0.704484  1.048656
94.650000  0.702771  1.039359
94.700000  0.701718  1.030120
94.750000  0.700662  1.020902
94.800000  0.700254  1.011784
94.850000  0.699841  1.002686
94.900000  0.700066  0.993726
94.950000  0.700285  0.984785
95.000000  0.701131  0.976017
95.050000  0.701972  0.967266
95.100000  0.703429  0.958721
95.150000  0.704881  0.950191
95.200000  0.706940  0.941896
95.250000  0.708994  0.933615
95.300000  0.711647  0.925594
95.350000  0.714294  0.917587
95.400000  0.717534  0.909865
95.450000  0.720767  0.902155
95.500000  0.724586  0.894750
95.550000  0.728399  0.887357
95.600000  0.732791  0.880290
95.650000  0.737177  0.873233
95.700000  0.742136  0.866519
95.750000  0.747089  0.859816
95.800000  0.752609  0.853472
95.850000  0.758123  0.847138
95.900000  0.764198  0.841178
95.950000  0.770266  0.835227
96.000000  0.776889  0.829665
96.050000  0.783506  0.824112
96.100000  0.790670  0.818960
96.150000  0.797828  0.813817
96.200000  0.805525  0.809088
96.250000  0.813214  0.804368
96.300000  0.821434  0.800073
96.350000  0.829645  0.795787
96.400000  0.838376  0.791939
96.450000  0.847098  0.788100
96.500000  0.856326  0.784709
96.550000  0.865544  0.781327
96.600000  0.875253  0.778406
96.650000  0.884951  0.775493
96.700000  0.895121  0.773053
96.750000  0.905278  0.770621
96.800000  0.915886  0.768673
96.850000  0.926480  0.766734
96.900000  0.937498  0.765291
96.950000  0.948500  0.763856
97.000000  0.959896  0.762931
97.050000  0.971274  0.762013
97.100000  0.983011  0.761617
97.150000  0.994728  0.761229
97.200000  1.006762  0.761376
97.250000  1.018774  0.761531
97.300000  1.031057  0.762234
97.350000  1.043315  0.762945
97.400000  1.055789  0.764217
97.450000  1.068236  0.765496
97.500000  1.080840  0.767351
97.550000  1.093413  0.769212
97.600000  1.106075  0.771662
97.650000  1.118703  0.774118
97.700000  1.131344  0.777176
97.750000  1.143949  0.780238
97.800000  1.156484  0.783915
97.850000  1.168979  0.787595
97.900000  1.181313  0.791900
97.950000  1.193605  0.796207
98.000000  1.205638  0.801149
98.050000  1.217625  0.806091
98.100000  1.229249  0.811674
98.150000  1.240824  0.817257
98.200000  1.251924  0.823483
98.250000  1.262974  0.829707
98.300000  1.273432  0.836575
98.350000  1.283837  0.843437
98.400000  1.293532  0.850939
98.450000  1.303173  0.858432
98.500000  1.311981  0.866554
98.550000  1.320735  0.874664
98.600000  1.328534  0.883386
98.650000  1.336280  0.892093
98.700000  1.342954  0.901386
98.750000  1.349575  0.910660
98.800000  1.355011  0.920486
98.850000  1.360398  0.930290
98.900000  1.364494  0.940603
98.950000  1.368547  0.950888
99.000000  1.371215  0.961630
99.050000  1.373846  0.972339
99.100000  1.375016  0.983440
99.150000  1.376154  0.994504
99.200000  1.375772  1.005885
99.250000  1.375367  1.017225
99.300000  1.373403  1.028795
99.350000  1.371426  1.040320
99.400000  1.367873  1.051979
99.450000  1.364318  1.063589
99.500000  1.359198  1.075228
99.550000  1.354085  1.086815
99.600000  1.347442  1.098318
99.650000  1.340818  1.109766
99.700000  1.332725  1.121011
99.750000  1.324661  1.132201
99.800000  1.315213  1.143066
99.850000  1.305804  1.153876
99.900000  1.295119  1.164238
99.950000  1.284484  1.174546
100.000000  1.272699  1.184286
