   t     nR      nF
0.000000  0.800000  0.800000
0.050000  0.808000  0.796800
0.100000  0.816419  0.793881
0.150000  0.824833  0.790966
0.200000  0.833660  0.788339
0.250000  0.842483  0.785716
0.300000  0.851713  0.783388
0.350000  0.860938  0.781065
0.400000  0.870562  0.779043
0.450000  0.880180  0.777027
0.500000  0.890188  0.775319
0.550000  0.900189  0.773616
0.600000  0.910567  0.772231
0.650000  0.920937  0.770849
0.700000  0.931670  0.769793
0.750000  0.942394  0.768741
0.800000  0.953464  0.768021
0.850000  0.964523  0.767307
0.900000  0.975908  0.766933
0.950000  0.987280  0.766563
1.000000  0.998955  0.766542
1.050000  1.010615  0.766526
1.100000  1.022550  0.766868
1.150000  1.034469  0.767214
1.200000  1.046631  0.767926
1.250000  1.058776  0.768642
1.300000  1.071126  0.769733
1.350000  1.083459  0.770828
1.400000  1.095956  0.772306
1.450000  1.108433  0.773788
1.500000  1.121030  0.775662
1.550000  1.133605  0.777540
1.600000  1.146249  0.779818
1.650000  1.158868  0.782099
1.700000  1.171500  0.784788
1.750000  1.184106  0.787480
1.800000  1.196665  0.790587
1.850000  1.209195  0.793696
1.900000  1.221611  0.797228
1.950000  1.233997  0.800762
2.000000  1.246197  0.804723
2.050000  1.258365  0.808686
2.100000  1.270271  0.813081
2.150000  1.282143  0.817476
2.200000  1.293674  0.822307
2.250000  1.305167  0.827136
2.300000  1.316235  0.832403
2.350000  1.327265  0.837668
2.400000  1.337781  0.843369
2.450000  1.348258  0.849066
2.500000  1.358131  0.855197
2.550000  1.367964  0.861322
2.600000  1.377101  0.867874
2.650000  1.386199  0.874420
2.700000  1.394509  0.881382
2.750000  1.402780  0.888336
2.800000  1.410173  0.895694
2.850000  1.417528  0.903042
2.900000  1.423917  0.910776
2.950000  1.430270  0.918498
3.000000  1.435574  0.926584
3.050000  1.440844  0.934656
3.100000  1.444989  0.943066
3.150000  1.449103  0.951459
3.200000  1.452024  0.960158
3.250000  1.454916  0.968838
3.300000  1.456557  0.977787
3.350000  1.458175  0.986716
3.400000  1.458494  0.995871
3.450000  1.458796  1.005003
3.500000  1.457765  1.014314
3.550000  1.456721  1.023601
3.600000  1.454327  1.033014
3.650000  1.451926  1.042401
3.700000  1.448170  1.051858
3.750000  1.444415  1.061286
3.800000  1.439318  1.070724
3.850000  1.434228  1.080132
3.900000  1.427825  1.089485
3.950000  1.421437  1.098807
4.000000  1.413781  1.108008
4.050000  1.406146  1.117178
4.100000  1.397304  1.126158
4.150000  1.388490  1.135106
4.200000  1.378544  1.143797
4.250000  1.368633  1.152456
4.300000  1.357679  1.160790
4.350000  1.346764  1.169094
4.400000  1.334906  1.177006
4.450000  1.323091  1.184890
4.500000  1.310443  1.192319
4.550000  1.297842  1.199722
4.600000  1.284522  1.206612
4.650000  1.271252  1.213478
4.700000  1.257384  1.219779
4.750000  1.243567  1.226058
4.800000  1.229272  1.231724
4.850000  1.215030  1.237372
4.900000  1.200431  1.242366
4.950000  1.185884  1.247347
5.000000  1.171098  1.251641
5.050000  1.156364  1.255924
5.100000  1.141504  1.259496
5.150000  1.126693  1.263061
5.200000  1.111865  1.265897
5.250000  1.097083  1.268729
5.300000  1.082384  1.270824
5.350000  1.067727  1.272918
5.400000  1.053243  1.274272
5.450000  1.038800  1.275629
5.500000  1.024611  1.276252
5.550000  1.010458  1.276880
5.600000  0.996633  1.276786
5.650000  0.982841  1.276700
5.700000  0.969438  1.275910
5.750000  0.956064  1.275130
5.800000  0.943134  1.273669
5.850000  0.930229  1.272220
5.900000  0.917811  1.270118
5.950000  0.905415  1.268031
6.000000  0.893543  1.265321
6.050000  0.881690  1.262627
6.100000  0.870388  1.259346
6.150000  0.859101  1.256081
6.200000  0.848388  1.252266
6.250000  0.837687  1.248469
6.300000  0.827574  1.244161
6.350000  0.817471  1.239870
6.400000  0.807965  1.235108
6.450000  0.798467  1.230365
6.500000  0.789571  1.225190
6.550000  0.780681  1.220034
6.600000  0.772394  1.214487
6.650000  0.764110  1.208958
6.700000  0.756427  1.203080
6.750000  0.748746  1.197219
6.800000  0.741660  1.191047
6.850000  0.734576  1.184894
6.900000  0.728078  1.178467
6.950000  0.721582  1.172058
7.000000  0.715663  1.165415
7.050000  0.709744  1.158787
7.100000  0.704393  1.151961
7.150000  0.699041  1.145150
7.200000  0.694247  1.138175
7.250000  0.689450  1.131215
7.300000  0.685200  1.124123
7.350000  0.680948  1.117046
7.400000  0.677230  1.109867
7.450000  0.673510  1.102703
7.500000  0.670313  1.095466
7.550000  0.667113  1.088243
7.600000  0.664426  1.080976
7.650000  0.661736  1.073721
7.700000  0.659548  1.066448
7.750000  0.657356  1.059186
7.800000  0.655657  1.051931
7.850000  0.653954  1.044686
7.900000  0.652735  1.037471
7.950000  0.651512  1.030265
8.000000  0.650763  1.023109
8.050000  0.650011  1.015963
8.100000  0.649725  1.008886
8.150000  0.649437  1.001818
8.200000  0.649607  0.994838
8.250000  0.649775  0.987866
8.300000  0.650396  0.980999
8.350000  0.651013  0.974140
8.400000  0.652079  0.967401
8.450000  0.653142  0.960669
8.500000  0.654648  0.954072
8.550000  0.656151  0.947482
8.600000  0.658094  0.941040
8.650000  0.660034  0.934605
8.700000  0.662410  0.928331
8.750000  0.664784  0.922063
8.800000  0.667591  0.915967
8.850000  0.670396  0.909878
8.900000  0.673633  0.903971
8.950000  0.676867  0.898071
9.000000  0.680532  0.892363
9.050000  0.684195  0.886662
9.100000  0.688287  0.881163
9.150000  0.692377  0.875670
9.200000  0.696895  0.870388
9.250000  0.701411  0.865112
9.300000  0.706356  0.860055
9.350000  0.711299  0.855004
9.400000  0.716670  0.850182
9.450000  0.722038  0.845364
9.500000  0.727835  0.840783
9.550000  0.733629  0.836206
9.600000  0.739852  0.831873
9.650000  0.746071  0.827545
9.700000  0.752718  0.823468
9.750000  0.759362  0.819395
9.800000  0.766432  0.815580
9.850000  0.773500  0.811771
9.900000  0.780992  0.808226
9.950000  0.788481  0.804686
10.000000  0.796392  0.801418
10.050000  0.804300  0.798154
10.100000  0.812627  0.795170
10.150000  0.820949  0.792190
10.200000  0.829687  0.789496
10.250000  0.838419  0.786807
10.300000  0.847561  0.784411
10.350000  0.856698  0.782019
10.400000  0.866236  0.779928
10.450000  0.875767  0.777841
10.500000  0.885692  0.776063
10.550000  0.895609  0.774288
10.600000  0.905907  0.772829
10.650000  0.916196  0.771375
10.700000  0.926853  0.770244
10.750000  0.937501  0.769117
10.800000  0.948498  0.768321
10.850000  0.959486  0.767530
10.900000  0.970804  0.767077
10.950000  0.982110  0.766629
11.000000  0.993723  0.766528
11.050000  1.005324  0.766432
11.100000  1.017204  0.766692
11.150000  1.029070  0.766956
11.200000  1.041186  0.767584
11.250000  1.053286  0.768216
11.300000  1.065600  0.769221
11.350000  1.077896  0.770230
11.400000  1.090367  0.771621
11.450000  1.102817  0.773015
11.500000  1.115399  0.774800
11.550000  1.127958  0.776588
11.600000  1.140599  0.778775
11.650000  1.153215  0.780965
11.700000  1.165858  0.783561
11.750000  1.178475  0.786160
11.800000  1.191059  0.789173
11.850000  1.203614  0.792189
11.900000  1.216071  0.795625
11.950000  1.228498  0.799064
12.000000  1.240756  0.802929
12.050000  1.252982  0.806795
12.100000  1.264964  0.811093
12.150000  1.276912  0.815391
12.200000  1.288537  0.820125
12.250000  1.300126  0.824857
12.300000  1.311308  0.830027
12.350000  1.322452  0.835195
12.400000  1.333103  0.840800
12.450000  1.343714  0.846401
12.500000  1.353742  0.852436
12.550000  1.363730  0.858467
12.600000  1.373043  0.864926
12.650000  1.382316  0.871380
12.700000  1.390823  0.878252
12.750000  1.399289  0.885117
12.800000  1.406898  0.892389
12.850000  1.414468  0.899651
12.900000  1.421092  0.907304
12.950000  1.427679  0.914945
13.000000  1.433235  0.922956
13.050000  1.438756  0.930953
13.100000  1.443169  0.939294
13.150000  1.447550  0.947620
13.200000  1.450752  0.956259
13.250000  1.453925  0.964879
13.300000  1.455858  0.973778
13.350000  1.457767  0.982656
13.400000  1.458386  0.991771
13.450000  1.458986  1.000863
13.500000  1.458260  1.010146
13.550000  1.457521  1.019405
13.600000  1.455432  1.028802
13.650000  1.453336  1.038173
13.700000  1.449884  1.047628
13.750000  1.446431  1.057054
13.800000  1.441632  1.066504
13.850000  1.436838  1.075924
13.900000  1.430723  1.085304
13.950000  1.424620  1.094654
14.000000  1.417238  1.103897
14.050000  1.409876  1.113109
14.100000  1.401291  1.122146
14.150000  1.392733  1.131152
14.200000  1.383025  1.139916
14.250000  1.373350  1.148648
14.300000  1.362611  1.157070
14.350000  1.351909  1.165461
14.400000  1.340242  1.173475
14.450000  1.328617  1.181461
14.500000  1.316133  1.189005
14.550000  1.303695  1.196523
14.600000  1.290512  1.203540
14.650000  1.277378  1.210533
14.700000  1.263619  1.216971
14.750000  1.249911  1.223388
14.800000  1.235698  1.229201
14.850000  1.221536  1.234995
14.900000  1.206992  1.240145
14.950000  1.192499  1.245279
15.000000  1.177743  1.249733
15.050000  1.163036  1.254176
15.100000  1.148181  1.257912
15.150000  1.133374  1.261640
15.200000  1.118527  1.264643
15.250000  1.103727  1.267641
15.300000  1.088987  1.269903
15.350000  1.074291  1.272163
15.400000  1.059749  1.273683
15.450000  1.045247  1.275205
15.500000  1.030983  1.275991
15.550000  1.016756  1.276782
15.600000  1.002841  1.276847
15.650000  0.988960  1.276919
15.700000  0.975455  1.276283
15.750000  0.961980  1.275656
15.800000  0.948937  1.274343
15.850000  0.935921  1.273041
15.900000  0.923383  1.271080
15.950000  0.910867  1.269132
16.000000  0.898869  1.266555
16.050000  0.886889  1.263993
16.100000  0.875455  1.260836
16.150000  0.864038  1.257695
16.200000  0.853189  1.253996
16.250000  0.842354  1.250314
16.300000  0.832104  1.246112
16.350000  0.821865  1.241928
16.400000  0.812221  1.237263
16.450000  0.802585  1.232616
16.500000  0.793552  1.227529
16.550000  0.784524  1.222461
16.600000  0.776099  1.216993
16.650000  0.767679  1.211543
16.700000  0.759859  1.205734
16.750000  0.752043  1.199943
16.800000  0.744823  1.193833
16.850000  0.737604  1.187740
16.900000  0.730975  1.181366
16.950000  0.724346  1.175010
17.000000  0.718298  1.168410
17.050000  0.712250  1.161828
17.100000  0.706772  1.155038
17.150000  0.701293  1.148264
17.200000  0.696374  1.141318
17.250000  0.691454  1.134387
17.300000  0.687082  1.127318
17.350000  0.682708  1.120262
17.400000  0.678872  1.113100
17.450000  0.675033  1.105951
17.500000  0.671720  1.098724
17.550000  0.668404  1.091510
17.600000  0.665603  1.084246
17.650000  0.662799  1.076995
17.700000  0.660500  1.069720
17.750000  0.658197  1.062456
17.800000  0.656389  1.055194
17.850000  0.654578  1.047942
17.900000  0.653251  1.040714
17.950000  0.651921  1.033497
18.000000  0.651067  1.026325
18.050000  0.650210  1.019162
18.100000  0.649821  1.012065
18.150000  0.649429  1.004977
18.200000  0.649498  0.997972
18.250000  0.649564  0.990977
18.300000  0.650084  0.984081
18.350000  0.650601  0.977194
18.400000  0.651568  0.970424
18.450000  0.652531  0.963662
18.500000  0.653939  0.957030
18.550000  0.655344  0.950407
18.600000  0.657189  0.943928
18.650000  0.659032  0.937456
18.700000  0.661311  0.931142
18.750000  0.663588  0.924835
18.800000  0.666299  0.918697
18.850000  0.669007  0.912566
18.900000  0.672148  0.906615
18.950000  0.675287  0.900670
19.000000  0.678856  0.894917
19.050000  0.682423  0.889169
19.100000  0.686419  0.883621
19.150000  0.690413  0.878080
19.200000  0.694837  0.872748
19.250000  0.699258  0.867421
19.300000  0.704107  0.862313
19.350000  0.708955  0.857210
19.400000  0.714231  0.852334
19.450000  0.719504  0.847462
19.500000  0.725206  0.842825
19.550000  0.730905  0.838193
19.600000  0.737032  0.833803
19.650000  0.743157  0.829418
19.700000  0.749709  0.825282
19.750000  0.756259  0.821151
19.800000  0.763235  0.817276
19.850000  0.770208  0.813406
19.900000  0.777606  0.809799
19.950000  0.785002  0.806197
20.000000  0.792820  0.802866
20.050000  0.800635  0.799539
20.100000  0.808870  0.796490
20.150000  0.817100  0.793445
20.200000  0.825747  0.790685
20.250000  0.834389  0.787930
20.300000  0.843442  0.785466
20.350000  0.852489  0.783006
20.400000  0.861941  0.780846
20.450000  0.871385  0.778689
20.500000  0.881225  0.776839
20.550000  0.891058  0.774994
20.600000  0.901275  0.773462
20.650000  0.911483  0.771935
20.700000  0.922062  0.770729
20.750000  0.932632  0.769528
20.800000  0.943557  0.768655
20.850000  0.954471  0.767788
20.900000  0.965721  0.767257
20.950000  0.976959  0.766731
21.000000  0.988510  0.766551
21.050000  1.000049  0.766374
21.100000  1.011874  0.766552
21.150000  1.023685  0.766734
21.200000  1.035753  0.767278
21.250000  1.047805  0.767827
21.300000  1.060080  0.768747
21.350000  1.072338  0.769670
21.400000  1.084779  0.770974
21.450000  1.097201  0.772281
21.500000  1.109765  0.773976
21.550000  1.122306  0.775676
21.600000  1.134941  0.777771
21.650000  1.147552  0.779870
21.700000  1.160202  0.782374
21.750000  1.172826  0.784881
21.800000  1.185432  0.787800
21.850000  1.198009  0.790722
21.900000  1.210503  0.794063
21.950000  1.222968  0.797406
22.000000  1.235280  0.801175
22.050000  1.247560  0.804945
22.100000  1.259614  0.809146
22.150000  1.271634  0.813347
22.200000  1.283350  0.817983
22.250000  1.295029  0.822618
22.300000  1.306321  0.827691
22.350000  1.317576  0.832761
22.400000  1.328356  0.838269
22.450000  1.339098  0.843774
22.500000  1.349276  0.849714
22.550000  1.359415  0.855650
22.600000  1.368899  0.862016
22.650000  1.378344  0.868375
22.700000  1.387042  0.875157
22.750000  1.395700  0.881932
22.800000  1.403521  0.889117
22.850000  1.411302  0.896292
22.900000  1.418157  0.903862
22.950000  1.424974  0.911421
23.000000  1.430779  0.919356
23.050000  1.436548  0.927276
23.100000  1.441226  0.935548
23.150000  1.445871  0.943803
23.200000  1.449351  0.952380
23.250000  1.452802  0.960939
23.300000  1.455026  0.969785
23.350000  1.457224  0.978610
23.400000  1.458143  0.987683
23.450000  1.459041  0.996733
23.500000  1.458620  1.005984
23.550000  1.458183  1.015212
23.600000  1.456402  1.024590
23.650000  1.454611  1.033943
23.700000  1.451464  1.043392
23.750000  1.448315  1.052813
23.800000  1.443815  1.062272
23.850000  1.439320  1.071701
23.900000  1.433495  1.081105
23.950000  1.427682  1.090478
24.000000  1.420578  1.099760
24.050000  1.413492  1.109010
24.100000  1.405170  1.118102
24.150000  1.396872  1.127163
24.200000  1.387407  1.135996
24.250000  1.377972  1.144798
24.300000  1.367454  1.153304
24.350000  1.356972  1.161780
24.400000  1.345501  1.169893
24.450000  1.334071  1.177977
24.500000  1.321757  1.185634
24.550000  1.309489  1.193264
24.600000  1.296450  1.200406
24.650000  1.283459  1.207523
24.700000  1.269815  1.214097
24.750000  1.256222  1.220649
24.800000  1.242097  1.226608
24.850000  1.228023  1.232547
24.900000  1.213539  1.237850
24.950000  1.199107  1.243136
25.000000  1.184385  1.247750
25.050000  1.169713  1.252352
25.100000  1.154867  1.256252
25.150000  1.140070  1.260143
25.200000  1.125209  1.263312
25.250000  1.110395  1.266476
25.300000  1.095619  1.268905
25.350000  1.080888  1.271331
25.400000  1.066291  1.273018
25.450000  1.051735  1.274706
25.500000  1.037400  1.275656
25.550000  1.023101  1.276610
25.600000  1.009100  1.276836
25.650000  0.995132  1.277068
25.700000  0.981528  1.276587
25.750000  0.967954  1.276115
25.800000  0.954801  1.274951
25.850000  0.941675  1.273799
25.900000  0.929018  1.271979
25.950000  0.916384  1.270174
26.000000  0.904260  1.267731
26.050000  0.892155  1.265304
26.100000  0.880590  1.262273
26.150000  0.869043  1.259258
26.200000  0.858060  1.255677
26.250000  0.847090  1.252112
26.300000  0.836704  1.248018
26.350000  0.826328  1.243942
26.400000  0.816546  1.239377
26.450000  0.806773  1.234829
26.500000  0.797601  1.229833
26.550000  0.788435  1.224854
26.600000  0.779872  1.219467
26.650000  0.771314  1.214098
26.700000  0.763359  1.208361
26.750000  0.755406  1.202642
26.800000  0.748051  1.196595
26.850000  0.740698  1.190565
26.900000  0.733936  1.184246
26.950000  0.727175  1.177945
27.000000  0.720996  1.171391
27.050000  0.714817  1.164855
27.100000  0.709212  1.158103
27.150000  0.703606  1.151368
27.200000  0.698562  1.144453
27.250000  0.693516  1.137553
27.300000  0.689022  1.130507
27.350000  0.684526  1.123476
27.400000  0.680570  1.116330
27.450000  0.676611  1.109199
27.500000  0.673181  1.101982
27.550000  0.669749  1.094779
27.600000  0.666833  1.087520
27.650000  0.663915  1.080274
27.700000  0.661504  1.072998
27.750000  0.659090  1.065733
27.800000  0.657172  1.058465
27.850000  0.655251  1.051207
27.900000  0.653816  1.043969
27.950000  0.652379  1.036741
28.000000  0.651419  1.029553
28.050000  0.650457  1.022375
28.100000  0.649964  1.015258
28.150000  0.649468  1.008151
28.200000  0.649435  1.001123
28.250000  0.649398  0.994104
28.300000  0.649817  0.987181
28.350000  0.650234  0.980268
28.400000  0.651101  0.973467
28.450000  0.651964  0.966674
28.500000  0.653273  0.960009
28.550000  0.654580  0.953352
28.600000  0.656327  0.946837
28.650000  0.658071  0.940329
28.700000  0.660254  0.933976
28.750000  0.662433  0.927630
28.800000  0.665048  0.921451
28.850000  0.667660  0.915278
28.900000  0.670704  0.909283
28.950000  0.673746  0.903295
29.000000  0.677220  0.897495
29.050000  0.680691  0.891701
29.100000  0.684591  0.886106
29.150000  0.688490  0.880516
29.200000  0.692818  0.875134
29.250000  0.697143  0.869758
29.300000  0.701897  0.864598
29.350000  0.706649  0.859443
29.400000  0.711830  0.854513
29.450000  0.717008  0.849588
29.500000  0.722615  0.844896
29.550000  0.728219  0.840209
29.600000  0.734251  0.835762
29.650000  0.740280  0.831320
29.700000  0.746738  0.827126
29.750000  0.753193  0.822936
29.800000  0.760074  0.819001
29.850000  0.766953  0.815071
29.900000  0.774257  0.811403
29.950000  0.781559  0.807740
30.000000  0.789284  0.804346
30.050000  0.797005  0.800956
30.100000  0.805148  0.797842
30.150000  0.813286  0.794733
30.200000  0.821842  0.791906
30.250000  0.830393  0.789085
30.300000  0.839356  0.786553
30.350000  0.848314  0.784026
30.400000  0.857677  0.781796
30.450000  0.867035  0.779571
30.500000  0.876789  0.777650
30.550000  0.886537  0.775733
30.600000  0.896671  0.774129
30.650000  0.906798  0.772529
30.700000  0.917298  0.771249
30.750000  0.927790  0.769973
30.800000  0.938640  0.769025
30.850000  0.949480  0.768081
30.900000  0.960660  0.767473
30.950000  0.971829  0.766869
31.000000  0.983317  0.766609
31.050000  0.994791  0.766353
31.100000  1.006560  0.766449
31.150000  1.018314  0.766550
31.200000  1.030332  0.767011
31.250000  1.042335  0.767476
31.300000  1.054569  0.768310
31.350000  1.066786  0.769149
31.400000  1.079196  0.770365
31.450000  1.091587  0.771585
31.500000  1.104129  0.773192
31.550000  1.116651  0.774802
31.600000  1.129276  0.776807
31.650000  1.141878  0.778815
31.700000  1.154533  0.781227
31.750000  1.167162  0.783641
31.800000  1.179785  0.786467
31.850000  1.192381  0.789295
31.900000  1.204909  0.792540
31.950000  1.217408  0.795788
32.000000  1.229770  0.799461
32.050000  1.242101  0.803135
32.100000  1.254223  0.807238
32.150000  1.266311  0.811343
32.200000  1.278113  0.815881
32.250000  1.289879  0.820419
32.300000  1.301276  0.825394
32.350000  1.312637  0.830368
32.400000  1.323543  0.835778
32.450000  1.334411  0.841186
32.500000  1.344735  0.847030
32.550000  1.355020  0.852870
32.600000  1.364672  0.859142
32.650000  1.374283  0.865408
32.700000  1.383168  0.872098
32.750000  1.392014  0.878781
32.800000  1.400042  0.885878
32.850000  1.408031  0.892966
32.900000  1.415113  0.900452
32.950000  1.422157  0.907928
33.000000  1.428207  0.915784
33.050000  1.434221  0.923627
33.100000  1.439161  0.931826
33.150000  1.444066  0.940010
33.200000  1.447824  0.948523
33.250000  1.451550  0.957018
33.300000  1.454063  0.965809
33.350000  1.456548  0.974579
33.400000  1.457765  0.983606
33.450000  1.458960  0.992612
33.500000  1.458843  1.001829
33.550000  1.458710  1.011023
33.600000  1.457235  1.020380
33.650000  1.455750  1.029711
33.700000  1.452910  1.039152
33.750000  1.450066  1.048564
33.800000  1.445868  1.058028
33.850000  1.441673  1.067463
33.900000  1.436142  1.076887
33.950000  1.430621  1.086281
34.000000  1.423798  1.095598
34.050000  1.416993  1.104884
34.100000  1.408936  1.114027
34.150000  1.400903  1.123139
34.200000  1.391686  1.132038
34.250000  1.382498  1.140906
34.300000  1.372206  1.149494
34.350000  1.361949  1.158051
34.400000  1.350680  1.166260
34.450000  1.339452  1.174440
34.500000  1.327314  1.182207
34.550000  1.315222  1.189946
34.600000  1.302332  1.197211
34.650000  1.289491  1.204450
34.700000  1.275969  1.211158
34.750000  1.262497  1.217843
34.800000  1.248466  1.223945
34.850000  1.234487  1.230027
34.900000  1.220070  1.235482
34.950000  1.205704  1.240920
35.000000  1.191022  1.245692
35.050000  1.176391  1.250452
35.100000  1.161559  1.254515
35.150000  1.146777  1.258569
35.200000  1.131907  1.261904
35.250000  1.117084  1.265233
35.300000  1.102278  1.267830
35.350000  1.087517  1.270423
35.400000  1.072869  1.272277
35.450000  1.058263  1.274131
35.500000  1.043859  1.275247
35.550000  1.029493  1.276365
35.600000  1.015407  1.276752
35.650000  1.001356  1.277146
35.700000  0.987655  1.276822
35.750000  0.973985  1.276506
35.800000  0.960724  1.275493
35.850000  0.947490  1.274491
35.900000  0.934716  1.272816
35.950000  0.921966  1.271154
36.000000  0.909716  1.268849
36.050000  0.897488  1.266558
36.100000  0.885793  1.263655
36.150000  0.874116  1.260769
36.200000  0.862999  1.257307
36.250000  0.851896  1.253862
36.300000  0.841373  1.249879
36.350000  0.830861  1.245913
36.400000  0.820941  1.241449
36.450000  0.811030  1.237003
36.500000  0.801719  1.232099
36.550000  0.792415  1.227213
36.600000  0.783714  1.221909
36.650000  0.775019  1.216623
36.700000  0.766926  1.210960
36.750000  0.758836  1.205315
36.800000  0.751345  1.199333
36.850000  0.743857  1.193369
36.900000  0.736962  1.187106
36.950000  0.730067  1.180861
37.000000  0.723757  1.174356
37.050000  0.717448  1.167868
37.100000  0.711714  1.161157
37.150000  0.705979  1.154462
37.200000  0.700809  1.147579
37.250000  0.695638  1.140712
37.300000  0.691021  1.133692
37.350000  0.686401  1.126686
37.400000  0.682325  1.119559
37.450000  0.678246  1.112446
37.500000  0.674698  1.105241
37.550000  0.671148  1.098051
37.600000  0.668118  1.090797
37.650000  0.665085  1.083557
37.700000  0.662560  1.076281
37.750000  0.660033  1.069018
37.800000  0.658005  1.061744
37.850000  0.655974  1.054482
37.900000  0.654431  1.047233
37.950000  0.652886  1.039996
38.000000  0.651820  1.032794
38.050000  0.650751  1.025602
38.100000  0.650154  1.018466
38.150000  0.649554  1.011340
38.200000  0.649417  1.004289
38.250000  0.649278  0.997247
38.300000  0.649596  0.990299
38.350000  0.649911  0.983359
38.400000  0.650678  0.976528
38.450000  0.651441  0.969706
38.500000  0.652651  0.963008
38.550000  0.653858  0.956318
38.600000  0.655507  0.949767
38.650000  0.657154  0.943224
38.700000  0.659238  0.936832
38.750000  0.661320  0.930448
38.800000  0.663838  0.924227
38.850000  0.666353  0.918014
38.900000  0.669301  0.911976
38.950000  0.672247  0.905944
39.000000  0.675624  0.900099
39.050000  0.678999  0.894259
39.100000  0.682804  0.888616
39.150000  0.686606  0.882979
39.200000  0.690839  0.877547
39.250000  0.695068  0.872121
39.300000  0.699727  0.866910
39.350000  0.704383  0.861704
39.400000  0.709468  0.856721
39.450000  0.714551  0.851743
39.500000  0.720062  0.846995
39.550000  0.725571  0.842253
39.600000  0.731508  0.837750
39.650000  0.737442  0.833251
39.700000  0.743804  0.828999
39.750000  0.750164  0.824751
39.800000  0.756951  0.820757
39.850000  0.763735  0.816767
39.900000  0.770945  0.813038
39.950000  0.778152  0.809313
40.000000  0.785784  0.805856
40.050000  0.793411  0.802403
40.100000  0.801461  0.799225
40.150000  0.809507  0.796052
40.200000  0.817971  0.793160
40.250000  0.826430  0.790272
40.300000  0.835303  0.787673
40.350000  0.844171  0.785078
40.400000  0.853446  0.782779
40.450000  0.862716  0.780485
40.500000  0.872384  0.778493
40.550000  0.882046  0.776506
40.600000  0.892097  0.774830
40.650000  0.902141  0.773158
40.700000  0.912562  0.771803
40.750000  0.922974  0.770454
40.800000  0.933748  0.769430
40.850000  0.944513  0.768410
40.900000  0.955622  0.767724
40.950000  0.966721  0.767043
41.000000  0.978143  0.766703
41.050000  0.989553  0.766368
41.100000  1.001262  0.766383
41.150000  1.012958  0.766402
41.200000  1.024924  0.766780
41.250000  1.036876  0.767162
41.300000  1.049067  0.767912
41.350000  1.061241  0.768665
41.400000  1.073617  0.769795
41.450000  1.085975  0.770928
41.500000  1.098494  0.772446
41.550000  1.110992  0.773967
41.600000  1.123606  0.775882
41.650000  1.136197  0.777800
41.700000  1.148852  0.780119
41.750000  1.161483  0.782442
41.800000  1.174121  0.785173
41.850000  1.186733  0.787908
41.900000  1.199291  0.791058
41.950000  1.211820  0.794211
42.000000  1.224229  0.797788
42.050000  1.236606  0.801365
42.100000  1.248792  0.805372
42.150000  1.260944  0.809379
42.200000  1.272828  0.813820
42.250000  1.284677  0.818261
42.300000  1.296176  0.823138
42.350000  1.307638  0.828014
42.400000  1.318665  0.833327
42.450000  1.329655  0.838638
42.500000  1.340121  0.844385
42.550000  1.350548  0.850129
42.600000  1.360362  0.856306
42.650000  1.370135  0.862477
42.700000  1.379204  0.869075
42.750000  1.388233  0.875666
42.800000  1.396465  0.882673
42.850000  1.404657  0.889672
42.900000  1.411962  0.897074
42.950000  1.419228  0.904465
43.000000  1.425520  0.912241
43.050000  1.431776  0.920005
43.100000  1.436974  0.928130
43.150000  1.442138  0.936242
43.200000  1.446169  0.944688
43.250000  1.450168  0.953118
43.300000  1.452967  0.961851
43.350000  1.455739  0.970565
43.400000  1.457252  0.979544
43.450000  1.458743  0.988502
43.500000  1.458930  0.997683
43.550000  1.459099  1.006840
43.600000  1.457932  1.016172
43.650000  1.456753  1.025479
43.700000  1.454220  1.034908
43.750000  1.451682  1.044309
43.800000  1.447788  1.053776
43.850000  1.443895  1.063213
43.900000  1.438660  1.072654
43.950000  1.433434  1.082064
44.000000  1.426897  1.091414
44.050000  1.420375  1.100732
44.100000  1.412589  1.109923
44.150000  1.404825  1.119082
44.200000  1.395860  1.128044
44.250000  1.386924  1.136975
44.300000  1.376863  1.145641
44.350000  1.366837  1.154276
44.400000  1.355776  1.162578
44.450000  1.344755  1.170851
44.500000  1.332801  1.178724
44.550000  1.320891  1.186570
44.600000  1.308157  1.193955
44.650000  1.295471  1.201313
44.700000  1.282077  1.208153
44.750000  1.268734  1.214969
44.800000  1.254804  1.221213
44.850000  1.240925  1.227436
44.900000  1.226580  1.233042
44.950000  1.212288  1.238630
45.000000  1.197652  1.243560
45.050000  1.183067  1.248476
45.100000  1.168255  1.252702
45.150000  1.153494  1.256917
45.200000  1.138620  1.260419
45.250000  1.123794  1.263913
45.300000  1.108962  1.266678
45.350000  1.094175  1.269438
45.400000  1.079480  1.271460
45.450000  1.064829  1.273481
45.500000  1.050359  1.274762
45.550000  1.035929  1.276046
45.600000  1.021763  1.276596
45.650000  1.007632  1.277152
45.700000  0.993836  1.276986
45.750000  0.980072  1.276828
45.800000  0.966705  1.275968
45.850000  0.953366  1.275118
45.900000  0.940476  1.273589
45.950000  0.927611  1.272073
46.000000  0.915238  1.269906
46.050000  0.902887  1.267753
46.100000  0.891063  1.264981
46.150000  0.879258  1.262225
46.200000  0.868007  1.258885
46.250000  0.856771  1.255562
46.300000  0.846111  1.251692
46.350000  0.835463  1.247840
46.400000  0.825405  1.243479
46.450000  0.815357  1.239137
46.500000  0.805907  1.234327
46.550000  0.796464  1.229536
46.600000  0.787625  1.224317
46.650000  0.778791  1.219117
46.700000  0.770560  1.213530
46.750000  0.762334  1.207961
46.800000  0.754707  1.202046
46.850000  0.747083  1.196149
46.900000  0.740053  1.189945
46.950000  0.733024  1.183759
47.000000  0.726583  1.177304
47.050000  0.720142  1.170866
47.100000  0.714278  1.164197
47.150000  0.708414  1.157544
47.200000  0.703117  1.150696
47.250000  0.697820  1.143863
47.300000  0.693078  1.136870
47.350000  0.688335  1.129891
47.400000  0.684138  1.122784
47.450000  0.679937  1.115691
47.500000  0.676271  1.108500
47.550000  0.672602  1.101323
47.600000  0.669456  1.094077
47.650000  0.666307  1.086845
47.700000  0.663670  1.079571
47.750000  0.661029  1.072309
47.800000  0.658890  1.065031
47.850000  0.656747  1.057765
47.900000  0.655096  1.050508
47.950000  0.653442  1.043262
48.000000  0.652269  1.036046
48.050000  0.651094  1.028841
48.100000  0.650391  1.021687
48.150000  0.649686  1.014543
48.200000  0.649447  1.007471
48.250000  0.649204  1.000408
48.300000  0.649420  0.993433
48.350000  0.649633  0.986468
48.400000  0.650299  0.979608
48.450000  0.650962  0.972757
48.500000  0.652073  0.966027
48.550000  0.653180  0.959305
48.600000  0.654731  0.952719
48.650000  0.656279  0.946140
48.700000  0.658265  0.939711
48.750000  0.660250  0.933288
48.800000  0.662670  0.927027
48.850000  0.665088  0.920773
48.900000  0.667939  0.914692
48.950000  0.670788  0.908617
49.000000  0.674069  0.902727
49.050000  0.677348  0.896843
49.100000  0.681057  0.891152
49.150000  0.684763  0.885468
49.200000  0.688899  0.879987
49.250000  0.693033  0.874512
49.300000  0.697596  0.869249
49.350000  0.702157  0.863992
49.400000  0.707146  0.858956
49.450000  0.712133  0.853925
49.500000  0.717549  0.849123
49.550000  0.722962  0.844326
49.600000  0.728803  0.839767
49.650000  0.734642  0.835212
49.700000  0.740909  0.830902
49.750000  0.747173  0.826596
49.800000  0.753865  0.822542
49.850000  0.760554  0.818493
49.900000  0.767670  0.814703
49.950000  0.774782  0.810917
50.000000  0.782320  0.807397
50.050000  0.789854  0.803882
50.100000  0.797810  0.800640
50.150000  0.805763  0.797402
50.200000  0.814135  0.794445
50.250000  0.822502  0.791491
50.300000  0.831285  0.788825
50.350000  0.840062  0.786163
50.400000  0.849248  0.783796
50.450000  0.858429  0.781432
50.500000  0.868011  0.779371
50.550000  0.877586  0.777313
50.600000  0.887553  0.775564
50.650000  0.897513  0.773820
50.700000  0.907853  0.772392
50.750000  0.918185  0.770969
50.800000  0.928883  0.769869
50.850000  0.939571  0.768774
50.900000  0.950608  0.768011
50.950000  0.961635  0.767252
51.000000  0.972990  0.766833
51.050000  0.984333  0.766419
51.100000  0.995982  0.766353
51.150000  1.007617  0.766291
51.200000  1.019531  0.766587
51.250000  1.031430  0.766886
51.300000  1.043575  0.767551
51.350000  1.055704  0.768220
51.400000  1.068044  0.769262
51.450000  1.080366  0.770309
51.500000  1.092859  0.771739
51.550000  1.105332  0.773172
51.600000  1.117931  0.774996
51.650000  1.130508  0.776824
51.700000  1.143161  0.779052
51.750000  1.155790  0.781282
51.800000  1.168441  0.783920
51.850000  1.181064  0.786561
51.900000  1.193649  0.789617
51.950000  1.206205  0.792675
52.000000  1.218657  0.796155
52.050000  1.231078  0.799637
52.100000  1.243323  0.803546
52.150000  1.255536  0.807457
52.200000  1.267498  0.811800
52.250000  1.279425  0.816143
52.300000  1.291021  0.820922
52.350000  1.302580  0.825700
52.400000  1.313725  0.830915
52.450000  1.324831  0.836129
52.500000  1.335435  0.841779
52.550000  1.346000  0.847426
52.600000  1.355971  0.853508
52.650000  1.365903  0.859584
52.700000  1.375151  0.866089
52.750000  1.384358  0.872587
52.800000  1.392789  0.879504
52.850000  1.401181  0.886413
52.900000  1.408705  0.893728
52.950000  1.416190  0.901034
53.000000  1.422720  0.908729
53.050000  1.429213  0.916411
53.100000  1.434667  0.924462
53.150000  1.440086  0.932499
53.200000  1.444388  0.940877
53.250000  1.448658  0.949239
53.300000  1.451741  0.957912
53.350000  1.454796  0.966567
53.400000  1.456605  0.975496
53.450000  1.458390  0.984404
53.500000  1.458879  0.993546
53.550000  1.459350  1.002664
53.600000  1.458491  1.011969
53.650000  1.457618  1.021248
53.700000  1.455393  1.030662
53.750000  1.453162  1.040049
53.800000  1.449574  1.049515
53.850000  1.445985  1.058951
53.900000  1.441049  1.068406
53.950000  1.436121  1.077830
54.000000  1.429872  1.087208
54.050000  1.423637  1.096556
54.100000  1.416126  1.105790
54.150000  1.408635  1.114993
54.200000  1.399928  1.124015
54.250000  1.391247  1.133006
54.300000  1.381423  1.141746
54.350000  1.371633  1.150456
54.400000  1.360786  1.158848
54.450000  1.349978  1.167210
54.500000  1.338213  1.175188
54.550000  1.326491  1.183138
54.600000  1.313920  1.190640
54.650000  1.301396  1.198115
54.700000  1.288138  1.205084
54.750000  1.274929  1.212029
54.800000  1.261105  1.218413
54.850000  1.247333  1.224775
54.900000  1.233068  1.230530
54.950000  1.218855  1.236266
55.000000  1.204271  1.241352
55.050000  1.189738  1.246424
55.100000  1.174953  1.250812
55.150000  1.160218  1.255189
55.200000  1.145346  1.258856
55.250000  1.130522  1.262516
55.300000  1.115668  1.265448
55.350000  1.100860  1.268375
55.400000  1.086123  1.270565
55.450000  1.071430  1.272753
55.500000  1.056900  1.274201
55.550000  1.042409  1.275651
55.600000  1.028165  1.276365
55.650000  1.013958  1.277084
55.700000  1.000070  1.277078
55.750000  0.986215  1.277080
55.800000  0.972744  1.276374
55.850000  0.959302  1.275679
55.900000  0.946298  1.274298
55.950000  0.933320  1.272929
56.000000  0.920825  1.270902
56.050000  0.908353  1.268890
56.100000  0.896401  1.266251
56.150000  0.884467  1.263627
56.200000  0.873084  1.260411
56.250000  0.861716  1.257212
56.300000  0.850919  1.253457
56.350000  0.840136  1.249720
56.400000  0.829939  1.245466
56.450000  0.819753  1.241230
56.500000  0.810165  1.236517
56.550000  0.800584  1.231822
56.600000  0.791605  1.226691
56.650000  0.782633  1.221578
56.700000  0.774264  1.216070
56.750000  0.765899  1.210579
56.800000  0.758136  1.204734
56.850000  0.750375  1.198906
56.900000  0.743210  1.192763
56.950000  0.736047  1.186637
57.000000  0.729473  1.180234
57.050000  0.722899  1.173848
57.100000  0.716905  1.167223
57.150000  0.710911  1.160614
57.200000  0.705487  1.153802
57.250000  0.700062  1.147006
57.300000  0.695196  1.140041
57.350000  0.690328  1.133091
57.400000  0.686008  1.126005
57.450000  0.681686  1.118934
57.500000  0.677901  1.111758
57.550000  0.674113  1.104597
57.600000  0.670850  1.097360
57.650000  0.667584  1.090136
57.700000  0.664832  1.082864
57.750000  0.662078  1.075606
57.800000  0.659827  1.068326
57.850000  0.657572  1.061057
57.900000  0.655812  1.053792
57.950000  0.654048  1.046538
58.000000  0.652768  1.039310
58.050000  0.651485  1.032092
58.100000  0.650677  1.024922
58.150000  0.649866  1.017761
58.200000  0.649523  1.010668
58.250000  0.649176  1.003584
58.300000  0.649290  0.996585
58.350000  0.649401  0.989594
58.400000  0.649966  0.982707
58.450000  0.650528  0.975827
58.500000  0.651538  0.969066
58.550000  0.652546  0.962312
58.600000  0.653998  0.955691
58.650000  0.655447  0.949078
58.700000  0.657335  0.942611
58.750000  0.659222  0.936151
58.800000  0.661544  0.929850
58.850000  0.663865  0.923556
58.900000  0.666619  0.917433
58.950000  0.669371  0.911316
59.000000  0.672556  0.905380
59.050000  0.675737  0.899451
59.100000  0.679350  0.893714
59.150000  0.682960  0.887983
59.200000  0.687000  0.882453
59.250000  0.691038  0.876929
59.300000  0.695505  0.871615
59.350000  0.699970  0.866307
59.400000  0.704863  0.861219
59.450000  0.709754  0.856135
59.500000  0.715074  0.851279
59.550000  0.720391  0.846428
59.600000  0.726137  0.841812
59.650000  0.731881  0.837202
59.700000  0.738052  0.832834
59.750000  0.744221  0.828470
59.800000  0.750818  0.824357
59.850000  0.757411  0.820249
59.900000  0.764432  0.816398
59.950000  0.771450  0.812552
60.000000  0.778893  0.808970
60.050000  0.786333  0.805392
60.100000  0.794196  0.802086
60.150000  0.802055  0.798785
60.200000  0.810334  0.795762
60.250000  0.818609  0.792743
60.300000  0.827300  0.790010
60.350000  0.835987  0.787281
60.400000  0.845083  0.784845
60.450000  0.854175  0.782413
60.500000  0.863669  0.780281
60.550000  0.873157  0.778153
60.600000  0.883040  0.776333
60.650000  0.892915  0.774517
60.700000  0.903174  0.773015
60.750000  0.913424  0.771518
60.800000  0.924044  0.770344
60.850000  0.934654  0.769173
60.900000  0.945618  0.768333
60.950000  0.956571  0.767497
61.000000  0.967858  0.767000
61.050000  0.979134  0.766507
61.100000  0.990721  0.766360
61.150000  1.002294  0.766218
61.200000  1.014152  0.766430
61.250000  1.025996  0.766647
61.300000  1.038094  0.767228
61.350000  1.050176  0.767812
61.400000  1.062478  0.768769
61.450000  1.074762  0.769729
61.500000  1.087227  0.771070
61.550000  1.099672  0.772416
61.600000  1.112254  0.774150
61.650000  1.124814  0.775888
61.700000  1.137462  0.778024
61.750000  1.150087  0.780163
61.800000  1.162745  0.782707
61.850000  1.175378  0.785255
61.900000  1.187986  0.788216
61.950000  1.200566  0.791179
62.000000  1.213056  0.794563
62.050000  1.225517  0.797949
62.100000  1.237818  0.801761
62.150000  1.250087  0.805575
62.200000  1.262123  0.809820
62.250000  1.274124  0.814065
62.300000  1.285813  0.818746
62.350000  1.297466  0.823426
62.400000  1.308723  0.828544
62.450000  1.319942  0.833660
62.500000  1.330679  0.839213
62.550000  1.341377  0.844763
62.600000  1.351502  0.850748
62.650000  1.361588  0.856729
62.700000  1.371010  0.863139
62.750000  1.380392  0.869544
62.800000  1.389018  0.876370
62.850000  1.397604  0.883188
62.900000  1.405343  0.890416
62.950000  1.413044  0.897635
63.000000  1.419808  0.905247
63.050000  1.426535  0.912847
63.100000  1.432241  0.920821
63.150000  1.437911  0.928782
63.200000  1.442481  0.937090
63.250000  1.447019  0.945383
63.300000  1.450384  0.953994
63.350000  1.453721  0.962588
63.400000  1.455823  0.971464
63.450000  1.457900  0.980320
63.500000  1.458692  0.989420
63.550000  1.459464  0.998497
63.600000  1.458912  1.007771
63.650000  1.458345  1.017020
63.700000  1.456430  1.026416
63.750000  1.454506  1.035786
63.800000  1.451224  1.045247
63.850000  1.447941  1.054680
63.900000  1.443307  1.064145
63.950000  1.438678  1.073580
64.000000  1.432721  1.082983
64.050000  1.426777  1.092356
64.100000  1.419544  1.101631
64.150000  1.412331  1.110874
64.200000  1.403885  1.119953
64.250000  1.395465  1.128999
64.300000  1.385884  1.137812
64.350000  1.376334  1.146593
64.400000  1.365708  1.155072
64.450000  1.355119  1.163520
64.500000  1.343549  1.171599
64.550000  1.332021  1.179649
64.600000  1.319619  1.187266
64.650000  1.307263  1.194856
64.700000  1.294146  1.201951
64.750000  1.281079  1.209022
64.800000  1.267369  1.215545
64.850000  1.253710  1.222045
64.900000  1.239531  1.227946
64.950000  1.225404  1.233829
65.000000  1.210877  1.239071
65.050000  1.196403  1.244297
65.100000  1.181650  1.248846
65.150000  1.166947  1.253383
65.200000  1.152081  1.257216
65.250000  1.137265  1.261040
65.300000  1.122394  1.264140
65.350000  1.107571  1.267234
65.400000  1.092796  1.269593
65.450000  1.078065  1.271949
65.500000  1.063478  1.273565
65.550000  1.048932  1.275181
65.600000  1.034613  1.276060
65.650000  1.020333  1.276944
65.700000  1.006356  1.277099
65.750000  0.992413  1.277261
65.800000  0.978840  1.276711
65.850000  0.965297  1.276171
65.900000  0.952181  1.274940
65.950000  0.939092  1.273721
66.000000  0.926477  1.271837
66.050000  0.913884  1.269966
66.100000  0.901805  1.267462
66.150000  0.889745  1.264973
66.200000  0.878229  1.261883
66.250000  0.866729  1.258810
66.300000  0.855797  1.255173
66.350000  0.844878  1.251553
66.400000  0.834544  1.247407
66.450000  0.824220  1.243279
66.500000  0.814492  1.238665
66.550000  0.804773  1.234070
66.600000  0.795655  1.229028
66.650000  0.786544  1.224005
66.700000  0.778036  1.218578
66.750000  0.769533  1.213168
66.800000  0.761632  1.207394
66.850000  0.753734  1.201638
66.900000  0.746434  1.195557
66.950000  0.739136  1.189494
67.000000  0.732428  1.183145
67.050000  0.725721  1.176813
67.100000  0.719596  1.170234
67.150000  0.713471  1.163671
67.200000  0.707919  1.156897
67.250000  0.702365  1.150139
67.300000  0.697373  1.143204
67.350000  0.692380  1.136285
67.400000  0.687937  1.129222
67.450000  0.683493  1.122175
67.500000  0.679587  1.115015
67.550000  0.675679  1.107870
67.600000  0.672298  1.100643
67.650000  0.668915  1.093429
67.700000  0.666049  1.086162
67.750000  0.663179  1.078908
67.800000  0.660816  1.071626
67.850000  0.658449  1.064357
67.900000  0.656578  1.057085
67.950000  0.654704  1.049825
68.000000  0.653316  1.042585
68.050000  0.651925  1.035356
68.100000  0.651011  1.028170
68.150000  0.650094  1.020993
68.200000  0.649646  1.013880
68.250000  0.649195  1.006775
68.300000  0.649206  0.999752
68.350000  0.649215  0.992738
68.400000  0.649678  0.985823
68.450000  0.650138  0.978916
68.500000  0.651049  0.972124
68.550000  0.651956  0.965339
68.600000  0.653308  0.958684
68.650000  0.654658  0.952037
68.700000  0.656448  0.945533
68.750000  0.658236  0.939036
68.800000  0.660461  0.932696
68.850000  0.662684  0.926362
68.900000  0.665341  0.920197
68.950000  0.667996  0.914038
69.000000  0.671083  0.908058
69.050000  0.674168  0.902085
69.100000  0.677684  0.896301
69.150000  0.681198  0.890523
69.200000  0.685142  0.884945
69.250000  0.689083  0.879373
69.300000  0.693454  0.874009
69.350000  0.697823  0.868650
69.400000  0.702620  0.863509
69.450000  0.707415  0.858374
69.500000  0.712639  0.853463
69.550000  0.717860  0.848558
69.600000  0.723510  0.843887
69.650000  0.729158  0.839220
69.700000  0.735234  0.834795
69.750000  0.741307  0.830375
69.800000  0.747808  0.826203
69.850000  0.754306  0.822035
69.900000  0.761232  0.818124
69.950000  0.768155  0.814217
70.000000  0.775503  0.810573
70.050000  0.782848  0.806934
70.100000  0.790617  0.803564
70.150000  0.798383  0.800199
70.200000  0.806569  0.797111
70.250000  0.814751  0.794027
70.300000  0.823351  0.791227
70.350000  0.831945  0.788431
70.400000  0.840952  0.785927
70.450000  0.849953  0.783427
70.500000  0.859360  0.781225
70.550000  0.868760  0.779027
70.600000  0.878557  0.777135
70.650000  0.888347  0.775248
70.700000  0.898523  0.773673
70.750000  0.908691  0.772103
70.800000  0.919232  0.770853
70.850000  0.929764  0.769608
70.900000  0.940653  0.768691
70.950000  0.951532  0.767778
71.000000  0.962749  0.767202
71.050000  0.973956  0.766631
71.100000  0.985478  0.766404
71.150000  0.996989  0.766181
71.200000  1.008790  0.766311
71.250000  1.020577  0.766446
71.300000  1.032626  0.766942
71.350000  1.044659  0.767443
71.400000  1.056920  0.768313
71.450000  1.069164  0.769188
71.500000  1.081598  0.770441
71.550000  1.094012  0.771698
71.600000  1.106574  0.773343
71.650000  1.119115  0.774991
71.700000  1.131755  0.777036
71.750000  1.144372  0.779083
71.800000  1.157036  0.781535
71.850000  1.169675  0.783989
71.900000  1.182303  0.786856
71.950000  1.194903  0.789725
72.000000  1.207429  0.793012
72.050000  1.219925  0.796302
72.100000  1.232278  0.800017
72.150000  1.244600  0.803734
72.200000  1.256705  0.807881
72.250000  1.268777  0.812029
72.300000  1.280555  0.816611
72.350000  1.292297  0.821193
72.400000  1.303662  0.826213
72.450000  1.314990  0.831230
72.500000  1.325855  0.836686
72.550000  1.336681  0.842139
72.600000  1.346956  0.848027
72.650000  1.357191  0.853912
72.700000  1.366783  0.860228
72.750000  1.376335  0.866538
72.800000  1.385152  0.873272
72.850000  1.393929  0.879999
72.900000  1.401879  0.887138
72.950000  1.409790  0.894269
73.000000  1.416785  0.901797
73.050000  1.423742  0.909314
73.100000  1.429696  0.917209
73.150000  1.435615  0.925092
73.200000  1.440450  0.933329
73.250000  1.445252  0.941550
73.300000  1.448898  0.950098
73.350000  1.452513  0.958628
73.400000  1.454907  0.967449
73.450000  1.457275  0.976251
73.500000  1.458368  0.985306
73.550000  1.459440  0.994339
73.600000  1.459194  1.003579
73.650000  1.458933  1.012796
73.700000  1.457328  1.022172
73.750000  1.455712  1.031521
73.800000  1.452739  1.040975
73.850000  1.449763  1.050401
73.900000  1.445432  1.059872
73.950000  1.441105  1.069314
74.000000  1.435443  1.078739
74.050000  1.429792  1.088134
74.100000  1.422842  1.097446
74.150000  1.415909  1.106727
74.200000  1.407730  1.115858
74.250000  1.399576  1.124957
74.300000  1.390242  1.133838
74.350000  1.380938  1.142688
74.400000  1.370537  1.151250
74.450000  1.360173  1.159781
74.500000  1.348804  1.167959
74.550000  1.337477  1.176107
74.600000  1.325250  1.183835
74.650000  1.313069  1.191536
74.700000  1.300100  1.198756
74.750000  1.287180  1.205951
74.800000  1.273591  1.212609
74.850000  1.260052  1.219245
74.900000  1.245965  1.225292
74.950000  1.231930  1.231320
75.000000  1.217468  1.236715
75.050000  1.203058  1.242094
75.100000  1.188343  1.246804
75.150000  1.173678  1.251501
75.200000  1.158825  1.255498
75.250000  1.144021  1.259486
75.300000  1.129139  1.262754
75.350000  1.114304  1.266015
75.400000  1.099497  1.268542
75.450000  1.084733  1.271067
75.500000  1.070093  1.272851
75.550000  1.055494  1.274635
75.600000  1.041105  1.275680
75.650000  1.026755  1.276729
75.700000  1.012692  1.277046
75.750000  0.998664  1.277370
75.800000  0.984992  1.276978
75.850000  0.971351  1.276595
75.900000  0.958125  1.275515
75.950000  0.944926  1.274447
76.000000  0.932192  1.272708
76.050000  0.919481  1.270982
76.100000  0.907276  1.268614
76.150000  0.895090  1.266261
76.200000  0.883443  1.263300
76.250000  0.871812  1.260355
76.300000  0.860745  1.256838
76.350000  0.849691  1.253337
76.400000  0.839219  1.249302
76.450000  0.828758  1.245285
76.500000  0.818891  1.240773
76.550000  0.809032  1.236278
76.600000  0.799775  1.231329
76.650000  0.790525  1.226398
76.700000  0.781878  1.221053
76.750000  0.773236  1.215726
76.800000  0.765197  1.210026
76.850000  0.757161  1.204343
76.900000  0.749725  1.198327
76.950000  0.742290  1.192329
77.000000  0.735449  1.186036
77.050000  0.728608  1.179761
77.100000  0.722351  1.173229
77.150000  0.716094  1.166714
77.200000  0.710413  1.159980
77.250000  0.704730  1.153261
77.300000  0.699612  1.146359
77.350000  0.694492  1.139472
77.400000  0.689926  1.132434
77.450000  0.685357  1.125411
77.500000  0.681331  1.118270
77.550000  0.677302  1.111143
77.600000  0.673803  1.103927
77.650000  0.670302  1.096725
77.700000  0.667319  1.089464
77.750000  0.664334  1.082215
77.800000  0.661858  1.074933
77.850000  0.659378  1.067664
77.900000  0.657396  1.060386
77.950000  0.655411  1.053121
78.000000  0.653914  1.045871
78.050000  0.652415  1.038632
78.100000  0.651394  1.031430
78.150000  0.650370  1.024239
78.200000  0.649818  1.017106
78.250000  0.649262  1.009983
78.300000  0.649169  1.002936
78.350000  0.649074  0.995899
78.400000  0.649436  0.988957
78.450000  0.649794  0.982023
78.500000  0.650604  0.975201
78.550000  0.651410  0.968386
78.600000  0.652663  0.961698
78.650000  0.653913  0.955017
78.700000  0.655605  0.948477
78.750000  0.657294  0.941944
78.800000  0.659421  0.935565
78.850000  0.661545  0.929192
78.900000  0.664105  0.922985
78.950000  0.666662  0.916785
79.000000  0.669653  0.910761
79.050000  0.672640  0.904744
79.100000  0.676060  0.898914
79.150000  0.679477  0.893090
79.200000  0.683324  0.887464
79.250000  0.687169  0.881843
79.300000  0.691443  0.876429
79.350000  0.695716  0.871021
79.400000  0.700417  0.865828
79.450000  0.705116  0.860640
79.500000  0.710243  0.855676
79.550000  0.715369  0.850717
79.600000  0.720923  0.845990
79.650000  0.726474  0.841268
79.700000  0.732454  0.836786
79.750000  0.738431  0.832308
79.800000  0.744837  0.828078
79.850000  0.751240  0.823852
79.900000  0.758070  0.819880
79.950000  0.764897  0.815913
80.000000  0.772151  0.812207
80.050000  0.779401  0.808506
80.100000  0.787076  0.805073
80.150000  0.794747  0.801645
80.200000  0.802840  0.798491
80.250000  0.810929  0.795343
80.300000  0.819436  0.792476
80.350000  0.827939  0.789614
80.400000  0.836855  0.787042
80.450000  0.845765  0.784474
80.500000  0.855083  0.782202
80.550000  0.864395  0.779935
80.600000  0.874106  0.777972
80.650000  0.883809  0.776013
80.700000  0.893902  0.774365
80.750000  0.903986  0.772722
80.800000  0.914447  0.771397
80.850000  0.924900  0.770077
80.900000  0.935713  0.769084
80.950000  0.946516  0.768095
81.000000  0.957663  0.767441
81.050000  0.968799  0.766791
81.100000  0.980256  0.766484
81.150000  0.991702  0.766181
81.200000  1.003444  0.766229
81.250000  1.015173  0.766282
81.300000  1.027171  0.766694
81.350000  1.039153  0.767111
81.400000  1.051371  0.767896
81.450000  1.063573  0.768685
81.500000  1.075973  0.769851
81.550000  1.088355  0.771020
81.600000  1.100895  0.772575
81.650000  1.113413  0.774134
81.700000  1.126043  0.776087
81.750000  1.138649  0.778044
81.800000  1.151316  0.780402
81.850000  1.163957  0.782764
81.900000  1.176601  0.785536
81.950000  1.189218  0.788310
82.000000  1.201776  0.791502
82.050000  1.214304  0.794697
82.100000  1.226706  0.798315
82.150000  1.239076  0.801934
82.200000  1.251247  0.805984
82.250000  1.263386  0.810034
82.300000  1.275248  0.814518
82.350000  1.287074  0.819002
82.400000  1.298543  0.823922
82.450000  1.309976  0.828842
82.500000  1.320965  0.834199
82.550000  1.331916  0.839554
82.600000  1.342335  0.845346
82.650000  1.352715  0.851133
82.700000  1.362472  0.857354
82.750000  1.372190  0.863569
82.800000  1.381193  0.870210
82.850000  1.390156  0.876845
82.900000  1.398314  0.883895
82.950000  1.406431  0.890936
83.000000  1.413653  0.898379
83.050000  1.420836  0.905811
83.100000  1.427035  0.913627
83.150000  1.433198  0.921430
83.200000  1.438296  0.929593
83.250000  1.443359  0.937742
83.300000  1.447282  0.946223
83.350000  1.451174  0.954688
83.400000  1.453858  0.963453
83.450000  1.456514  0.972198
83.500000  1.457907  0.981205
83.550000  1.459277  0.990191
83.600000  1.459338  0.999396
83.650000  1.459383  1.008578
83.700000  1.458087  1.017929
83.750000  1.456780  1.027255
83.800000  1.454116  1.036698
83.850000  1.451448  1.046114
83.900000  1.447423  1.055589
83.950000  1.443400  1.065035
84.000000  1.438036  1.074479
84.050000  1.432681  1.083892
84.100000  1.426017  1.093238
84.150000  1.419369  1.102552
84.200000  1.411461  1.111733
84.250000  1.403576  1.120881
84.300000  1.394494  1.129827
84.350000  1.385442  1.138741
84.400000  1.375272  1.147384
84.450000  1.365138  1.155996
84.500000  1.353977  1.164268
84.550000  1.342856  1.172510
84.600000  1.330811  1.180348
84.650000  1.318811  1.188157
84.700000  1.305997  1.195500
84.750000  1.293231  1.202816
84.800000  1.279768  1.209608
84.850000  1.266356  1.216376
84.900000  1.252367  1.222567
84.950000  1.238430  1.228738
85.000000  1.224040  1.234286
85.050000  1.209701  1.239817
85.100000  1.195029  1.244686
85.150000  1.180409  1.249541
85.200000  1.165573  1.253703
85.250000  1.150787  1.257854
85.300000  1.135899  1.261290
85.350000  1.121059  1.264718
85.400000  1.106223  1.267414
85.450000  1.091432  1.270106
85.500000  1.076743  1.272059
85.550000  1.062096  1.274011
85.600000  1.047640  1.275223
85.650000  1.033223  1.276438
85.700000  1.019078  1.276920
85.750000  1.004968  1.277407
85.800000  0.991199  1.277174
85.850000  0.977462  1.276949
85.900000  0.964128  1.276022
85.950000  0.950822  1.275107
86.000000  0.937971  1.273514
86.050000  0.925143  1.271934
86.100000  0.912813  1.269706
86.150000  0.900503  1.267492
86.200000  0.888725  1.264661
86.250000  0.876965  1.261847
86.300000  0.865762  1.258451
86.350000  0.854574  1.255072
86.400000  0.843964  1.251150
86.450000  0.833366  1.247246
86.500000  0.823360  1.242837
86.550000  0.813363  1.238446
86.600000  0.803965  1.233591
86.650000  0.794575  1.228755
86.700000  0.785789  1.223495
86.750000  0.777008  1.218253
86.800000  0.768831  1.212628
86.850000  0.760657  1.207022
86.900000  0.753083  1.201073
86.950000  0.745512  1.195141
87.000000  0.738535  1.188907
87.050000  0.731560  1.182689
87.100000  0.725171  1.176207
87.150000  0.718782  1.169742
87.200000  0.712970  1.163049
87.250000  0.707157  1.156373
87.300000  0.701912  1.149504
87.350000  0.696665  1.142651
87.400000  0.691974  1.135640
87.450000  0.687281  1.128643
87.500000  0.683132  1.121522
87.550000  0.678982  1.114414
87.600000  0.675364  1.107212
87.650000  0.671744  1.100023
87.700000  0.668645  1.092768
87.750000  0.665543  1.085526
87.800000  0.662953  1.078246
87.850000  0.660359  1.070977
87.900000  0.658266  1.063696
87.950000  0.656169  1.056426
88.000000  0.654563  1.049167
88.050000  0.652954  1.041918
88.100000  0.651826  1.034703
88.150000  0.650695  1.027498
88.200000  0.650037  1.020346
88.250000  0.649376  1.013205
88.300000  0.649179  1.006136
88.350000  0.648980  0.999077
88.400000  0.649239  0.992108
88.450000  0.649496  0.985149
88.500000  0.650204  0.978296
88.550000  0.650910  0.971452
88.600000  0.652062  0.964731
88.650000  0.653212  0.958018
88.700000  0.654804  0.951442
88.750000  0.656394  0.944874
88.800000  0.658423  0.938456
88.850000  0.660449  0.932045
88.900000  0.662911  0.925797
88.950000  0.665371  0.919555
89.000000  0.668264  0.913488
89.050000  0.671154  0.907427
89.100000  0.674477  0.901552
89.150000  0.677797  0.895683
89.200000  0.681547  0.890008
89.250000  0.685295  0.884340
89.300000  0.689473  0.878876
89.350000  0.693649  0.873418
89.400000  0.698254  0.868173
89.450000  0.702856  0.862934
89.500000  0.707887  0.857917
89.550000  0.712916  0.852904
89.600000  0.718374  0.848122
89.650000  0.723829  0.843345
89.700000  0.729713  0.838806
89.750000  0.735595  0.834272
89.800000  0.741904  0.829983
89.850000  0.748211  0.825698
89.900000  0.754946  0.821667
89.950000  0.761677  0.817640
90.000000  0.768836  0.813872
90.050000  0.775991  0.810109
90.100000  0.783571  0.806613
90.150000  0.791148  0.803122
90.200000  0.799147  0.799904
90.250000  0.807142  0.796691
90.300000  0.815557  0.793758
90.350000  0.823967  0.790830
90.400000  0.832792  0.788190
90.450000  0.841611  0.785554
90.500000  0.850840  0.783213
90.550000  0.860062  0.780876
90.600000  0.869686  0.778842
90.650000  0.879303  0.776812
90.700000  0.889311  0.775091
90.750000  0.899312  0.773375
90.800000  0.909691  0.771976
90.850000  0.920063  0.770582
90.900000  0.930799  0.769513
90.950000  0.941526  0.768448
91.000000  0.952601  0.767715
91.050000  0.963664  0.766987
91.100000  0.975055  0.766600
91.150000  0.986434  0.766218
91.200000  0.998116  0.766185
91.250000  1.009785  0.766156
91.300000  1.021729  0.766485
91.350000  1.033659  0.766818
91.400000  1.045833  0.767517
91.450000  1.057989  0.768220
91.500000  1.070355  0.769299
91.550000  1.082701  0.770381
91.600000  1.095215  0.771847
91.650000  1.107709  0.773317
91.700000  1.120325  0.775179
91.750000  1.132919  0.777045
91.800000  1.145584  0.779310
91.850000  1.158225  0.781580
91.900000  1.170882  0.784257
91.950000  1.183513  0.786937
92.000000  1.196099  0.790034
92.050000  1.208656  0.793132
92.100000  1.221102  0.796653
92.150000  1.233517  0.800176
92.200000  1.245750  0.804127
92.250000  1.257951  0.808080
92.300000  1.269893  0.812465
92.350000  1.281800  0.816851
92.400000  1.293369  0.821673
92.450000  1.304901  0.826494
92.500000  1.316010  0.831753
92.550000  1.327081  0.837010
92.600000  1.337640  0.842704
92.650000  1.348160  0.848394
92.700000  1.358079  0.854519
92.750000  1.367958  0.860638
92.800000  1.377143  0.867186
92.850000  1.386288  0.873727
92.900000  1.394648  0.880686
92.950000  1.402968  0.887637
93.000000  1.410412  0.894994
93.050000  1.417817  0.902340
93.100000  1.424259  0.910074
93.150000  1.430663  0.917796
93.200000  1.436019  0.925885
93.250000  1.441341  0.933959
93.300000  1.445538  0.942373
93.350000  1.449703  0.950770
93.400000  1.452675  0.959475
93.450000  1.455618  0.968162
93.500000  1.457309  0.977120
93.550000  1.458977  0.986056
93.600000  1.459344  0.995223
93.650000  1.459692  1.004366
93.700000  1.458706  1.013691
93.750000  1.457708  1.022990
93.800000  1.455355  1.032420
93.850000  1.452996  1.041822
93.900000  1.449278  1.051297
93.950000  1.445561  1.060744
94.000000  1.440497  1.070203
94.050000  1.435441  1.079631
94.100000  1.429067  1.089007
94.150000  1.422707  1.098352
94.200000  1.415074  1.107578
94.250000  1.407463  1.116773
94.300000  1.398639  1.125780
94.350000  1.389843  1.134756
94.400000  1.379910  1.143475
94.450000  1.370011  1.152164
94.500000  1.359063  1.160528
94.550000  1.348155  1.168862
94.600000  1.336298  1.176806
94.650000  1.324485  1.184721
94.700000  1.311832  1.192182
94.750000  1.299227  1.199618
94.800000  1.285897  1.206541
94.850000  1.272618  1.213440
94.900000  1.258735  1.219773
94.950000  1.244903  1.226085
95.000000  1.230589  1.231784
95.050000  1.216328  1.237465
95.100000  1.201706  1.242492
95.150000  1.187136  1.247504
95.200000  1.172324  1.251830
95.250000  1.157562  1.256144
95.300000  1.142673  1.259747
95.350000  1.127833  1.263341
95.400000  1.112973  1.266207
95.450000  1.098159  1.269068
95.500000  1.083425  1.271189
95.550000  1.068734  1.273310
95.600000  1.054215  1.274690
95.650000  1.039736  1.276072
95.700000  1.025511  1.276718
95.750000  1.011322  1.277370
95.800000  0.997460  1.277297
95.850000  0.983630  1.277232
95.900000  0.970191  1.276461
95.950000  0.956780  1.275700
96.000000  0.943812  1.274255
96.050000  0.930870  1.272823
96.100000  0.918416  1.270736
96.150000  0.905984  1.268662
96.200000  0.894076  1.265965
96.250000  0.882186  1.263283
96.300000  0.870849  1.260011
96.350000  0.859528  1.256757
96.400000  0.848780  1.252950
96.450000  0.838045  1.249160
96.500000  0.827900  1.244857
96.550000  0.817764  1.240573
96.600000  0.808226  1.235814
96.650000  0.798697  1.231074
96.700000  0.789771  1.225902
96.750000  0.780850  1.220747
96.800000  0.772533  1.215201
96.850000  0.764221  1.209672
96.900000  0.756510  1.203792
96.950000  0.748801  1.197930
97.000000  0.741689  1.191755
97.050000  0.734578  1.185598
97.100000  0.728055  1.179168
97.150000  0.721533  1.172754
97.200000  0.715590  1.166105
97.250000  0.709647  1.159472
97.300000  0.704274  1.152639
97.350000  0.698899  1.145821
97.400000  0.694082  1.138838
97.450000  0.689264  1.131870
97.500000  0.684993  1.124770
97.550000  0.680719  1.117684
97.600000  0.676982  1.110496
97.650000  0.673242  1.103321
97.700000  0.670026  1.096075
97.750000  0.666807  1.088841
97.800000  0.664102  1.081563
97.850000  0.661393  1.074297
97.900000  0.659188  1.067012
97.950000  0.656979  1.059739
98.000000  0.655263  1.052472
98.050000  0.653544  1.045215
98.100000  0.652308  1.037987
98.150000  0.651069  1.030769
98.200000  0.650305  1.023600
98.250000  0.649537  1.016441
98.300000  0.649237  1.009351
98.350000  0.648933  1.002271
98.400000  0.649089  0.995277
98.450000  0.649243  0.988292
98.500000  0.649850  0.981411
98.550000  0.650454  0.974538
98.600000  0.651506  0.967785
98.650000  0.652555  0.961040
98.700000  0.654048  0.954429
98.750000  0.655538  0.947825
98.800000  0.657468  0.941369
98.850000  0.659396  0.934920
98.900000  0.661760  0.928632
98.950000  0.664121  0.922350
99.000000  0.666917  0.916240
99.050000  0.669710  0.910136
99.100000  0.672935  0.904215
99.150000  0.676158  0.898301
99.200000  0.679811  0.892579
99.250000  0.683463  0.886863
99.300000  0.687544  0.881350
99.350000  0.691623  0.875842
99.400000  0.696131  0.870546
99.450000  0.700637  0.865256
99.500000  0.705572  0.860185
99.550000  0.710504  0.855120
99.600000  0.715865  0.850283
99.650000  0.721224  0.845451
99.700000  0.727012  0.840856
99.750000  0.732797  0.836265
99.800000  0.739010  0.831918
99.850000  0.745221  0.827575
99.900000  0.751860  0.823484
99.950000  0.758496  0.819397
100.000000  0.765558  0.815568
