   t     nR      nF
0.000000  1.200000  0.800000
0.050000  1.212000  0.803200
0.100000  1.223852  0.806811
0.150000  1.235674  0.810423
0.200000  1.247278  0.814451
0.250000  1.258849  0.818479
0.300000  1.270128  0.822925
0.350000  1.281374  0.827371
0.400000  1.292249  0.832237
0.450000  1.303088  0.837102
0.500000  1.313476  0.842386
0.550000  1.323827  0.847667
0.600000  1.333642  0.853366
0.650000  1.343420  0.859060
0.700000  1.352576  0.865167
0.750000  1.361695  0.871267
0.800000  1.370105  0.877772
0.850000  1.378479  0.884269
0.900000  1.386059  0.891159
0.950000  1.393602  0.898040
1.000000  1.400268  0.905298
1.050000  1.406898  0.912545
1.100000  1.412572  0.920150
1.150000  1.418211  0.927743
1.200000  1.422819  0.935670
1.250000  1.427396  0.943583
1.300000  1.430872  0.951801
1.350000  1.434321  0.960004
1.400000  1.436609  0.968479
1.450000  1.438873  0.976936
1.500000  1.439928  0.985630
1.550000  1.440962  0.994302
1.600000  1.440749  1.003168
1.650000  1.440521  1.012010
1.700000  1.439019  1.021000
1.750000  1.437508  1.029965
1.800000  1.434711  1.039025
1.850000  1.431912  1.048058
1.900000  1.427830  1.057131
1.950000  1.423751  1.066177
2.000000  1.418408  1.075203
2.050000  1.413074  1.084201
2.100000  1.406510  1.093117
2.150000  1.399961  1.102005
2.200000  1.392229  1.110748
2.250000  1.384520  1.119461
2.300000  1.375690  1.127966
2.350000  1.366888  1.136441
2.400000  1.357040  1.144644
2.450000  1.347225  1.152817
2.500000  1.336452  1.160655
2.550000  1.325716  1.168465
2.600000  1.314118  1.175879
2.650000  1.302562  1.183266
2.700000  1.290247  1.190199
2.750000  1.277976  1.197108
2.800000  1.265057  1.203510
2.850000  1.252184  1.209890
2.900000  1.238774  1.215715
2.950000  1.225413  1.221520
3.000000  1.211629  1.226728
3.050000  1.197894  1.231921
3.100000  1.183847  1.236480
3.150000  1.169850  1.241026
3.200000  1.155651  1.244912
3.250000  1.141499  1.248787
3.300000  1.127252  1.251980
3.350000  1.113050  1.255166
3.400000  1.098851  1.257655
3.450000  1.084694  1.260142
3.500000  1.070633  1.261925
3.550000  1.056612  1.263707
3.600000  1.042770  1.264786
3.650000  1.028964  1.265868
3.700000  1.015413  1.266253
3.750000  1.001895  1.266643
3.800000  0.988698  1.266349
3.850000  0.975531  1.266063
3.900000  0.962743  1.265110
3.950000  0.949981  1.264167
4.000000  0.937647  1.262580
4.050000  0.925337  1.261006
4.100000  0.913496  1.258814
4.150000  0.901674  1.256636
4.200000  0.890355  1.253872
4.250000  0.879053  1.251122
4.300000  0.868280  1.247819
4.350000  0.857521  1.244532
4.400000  0.847311  1.240726
4.450000  0.837113  1.236938
4.500000  0.827477  1.232667
4.550000  0.817850  1.228414
4.600000  0.808796  1.223717
4.650000  0.799749  1.219037
4.700000  0.791278  1.213952
4.750000  0.782814  1.208885
4.800000  0.774927  1.203450
4.850000  0.767044  1.198033
4.900000  0.759737  1.192287
4.950000  0.752432  1.186557
5.000000  0.745699  1.180537
5.050000  0.738968  1.174532
5.100000  0.732802  1.168273
5.150000  0.726637  1.162030
5.200000  0.721028  1.155567
5.250000  0.715420  1.149119
5.300000  0.710360  1.142486
5.350000  0.705299  1.135868
5.400000  0.700777  1.129096
5.450000  0.696254  1.122339
5.500000  0.692259  1.115460
5.550000  0.688263  1.108595
5.600000  0.684785  1.101637
5.650000  0.681305  1.094692
5.700000  0.678334  1.087682
5.750000  0.675360  1.080684
5.800000  0.672885  1.073648
5.850000  0.670407  1.066624
5.900000  0.668418  1.059586
5.950000  0.666427  1.052559
6.000000  0.664916  1.045542
6.050000  0.663401  1.038535
6.100000  0.662359  1.031559
6.150000  0.661314  1.024593
6.200000  0.660733  1.017679
6.250000  0.660149  1.010773
6.300000  0.660022  1.003938
6.350000  0.659892  0.997112
6.400000  0.660212  0.990373
6.450000  0.660530  0.983643
6.500000  0.661293  0.977016
6.550000  0.662053  0.970398
6.600000  0.663252  0.963899
6.650000  0.664450  0.957407
6.700000  0.666083  0.951048
6.750000  0.667713  0.944697
6.800000  0.669775  0.938492
6.850000  0.671835  0.932294
6.900000  0.674324  0.926254
6.950000  0.676810  0.920221
7.000000  0.679723  0.914358
7.050000  0.682634  0.908501
7.100000  0.685969  0.902825
7.150000  0.689302  0.897154
7.200000  0.693059  0.891675
7.250000  0.696812  0.886201
7.300000  0.700988  0.880928
7.350000  0.705162  0.875659
7.400000  0.709756  0.870600
7.450000  0.714348  0.865547
7.500000  0.719361  0.860711
7.550000  0.724371  0.855880
7.600000  0.729801  0.851274
7.650000  0.735228  0.846674
7.700000  0.741074  0.842307
7.750000  0.746917  0.837946
7.800000  0.753178  0.833825
7.850000  0.759436  0.829708
7.900000  0.766110  0.825841
7.950000  0.772781  0.821978
8.000000  0.779867  0.818370
8.050000  0.786950  0.814767
8.100000  0.794444  0.811427
8.150000  0.801935  0.808091
8.200000  0.809834  0.805024
8.250000  0.817729  0.801963
8.300000  0.826028  0.799177
8.350000  0.834323  0.796397
8.400000  0.843015  0.793900
8.450000  0.851703  0.791407
8.500000  0.860781  0.789205
8.550000  0.869854  0.787008
8.600000  0.879309  0.785108
8.650000  0.888756  0.783213
8.700000  0.898576  0.781623
8.750000  0.908387  0.780037
8.800000  0.918557  0.778764
8.850000  0.928718  0.777496
8.900000  0.939221  0.776548
8.950000  0.949715  0.775604
9.000000  0.960532  0.774987
9.050000  0.971339  0.774376
9.100000  0.982448  0.774100
9.150000  0.993545  0.773828
9.200000  1.004919  0.773900
9.250000  1.016280  0.773976
9.300000  1.027890  0.774404
9.350000  1.039484  0.774836
9.400000  1.051295  0.775628
9.450000  1.063089  0.776423
9.500000  1.075063  0.777587
9.550000  1.087019  0.778754
9.600000  1.099113  0.780298
9.650000  1.111187  0.781844
9.700000  1.123354  0.783775
9.750000  1.135499  0.785709
9.800000  1.147687  0.788033
9.850000  1.159851  0.790361
9.900000  1.172002  0.793087
9.950000  1.184127  0.795815
10.000000  1.196180  0.798948
10.050000  1.208205  0.802083
10.100000  1.220093  0.805628
10.150000  1.231950  0.809174
10.200000  1.243601  0.813136
10.250000  1.255221  0.817097
10.300000  1.266560  0.821477
10.350000  1.277865  0.825857
10.400000  1.288813  0.830656
10.450000  1.299725  0.835454
10.500000  1.310199  0.840673
10.550000  1.320637  0.845888
10.600000  1.330552  0.851522
10.650000  1.340430  0.857151
10.700000  1.349700  0.863194
10.750000  1.358932  0.869231
10.800000  1.367470  0.875673
10.850000  1.375971  0.882109
10.900000  1.383692  0.888939
10.950000  1.391376  0.895761
11.000000  1.398195  0.902962
11.050000  1.404979  0.910154
11.100000  1.410819  0.917706
11.150000  1.416624  0.925246
11.200000  1.421408  0.933125
11.250000  1.426161  0.940990
11.300000  1.429824  0.949166
11.350000  1.433458  0.957325
11.400000  1.435941  0.965764
11.450000  1.438399  0.974185
11.500000  1.439655  0.982848
11.550000  1.440889  0.991490
11.600000  1.440881  1.000333
11.650000  1.440857  1.009154
11.700000  1.439562  1.018129
11.750000  1.438257  1.027079
11.800000  1.435667  1.036134
11.850000  1.433074  1.045162
11.900000  1.429195  1.054239
11.950000  1.425319  1.063289
12.000000  1.420175  1.072329
12.050000  1.415039  1.081340
12.100000  1.408665  1.090280
12.150000  1.402306  1.099192
12.200000  1.394755  1.107969
12.250000  1.387226  1.116716
12.300000  1.378564  1.125266
12.350000  1.369930  1.133785
12.400000  1.360236  1.142043
12.450000  1.350576  1.150271
12.500000  1.339941  1.158173
12.550000  1.329344  1.166047
12.600000  1.317868  1.173534
12.650000  1.306433  1.180995
12.700000  1.294222  1.188010
12.750000  1.282056  1.195001
12.800000  1.269222  1.201492
12.850000  1.256435  1.207962
12.900000  1.243093  1.213883
12.950000  1.229799  1.219784
13.000000  1.216064  1.225095
13.050000  1.202377  1.230389
13.100000  1.188362  1.235055
13.150000  1.174396  1.239708
13.200000  1.160211  1.243703
13.250000  1.146074  1.247688
13.300000  1.131824  1.250993
13.350000  1.117620  1.254291
13.400000  1.103404  1.256894
13.450000  1.089231  1.259494
13.500000  1.075139  1.261390
13.550000  1.061088  1.263285
13.600000  1.047202  1.264477
13.650000  1.033354  1.265670
13.700000  1.019749  1.266165
13.750000  1.006178  1.266665
13.800000  0.992918  1.266478
13.850000  0.979688  1.266299
13.900000  0.966829  1.265449
13.950000  0.953997  1.264610
14.000000  0.941585  1.263122
14.050000  0.929198  1.261647
14.100000  0.917273  1.259549
14.150000  0.905369  1.257465
14.200000  0.893963  1.254790
14.250000  0.882574  1.252128
14.300000  0.871711  1.248908
14.350000  0.860862  1.245704
14.400000  0.850559  1.241975
14.450000  0.840268  1.238263
14.500000  0.830538  1.234064
14.550000  0.820819  1.229881
14.600000  0.811669  1.225249
14.650000  0.802528  1.220634
14.700000  0.793963  1.215607
14.750000  0.785404  1.210598
14.800000  0.777422  1.205216
14.850000  0.769446  1.199850
14.900000  0.762045  1.194150
14.950000  0.754648  1.188467
15.000000  0.747822  1.182487
15.050000  0.740999  1.176523
15.100000  0.734742  1.170298
15.150000  0.728486  1.164089
15.200000  0.722788  1.157655
15.250000  0.717091  1.151237
15.300000  0.711943  1.144627
15.350000  0.706795  1.138033
15.400000  0.702187  1.131280
15.450000  0.697578  1.124542
15.500000  0.693500  1.117677
15.550000  0.689419  1.110825
15.600000  0.685859  1.103877
15.650000  0.682297  1.096941
15.700000  0.679245  1.089937
15.750000  0.676190  1.082945
15.800000  0.673636  1.075910
15.850000  0.671079  1.068887
15.900000  0.669013  1.061847
15.950000  0.666944  1.054818
16.000000  0.665357  1.047794
16.050000  0.663767  1.040781
16.100000  0.662650  1.033796
16.150000  0.661531  1.026821
16.200000  0.660876  1.019895
16.250000  0.660219  1.012977
16.300000  0.660019  1.006127
16.350000  0.659817  0.999286
16.400000  0.660066  0.992529
16.450000  0.660313  0.985781
16.500000  0.661005  0.979135
16.550000  0.661695  0.972497
16.600000  0.662825  0.965975
16.650000  0.663953  0.959461
16.700000  0.665517  0.953078
16.750000  0.667078  0.946702
16.800000  0.669072  0.940471
16.850000  0.671064  0.934246
16.900000  0.673485  0.928179
16.950000  0.675903  0.922117
17.000000  0.678749  0.916224
17.050000  0.681592  0.910338
17.100000  0.684860  0.904630
17.150000  0.688126  0.898928
17.200000  0.691815  0.893416
17.250000  0.695502  0.887909
17.300000  0.699611  0.882601
17.350000  0.703718  0.877299
17.400000  0.708246  0.872204
17.450000  0.712771  0.867115
17.500000  0.717717  0.862242
17.550000  0.722661  0.857374
17.600000  0.728024  0.852730
17.650000  0.733385  0.848092
17.700000  0.739165  0.843686
17.750000  0.744942  0.839285
17.800000  0.751137  0.835123
17.850000  0.757330  0.830967
17.900000  0.763939  0.827057
17.950000  0.770545  0.823152
18.000000  0.777566  0.819502
18.050000  0.784583  0.815856
18.100000  0.792013  0.812472
18.150000  0.799440  0.809092
18.200000  0.807275  0.805981
18.250000  0.815107  0.802875
18.300000  0.823343  0.800043
18.350000  0.831575  0.797217
18.400000  0.840206  0.794673
18.450000  0.848832  0.792133
18.500000  0.857850  0.789883
18.550000  0.866863  0.787637
18.600000  0.876259  0.785688
18.650000  0.885649  0.783744
18.700000  0.895412  0.782103
18.750000  0.905167  0.780467
18.800000  0.915283  0.779143
18.850000  0.925391  0.777823
18.900000  0.935844  0.776821
18.950000  0.946287  0.775825
19.000000  0.957057  0.775155
19.050000  0.967816  0.774489
19.100000  0.978882  0.774158
19.150000  0.989936  0.773831
19.200000  1.001272  0.773846
19.250000  1.012594  0.773866
19.300000  1.024170  0.774236
19.350000  1.035731  0.774610
19.400000  1.047514  0.775343
19.450000  1.059281  0.776080
19.500000  1.071234  0.777183
19.550000  1.083168  0.778290
19.600000  1.095249  0.779772
19.650000  1.107309  0.781258
19.700000  1.119470  0.783126
19.750000  1.131609  0.784997
19.800000  1.143800  0.787258
19.850000  1.155967  0.789522
19.900000  1.168131  0.792184
19.950000  1.180268  0.794848
20.000000  1.192344  0.797915
20.050000  1.204392  0.800985
20.100000  1.216313  0.804464
20.150000  1.228205  0.807944
20.200000  1.239902  0.811839
20.250000  1.251567  0.815734
20.300000  1.262964  0.820047
20.350000  1.274327  0.824360
20.400000  1.285346  0.829093
20.450000  1.296330  0.833825
20.500000  1.306888  0.838977
20.550000  1.317410  0.844126
20.600000  1.327423  0.849694
20.650000  1.337399  0.855258
20.700000  1.346780  0.861237
20.750000  1.356125  0.867210
20.800000  1.364788  0.873590
20.850000  1.373415  0.879963
20.900000  1.381274  0.886734
20.950000  1.389097  0.893495
21.000000  1.396069  0.900640
21.050000  1.403005  0.907774
21.100000  1.409008  0.915273
21.150000  1.414977  0.922760
21.200000  1.419938  0.930590
21.250000  1.424865  0.938406
21.300000  1.428714  0.946538
21.350000  1.432533  0.954654
21.400000  1.435210  0.963055
21.450000  1.437861  0.971438
21.500000  1.439317  0.980069
21.550000  1.440751  0.988680
21.600000  1.440948  0.997500
21.650000  1.441128  1.006297
21.700000  1.440040  1.015256
21.750000  1.438942  1.024191
21.800000  1.436559  1.033238
21.850000  1.434172  1.042260
21.900000  1.430498  1.051339
21.950000  1.426826  1.060391
22.000000  1.421882  1.069443
22.050000  1.416945  1.078467
22.100000  1.410763  1.087430
22.150000  1.404596  1.096363
22.200000  1.397228  1.105173
22.250000  1.389881  1.113953
22.300000  1.381390  1.122545
22.350000  1.372926  1.131108
22.400000  1.363390  1.139418
22.450000  1.353886  1.147699
22.500000  1.343393  1.155664
22.550000  1.332937  1.163601
22.600000  1.321586  1.171161
22.650000  1.310276  1.178693
22.700000  1.298172  1.185789
22.750000  1.286113  1.192861
22.800000  1.273368  1.199441
22.850000  1.260670  1.205999
22.900000  1.247399  1.212016
22.950000  1.234175  1.218013
23.000000  1.220492  1.223425
23.050000  1.206858  1.228820
23.100000  1.192877  1.233593
23.150000  1.178944  1.238351
23.200000  1.164777  1.242456
23.250000  1.150656  1.246551
23.300000  1.136407  1.249968
23.350000  1.122204  1.253379
23.400000  1.107973  1.256095
23.450000  1.093785  1.258808
23.500000  1.079665  1.260817
23.550000  1.065585  1.262826
23.600000  1.051658  1.264130
23.650000  1.037770  1.265436
23.700000  1.024112  1.266042
23.750000  1.010489  1.266653
23.800000  0.997167  1.266574
23.850000  0.983876  1.266502
23.900000  0.970947  1.265757
23.950000  0.958045  1.265021
24.000000  0.945557  1.263634
24.050000  0.933093  1.262258
24.100000  0.921085  1.260256
24.150000  0.909100  1.258267
24.200000  0.897606  1.255681
24.250000  0.886131  1.253109
24.300000  0.875178  1.249973
24.350000  0.864239  1.246852
24.400000  0.853844  1.243202
24.450000  0.843461  1.239568
24.500000  0.833637  1.235440
24.550000  0.823823  1.231330
24.600000  0.814580  1.226763
24.650000  0.805344  1.222214
24.700000  0.796684  1.217247
24.750000  0.788030  1.212297
24.800000  0.779954  1.206968
24.850000  0.771883  1.201656
24.900000  0.764389  1.196003
24.950000  0.756897  1.190367
25.000000  0.749980  1.184428
25.050000  0.743064  1.178505
25.100000  0.736716  1.172316
25.150000  0.730368  1.166143
25.200000  0.724581  1.159739
25.250000  0.718794  1.153350
25.300000  0.713558  1.146765
25.350000  0.708322  1.140196
25.400000  0.703628  1.133463
25.450000  0.698933  1.126744
25.500000  0.694769  1.119894
25.550000  0.690605  1.113057
25.600000  0.686962  1.106119
25.650000  0.683317  1.099194
25.700000  0.680184  1.092195
25.750000  0.677048  1.085209
25.800000  0.674415  1.078176
25.850000  0.671778  1.071155
25.900000  0.669635  1.064113
25.950000  0.667488  1.057082
26.000000  0.665824  1.050053
26.050000  0.664158  1.043035
26.100000  0.662966  1.036041
26.150000  0.661771  1.029058
26.200000  0.661043  1.022119
26.250000  0.660312  1.015190
26.300000  0.660040  1.008325
26.350000  0.659765  1.001469
26.400000  0.659943  0.994696
26.450000  0.660118  0.987931
26.500000  0.660740  0.981265
26.550000  0.661359  0.974607
26.600000  0.662419  0.968063
26.650000  0.663477  0.961527
26.700000  0.664972  0.955120
26.750000  0.666464  0.948720
26.800000  0.668390  0.942463
26.850000  0.670312  0.936212
26.900000  0.672665  0.930116
26.950000  0.675016  0.924027
27.000000  0.677794  0.918105
27.050000  0.680569  0.912188
27.100000  0.683770  0.906449
27.150000  0.686968  0.900716
27.200000  0.690590  0.895171
27.250000  0.694210  0.889632
27.300000  0.698252  0.884290
27.350000  0.702292  0.878953
27.400000  0.706753  0.873823
27.450000  0.711212  0.868698
27.500000  0.716092  0.863788
27.550000  0.720969  0.858883
27.600000  0.726266  0.854202
27.650000  0.731560  0.849525
27.700000  0.737274  0.845080
27.750000  0.742985  0.840639
27.800000  0.749114  0.836438
27.850000  0.755240  0.832241
27.900000  0.761784  0.828290
27.950000  0.768324  0.824343
28.000000  0.775280  0.820650
28.050000  0.782232  0.816962
28.100000  0.789598  0.813534
28.150000  0.796959  0.810111
28.200000  0.804731  0.806955
28.250000  0.812499  0.803803
28.300000  0.820672  0.800926
28.350000  0.828841  0.798054
28.400000  0.837410  0.795462
28.450000  0.845974  0.792876
28.500000  0.854932  0.790577
28.550000  0.863885  0.788284
28.600000  0.873222  0.786286
28.650000  0.882553  0.784292
28.700000  0.892260  0.782601
28.750000  0.901958  0.780915
28.800000  0.912020  0.779539
28.850000  0.922074  0.778167
28.900000  0.932475  0.777113
28.950000  0.942867  0.776064
29.000000  0.953589  0.775339
29.050000  0.964301  0.774620
29.100000  0.975323  0.774233
29.150000  0.986332  0.773851
29.200000  0.997628  0.773810
29.250000  1.008911  0.773774
29.300000  1.020453  0.774086
29.350000  1.031979  0.774403
29.400000  1.043734  0.775077
29.450000  1.055472  0.775755
29.500000  1.067402  0.776798
29.550000  1.079315  0.777845
29.600000  1.091380  0.779266
29.650000  1.103425  0.780690
29.700000  1.115579  0.782495
29.750000  1.127711  0.784304
29.800000  1.139903  0.786502
29.850000  1.152072  0.788703
29.900000  1.164246  0.791300
29.950000  1.176395  0.793899
30.000000  1.188492  0.796901
30.050000  1.200561  0.799905
30.100000  1.212514  0.803318
30.150000  1.224438  0.806733
30.200000  1.236179  0.810561
30.250000  1.247888  0.814390
30.300000  1.259341  0.818636
30.350000  1.270761  0.822882
30.400000  1.281848  0.827548
30.450000  1.292901  0.832213
30.500000  1.303542  0.837298
30.550000  1.314146  0.842381
30.600000  1.324255  0.847884
30.650000  1.334327  0.853382
30.700000  1.343819  0.859296
30.750000  1.353273  0.865205
30.800000  1.362060  0.871522
30.850000  1.370810  0.877833
30.900000  1.378807  0.884542
30.950000  1.386766  0.891244
31.000000  1.393889  0.898331
31.050000  1.400975  0.905407
31.100000  1.407141  0.912852
31.150000  1.413272  0.920286
31.200000  1.418407  0.928065
31.250000  1.423508  0.935832
31.300000  1.427541  0.943919
31.350000  1.431544  0.951990
31.400000  1.434414  0.960352
31.450000  1.437258  0.968696
31.500000  1.438913  0.977295
31.550000  1.440547  0.985874
31.600000  1.440948  0.994668
31.650000  1.441332  1.003439
31.700000  1.440452  1.012382
31.750000  1.439561  1.021300
31.800000  1.437386  1.030338
31.850000  1.435206  1.039352
31.900000  1.431739  1.048432
31.950000  1.428271  1.057485
32.000000  1.423528  1.066547
32.050000  1.418792  1.075582
32.100000  1.412805  1.084565
32.150000  1.406831  1.093519
32.200000  1.399648  1.102360
32.250000  1.392485  1.111171
32.300000  1.384168  1.119805
32.350000  1.375876  1.128409
32.400000  1.366500  1.136771
32.450000  1.357155  1.145103
32.500000  1.346807  1.153130
32.550000  1.336496  1.161128
32.600000  1.325273  1.168758
32.650000  1.314090  1.176362
32.700000  1.302097  1.183538
32.750000  1.290148  1.190689
32.800000  1.277496  1.197357
32.850000  1.264889  1.204002
32.900000  1.251692  1.210114
32.950000  1.238542  1.216205
33.000000  1.224914  1.221719
33.050000  1.211334  1.227214
33.100000  1.197390  1.232093
33.150000  1.183495  1.236957
33.200000  1.169347  1.241172
33.250000  1.155246  1.245375
33.300000  1.141000  1.248905
33.350000  1.126800  1.252427
33.400000  1.112556  1.255258
33.450000  1.098357  1.258083
33.500000  1.084210  1.260207
33.550000  1.070104  1.262330
33.600000  1.056138  1.263747
33.650000  1.042210  1.265166
33.700000  1.028502  1.265883
33.750000  1.014829  1.266605
33.800000  1.001446  1.266634
33.850000  0.988095  1.266671
33.900000  0.975096  1.266031
33.950000  0.962126  1.265401
34.000000  0.949561  1.264114
34.050000  0.937022  1.262839
34.100000  0.924933  1.260933
34.150000  0.912866  1.259040
34.200000  0.901286  1.256545
34.250000  0.889725  1.254064
34.300000  0.878681  1.251013
34.350000  0.867653  1.247977
34.400000  0.857165  1.244406
34.450000  0.846691  1.240851
34.500000  0.836773  1.236797
34.550000  0.826866  1.232759
34.600000  0.817527  1.228260
34.650000  0.808196  1.223777
34.700000  0.799441  1.218871
34.750000  0.790692  1.213981
34.800000  0.782522  1.208707
34.850000  0.774356  1.203449
34.900000  0.766768  1.197845
34.950000  0.759183  1.192257
35.000000  0.752172  1.186360
35.050000  0.745163  1.180480
35.100000  0.738723  1.174327
35.150000  0.732284  1.168190
35.200000  0.726407  1.161817
35.250000  0.720529  1.155460
35.300000  0.715205  1.148900
35.350000  0.709881  1.142356
35.400000  0.705100  1.135644
35.450000  0.700318  1.128946
35.500000  0.696069  1.122111
35.550000  0.691820  1.115290
35.600000  0.688094  1.108362
35.650000  0.684365  1.101448
35.700000  0.681151  1.094456
35.750000  0.677934  1.087477
35.800000  0.675220  1.080446
35.850000  0.672504  1.073428
35.900000  0.670282  1.066385
35.950000  0.668058  1.059353
36.000000  0.666317  1.052319
36.050000  0.664574  1.045296
36.100000  0.663307  1.038294
36.150000  0.662037  1.031302
36.200000  0.661235  1.024353
36.250000  0.660429  1.017412
36.300000  0.660085  1.010533
36.350000  0.659737  1.003663
36.400000  0.659843  0.996873
36.450000  0.659946  0.990091
36.500000  0.660497  0.983405
36.550000  0.661045  0.976728
36.600000  0.662035  0.970163
36.650000  0.663023  0.963605
36.700000  0.664448  0.957174
36.750000  0.665871  0.950751
36.800000  0.667728  0.944467
36.850000  0.669582  0.938191
36.900000  0.671866  0.932068
36.950000  0.674148  0.925951
37.000000  0.676858  0.919999
37.050000  0.679566  0.914053
37.100000  0.682699  0.908283
37.150000  0.685830  0.902519
37.200000  0.689385  0.896941
37.250000  0.692937  0.891369
37.300000  0.696912  0.885993
37.350000  0.700885  0.880622
37.400000  0.705279  0.875457
37.450000  0.709671  0.870296
37.500000  0.714484  0.865350
37.550000  0.719294  0.860408
37.600000  0.724525  0.855689
37.650000  0.729752  0.850974
37.700000  0.735400  0.846490
37.750000  0.741044  0.842010
37.800000  0.747107  0.837768
37.850000  0.753168  0.833531
37.900000  0.759645  0.829538
37.950000  0.766120  0.825551
38.000000  0.773010  0.821815
38.050000  0.779897  0.818084
38.100000  0.787198  0.814613
38.150000  0.794495  0.811146
38.200000  0.802202  0.807945
38.250000  0.809906  0.804749
38.300000  0.818016  0.801826
38.350000  0.826121  0.798907
38.400000  0.834628  0.796269
38.450000  0.843130  0.793636
38.500000  0.852028  0.791289
38.550000  0.860919  0.788948
38.600000  0.870198  0.786900
38.650000  0.879469  0.784857
38.700000  0.889119  0.783116
38.750000  0.898760  0.781380
38.800000  0.908767  0.779952
38.850000  0.918766  0.778529
38.900000  0.929115  0.777422
38.950000  0.939455  0.776320
39.000000  0.950129  0.775542
39.050000  0.960792  0.774769
39.100000  0.971769  0.774327
39.150000  0.982734  0.773890
39.200000  0.993990  0.773793
39.250000  1.005232  0.773700
39.300000  1.016738  0.773955
39.350000  1.028230  0.774214
39.400000  1.039954  0.774829
39.450000  1.051663  0.775448
39.500000  1.063570  0.776431
39.550000  1.075459  0.777418
39.600000  1.087507  0.778778
39.650000  1.099536  0.780141
39.700000  1.111682  0.781884
39.750000  1.123805  0.783630
39.800000  1.135997  0.785765
39.850000  1.148166  0.787902
39.900000  1.160350  0.790434
39.950000  1.172508  0.792969
40.000000  1.184624  0.795906
40.050000  1.196713  0.798845
40.100000  1.208697  0.802192
40.150000  1.220651  0.805540
40.200000  1.232434  0.809301
40.250000  1.244185  0.813064
40.300000  1.255692  0.817243
40.350000  1.267166  0.821422
40.400000  1.278321  0.826021
40.450000  1.289441  0.830619
40.500000  1.300161  0.835638
40.550000  1.310846  0.840654
40.600000  1.321049  0.846090
40.650000  1.331215  0.851523
40.700000  1.340815  0.857372
40.750000  1.350376  0.863216
40.800000  1.359286  0.869470
40.850000  1.368157  0.875718
40.900000  1.376289  0.882366
40.950000  1.384384  0.889006
41.000000  1.391655  0.896035
41.050000  1.398889  0.903053
41.100000  1.405217  0.910443
41.150000  1.411509  0.917822
41.200000  1.416816  0.925551
41.250000  1.422090  0.933267
41.300000  1.426306  0.941308
41.350000  1.430492  0.949334
41.400000  1.433554  0.957655
41.450000  1.436589  0.965959
41.500000  1.438444  0.974524
41.550000  1.440277  0.983070
41.600000  1.440883  0.991837
41.650000  1.441471  1.000583
41.700000  1.440799  1.009506
41.750000  1.440114  1.018406
41.800000  1.438148  1.027435
41.850000  1.436175  1.036438
41.900000  1.432915  1.045518
41.950000  1.429654  1.054570
42.000000  1.425113  1.063642
42.050000  1.420578  1.072685
42.100000  1.414788  1.081688
42.150000  1.409009  1.090661
42.200000  1.402014  1.099531
42.250000  1.395036  1.108372
42.300000  1.386895  1.117045
42.350000  1.378779  1.125689
42.400000  1.369566  1.134101
42.450000  1.360383  1.142483
42.500000  1.350182  1.150570
42.550000  1.340018  1.158628
42.600000  1.328926  1.166328
42.650000  1.317874  1.174001
42.700000  1.305995  1.181255
42.750000  1.294159  1.188485
42.800000  1.281602  1.195240
42.850000  1.269091  1.201971
42.900000  1.255970  1.208177
42.950000  1.242897  1.214362
43.000000  1.229327  1.219976
43.050000  1.215806  1.225571
43.100000  1.201902  1.230555
43.150000  1.188047  1.235524
43.200000  1.173920  1.239849
43.250000  1.159842  1.244161
43.300000  1.145602  1.247803
43.350000  1.131407  1.251437
43.400000  1.117154  1.254381
43.450000  1.102945  1.257320
43.500000  1.088773  1.259559
43.550000  1.074643  1.261795
43.600000  1.060639  1.263326
43.650000  1.046674  1.264858
43.700000  1.032917  1.265688
43.750000  1.019195  1.266521
43.800000  1.005753  1.266660
43.850000  0.992344  1.266806
43.900000  0.979277  1.266272
43.950000  0.966239  1.265747
44.000000  0.953600  1.264563
44.050000  0.940985  1.263389
44.100000  0.928815  1.261580
44.150000  0.916667  1.259784
44.200000  0.905002  1.257381
44.250000  0.893355  1.254992
44.300000  0.882222  1.252028
44.350000  0.871104  1.249078
44.400000  0.860524  1.245588
44.450000  0.849958  1.242113
44.500000  0.839946  1.238133
44.550000  0.829945  1.234169
44.600000  0.820511  1.229738
44.650000  0.811086  1.225323
44.700000  0.802235  1.220478
44.750000  0.793392  1.215651
44.800000  0.785126  1.210432
44.850000  0.776865  1.205230
44.900000  0.769182  1.199675
44.950000  0.761503  1.194137
45.000000  0.754399  1.188283
45.050000  0.747297  1.182446
45.100000  0.740764  1.176331
45.150000  0.734234  1.170232
45.200000  0.728266  1.163890
45.250000  0.722298  1.157565
45.300000  0.716885  1.151032
45.350000  0.711471  1.144514
45.400000  0.706603  1.137823
45.450000  0.701734  1.131146
45.500000  0.697400  1.124328
45.550000  0.693065  1.117523
45.600000  0.689255  1.110607
45.650000  0.685443  1.103705
45.700000  0.682146  1.096720
45.750000  0.678848  1.089748
45.800000  0.676054  1.082721
45.850000  0.673258  1.075706
45.900000  0.670957  1.068662
45.950000  0.668653  1.061629
46.000000  0.666836  1.054591
46.050000  0.665016  1.047564
46.100000  0.663673  1.040555
46.150000  0.662327  1.033555
46.200000  0.661450  1.026594
46.250000  0.660571  1.019643
46.300000  0.660153  1.012751
46.350000  0.659732  1.005867
46.400000  0.659766  0.999060
46.450000  0.659797  0.992262
46.500000  0.660276  0.985557
46.550000  0.660753  0.978861
46.600000  0.661673  0.972274
46.650000  0.662590  0.965695
46.700000  0.663946  0.959241
46.750000  0.665299  0.952794
46.800000  0.667087  0.946485
46.850000  0.668872  0.940183
46.900000  0.671088  0.934032
46.950000  0.673301  0.927888
47.000000  0.675943  0.921906
47.050000  0.678583  0.915931
47.100000  0.681648  0.910130
47.150000  0.684711  0.904336
47.200000  0.688198  0.898725
47.250000  0.691683  0.893121
47.300000  0.695591  0.887711
47.350000  0.699496  0.882306
47.400000  0.703823  0.877105
47.450000  0.708148  0.871910
47.500000  0.712894  0.866927
47.550000  0.717638  0.861949
47.600000  0.722801  0.857191
47.650000  0.727962  0.852439
47.700000  0.733543  0.847915
47.750000  0.739121  0.843397
47.800000  0.745118  0.839115
47.850000  0.751112  0.834837
47.900000  0.757524  0.830803
47.950000  0.763932  0.826774
48.000000  0.770757  0.822996
48.050000  0.777578  0.819223
48.100000  0.784814  0.815708
48.150000  0.792045  0.812197
48.200000  0.799689  0.808952
48.250000  0.807327  0.805711
48.300000  0.815374  0.802742
48.350000  0.823416  0.799778
48.400000  0.831861  0.797093
48.450000  0.840300  0.794413
48.500000  0.849136  0.792018
48.550000  0.857966  0.789629
48.600000  0.867185  0.787532
48.650000  0.876398  0.785440
48.700000  0.885989  0.783649
48.750000  0.895573  0.781862
48.800000  0.905525  0.780383
48.850000  0.915469  0.778909
48.900000  0.925765  0.777749
48.950000  0.936053  0.776595
49.000000  0.946677  0.775763
49.050000  0.957291  0.774936
49.100000  0.968222  0.774439
49.150000  0.979142  0.773947
49.200000  0.990356  0.773793
49.250000  1.001558  0.773644
49.300000  1.013027  0.773842
49.350000  1.024482  0.774043
49.400000  1.036176  0.774600
49.450000  1.047854  0.775160
49.500000  1.059736  0.776083
49.550000  1.071601  0.777011
49.600000  1.083631  0.778309
49.650000  1.095643  0.779611
49.700000  1.107778  0.781291
49.750000  1.119892  0.782975
49.800000  1.132083  0.785046
49.850000  1.144250  0.787120
49.900000  1.156442  0.789588
49.950000  1.168608  0.792058
50.000000  1.180742  0.794930
50.050000  1.192848  0.797803
50.100000  1.204861  0.801084
50.150000  1.216844  0.804366
50.200000  1.228666  0.808061
50.250000  1.240458  0.811756
50.300000  1.252017  0.815869
50.350000  1.263544  0.819981
50.400000  1.274763  0.824513
50.450000  1.285949  0.829044
50.500000  1.296747  0.833995
50.550000  1.307511  0.838945
50.600000  1.317806  0.844315
50.650000  1.328064  0.849681
50.700000  1.337769  0.855465
50.750000  1.347437  0.861244
50.800000  1.356465  0.867434
50.850000  1.365457  0.873618
50.900000  1.373722  0.880204
50.950000  1.381951  0.886783
51.000000  1.389368  0.893753
51.050000  1.396749  0.900713
51.100000  1.403236  0.908047
51.150000  1.409688  0.915370
51.200000  1.415166  0.923048
51.250000  1.420611  0.930712
51.300000  1.425010  0.938706
51.350000  1.429377  0.946686
51.400000  1.432630  0.954966
51.450000  1.435856  0.963229
51.500000  1.437910  0.971759
51.550000  1.439940  0.980270
51.600000  1.440751  0.989009
51.650000  1.441543  0.997728
51.700000  1.441079  1.006631
51.750000  1.440601  1.015511
51.800000  1.438844  1.024528
51.850000  1.437080  1.033521
51.900000  1.434027  1.042598
51.950000  1.430973  1.051648
52.000000  1.426636  1.060727
52.050000  1.422305  1.069778
52.100000  1.416712  1.078798
52.150000  1.411130  1.087789
52.200000  1.404324  1.096687
52.250000  1.397535  1.105555
52.300000  1.389572  1.114266
52.350000  1.381633  1.122948
52.400000  1.372585  1.131409
52.450000  1.363567  1.139840
52.500000  1.353517  1.147985
52.550000  1.343502  1.156102
52.600000  1.332545  1.163870
52.650000  1.321627  1.171611
52.700000  1.309864  1.178943
52.750000  1.298145  1.186249
52.800000  1.285686  1.193090
52.850000  1.273274  1.199907
52.900000  1.260233  1.206206
52.950000  1.247239  1.212484
53.000000  1.233731  1.218197
53.050000  1.220271  1.223891
53.100000  1.206410  1.228980
53.150000  1.192598  1.234054
53.200000  1.178497  1.238487
53.250000  1.164444  1.242909
53.300000  1.150212  1.246663
53.350000  1.136026  1.250408
53.400000  1.121765  1.253466
53.450000  1.107548  1.256519
53.500000  1.093354  1.258872
53.550000  1.079202  1.261222
53.600000  1.065163  1.262868
53.650000  1.051163  1.264513
53.700000  1.037358  1.265455
53.750000  1.023589  1.266401
53.800000  1.010090  1.266650
53.850000  0.996623  1.266906
53.900000  0.983489  1.266479
53.950000  0.970385  1.266061
54.000000  0.957671  1.264979
54.050000  0.944983  1.263908
54.100000  0.932732  1.262198
54.150000  0.920504  1.260500
54.200000  0.908753  1.258190
54.250000  0.897021  1.255894
54.300000  0.885799  1.253017
54.350000  0.874593  1.250155
54.400000  0.863920  1.246745
54.450000  0.853262  1.243352
54.500000  0.843156  1.239448
54.550000  0.833062  1.235560
54.600000  0.823533  1.231197
54.650000  0.814013  1.226852
54.700000  0.805067  1.222070
54.750000  0.796127  1.217305
54.800000  0.787766  1.212143
54.850000  0.779410  1.206998
54.900000  0.771633  1.201493
54.950000  0.763859  1.196005
55.000000  0.756661  1.190196
55.050000  0.749465  1.184403
55.100000  0.742840  1.178326
55.150000  0.736217  1.172266
55.200000  0.730158  1.165957
55.250000  0.724099  1.159665
55.300000  0.718596  1.153159
55.350000  0.713093  1.146669
55.400000  0.708138  1.140000
55.450000  0.703181  1.133345
55.500000  0.698761  1.126544
55.550000  0.694340  1.119757
55.600000  0.690446  1.112853
55.650000  0.686550  1.105963
55.700000  0.683171  1.098987
55.750000  0.679790  1.092023
55.800000  0.676915  1.085000
55.850000  0.674038  1.077989
55.900000  0.671658  1.070944
55.950000  0.669276  1.063912
56.000000  0.667381  1.056870
56.050000  0.665483  1.049839
56.100000  0.664064  1.042822
56.150000  0.662642  1.035816
56.200000  0.661691  1.028845
56.250000  0.660737  1.021883
56.300000  0.660245  1.014977
56.350000  0.659751  1.008080
56.400000  0.659712  1.001257
56.450000  0.659671  0.994443
56.500000  0.660079  0.987720
56.550000  0.660484  0.981005
56.600000  0.661333  0.974397
56.650000  0.662180  0.967797
56.700000  0.663466  0.961319
56.750000  0.664749  0.954849
56.800000  0.666467  0.948515
56.850000  0.668183  0.942188
56.900000  0.670330  0.936009
56.950000  0.672475  0.929838
57.000000  0.675048  0.923828
57.050000  0.677619  0.917824
57.100000  0.680617  0.911992
57.150000  0.683612  0.906167
57.200000  0.687031  0.900524
57.250000  0.690448  0.894887
57.300000  0.694289  0.889443
57.350000  0.698127  0.884005
57.400000  0.702387  0.878769
57.450000  0.706644  0.873538
57.500000  0.711323  0.868519
57.550000  0.715999  0.863504
57.600000  0.721096  0.858709
57.650000  0.726190  0.853919
57.700000  0.731704  0.849357
57.750000  0.737215  0.844799
57.800000  0.743146  0.840477
57.850000  0.749073  0.836159
57.900000  0.755419  0.832084
57.950000  0.761761  0.828014
58.000000  0.768520  0.824194
58.050000  0.775275  0.820378
58.100000  0.782446  0.816819
58.150000  0.789612  0.813265
58.200000  0.797190  0.809975
58.250000  0.804765  0.806690
58.300000  0.812747  0.803676
58.350000  0.820725  0.800666
58.400000  0.829107  0.797934
58.450000  0.837484  0.795207
58.500000  0.846258  0.792765
58.550000  0.855027  0.790327
58.600000  0.864186  0.788182
58.650000  0.873338  0.786041
58.700000  0.882872  0.784199
58.750000  0.892398  0.782362
58.800000  0.902294  0.780832
58.850000  0.912181  0.779306
58.900000  0.922425  0.778094
58.950000  0.932660  0.776887
59.000000  0.943234  0.776002
59.050000  0.953798  0.775121
59.100000  0.964683  0.774569
59.150000  0.975556  0.774022
59.200000  0.986728  0.773812
59.250000  0.997887  0.773607
59.300000  1.009320  0.773747
59.350000  1.020738  0.773891
59.400000  1.032399  0.774389
59.450000  1.044045  0.774891
59.500000  1.055902  0.775754
59.550000  1.067741  0.776621
59.600000  1.079753  0.777859
59.650000  1.091746  0.779099
59.700000  1.103870  0.780718
59.750000  1.115973  0.782340
59.800000  1.128160  0.784347
59.850000  1.140325  0.786357
59.900000  1.152522  0.788761
59.950000  1.164695  0.791167
60.000000  1.176845  0.793973
60.050000  1.188968  0.796781
60.100000  1.201007  0.799995
60.150000  1.213017  0.803211
60.200000  1.224878  0.806839
60.250000  1.236708  0.810468
60.300000  1.248317  0.814513
60.350000  1.259895  0.818558
60.400000  1.271177  0.823023
60.450000  1.282426  0.827486
60.500000  1.293301  0.832371
60.550000  1.304140  0.837253
60.600000  1.314525  0.842556
60.650000  1.324873  0.847857
60.700000  1.334682  0.853574
60.750000  1.344454  0.859288
60.800000  1.353600  0.865414
60.850000  1.362709  0.871534
60.900000  1.371106  0.878058
60.950000  1.379466  0.884575
61.000000  1.387029  0.891485
61.050000  1.394555  0.898385
61.100000  1.401200  0.905663
61.150000  1.407809  0.912930
61.200000  1.413457  0.920555
61.250000  1.419072  0.928168
61.300000  1.423651  0.936114
61.350000  1.428198  0.944046
61.400000  1.431642  0.952284
61.450000  1.435058  0.960505
61.500000  1.437310  0.968999
61.550000  1.439538  0.977474
61.600000  1.440553  0.986184
61.650000  1.441548  0.994873
61.700000  1.441292  1.003756
61.750000  1.441021  1.012615
61.800000  1.439474  1.021619
61.850000  1.437918  1.030598
61.900000  1.435074  1.039672
61.950000  1.432228  1.048718
62.000000  1.428097  1.057803
62.050000  1.423969  1.066860
62.100000  1.418576  1.075896
62.150000  1.413193  1.084903
62.200000  1.406578  1.093827
62.250000  1.399979  1.102721
62.300000  1.392197  1.111469
62.350000  1.384438  1.120188
62.400000  1.375558  1.128695
62.450000  1.366706  1.137173
62.500000  1.356810  1.145375
62.550000  1.346948  1.153549
62.600000  1.336128  1.161384
62.650000  1.325347  1.169192
62.700000  1.313704  1.176600
62.750000  1.302104  1.183982
62.800000  1.289748  1.190907
62.850000  1.277437  1.197809
62.900000  1.264479  1.204200
62.950000  1.251569  1.210570
63.000000  1.238125  1.216382
63.050000  1.224729  1.222175
63.100000  1.210914  1.227368
63.150000  1.197148  1.232545
63.200000  1.183075  1.237088
63.250000  1.169051  1.241617
63.300000  1.154829  1.245484
63.350000  1.140655  1.249340
63.400000  1.126388  1.252513
63.450000  1.112167  1.255679
63.500000  1.097952  1.258146
63.550000  1.083781  1.260611
63.600000  1.069708  1.262371
63.650000  1.055675  1.264131
63.700000  1.041824  1.265186
63.750000  1.028010  1.266244
63.800000  1.014454  1.266605
63.850000  1.000931  1.266971
63.900000  0.987732  1.266652
63.950000  0.974563  1.266341
64.000000  0.961775  1.265364
64.050000  0.949014  1.264396
64.100000  0.936684  1.262785
64.150000  0.924376  1.261186
64.200000  0.912540  1.258970
64.250000  0.900724  1.256768
64.300000  0.889413  1.253979
64.350000  0.878118  1.251206
64.400000  0.867354  1.247879
64.450000  0.856604  1.244569
64.500000  0.846404  1.240741
64.550000  0.836216  1.236929
64.600000  0.826592  1.232637
64.650000  0.816977  1.228362
64.700000  0.807935  1.223644
64.750000  0.798900  1.218944
64.800000  0.790443  1.213839
64.850000  0.781992  1.208752
64.900000  0.774119  1.203298
64.950000  0.766250  1.197862
65.000000  0.758958  1.192098
65.050000  0.751668  1.186352
65.100000  0.744951  1.180314
65.150000  0.738234  1.174293
65.200000  0.732084  1.168018
65.250000  0.725933  1.161760
65.300000  0.720341  1.155283
65.350000  0.714748  1.148821
65.400000  0.709704  1.142174
65.450000  0.704659  1.135543
65.500000  0.700153  1.128759
65.550000  0.695645  1.121990
65.600000  0.691667  1.115100
65.650000  0.687686  1.108224
65.700000  0.684224  1.101256
65.750000  0.680760  1.094301
65.800000  0.677805  1.087282
65.850000  0.674847  1.080275
65.900000  0.672387  1.073232
65.950000  0.669925  1.066200
66.000000  0.667952  1.059155
66.050000  0.665977  1.052121
66.100000  0.664481  1.045097
66.150000  0.662983  1.038084
66.200000  0.661956  1.031103
66.250000  0.660927  1.024132
66.300000  0.660361  1.017213
66.350000  0.659793  1.010303
66.400000  0.659682  1.003465
66.450000  0.659567  0.996635
66.500000  0.659904  0.989893
66.550000  0.660237  0.983160
66.600000  0.661015  0.976531
66.650000  0.661791  0.969911
66.700000  0.663007  0.963410
66.750000  0.664220  0.956917
66.800000  0.665868  0.950558
66.850000  0.667515  0.944205
66.900000  0.669593  0.938000
66.950000  0.671669  0.931802
67.000000  0.674173  0.925763
67.050000  0.676676  0.919730
67.100000  0.679605  0.913868
67.150000  0.682532  0.908012
67.200000  0.685884  0.902337
67.250000  0.689233  0.896668
67.300000  0.693006  0.891191
67.350000  0.696776  0.885719
67.400000  0.700968  0.880448
67.450000  0.705158  0.875182
67.500000  0.709770  0.870126
67.550000  0.714379  0.865076
67.600000  0.719409  0.860243
67.650000  0.724436  0.855416
67.700000  0.729883  0.850814
67.750000  0.735327  0.846218
67.800000  0.741191  0.841855
67.850000  0.747052  0.837498
67.900000  0.753331  0.833382
67.950000  0.759607  0.829270
68.000000  0.766299  0.825408
68.050000  0.772989  0.821550
68.100000  0.780093  0.817948
68.150000  0.787194  0.814350
68.200000  0.794708  0.811016
68.250000  0.802217  0.807686
68.300000  0.810135  0.804626
68.350000  0.818049  0.801570
68.400000  0.826368  0.798792
68.450000  0.834682  0.796018
68.500000  0.843394  0.793528
68.550000  0.852101  0.791043
68.600000  0.861199  0.788848
68.650000  0.870291  0.786658
68.700000  0.879766  0.784767
68.750000  0.889234  0.782880
68.800000  0.899073  0.781298
68.850000  0.908905  0.779721
68.900000  0.919095  0.778457
68.950000  0.929275  0.777197
69.000000  0.939799  0.776258
69.050000  0.950313  0.775324
69.100000  0.961150  0.774717
69.150000  0.971977  0.774115
69.200000  0.983106  0.773850
69.250000  0.994222  0.773588
69.300000  1.005616  0.773671
69.350000  1.016996  0.773758
69.400000  1.028625  0.774197
69.450000  1.040238  0.774640
69.500000  1.052068  0.775444
69.550000  1.063880  0.776251
69.600000  1.075872  0.777427
69.650000  1.087845  0.778607
69.700000  1.099956  0.780163
69.750000  1.112047  0.781723
69.800000  1.124229  0.783667
69.850000  1.136390  0.785614
69.900000  1.148592  0.787953
69.950000  1.160770  0.790294
70.000000  1.172934  0.793035
70.050000  1.185072  0.795778
70.100000  1.197136  0.798926
70.150000  1.209172  0.802076
70.200000  1.221068  0.805637
70.250000  1.232935  0.809199
70.300000  1.244593  0.813176
70.350000  1.256219  0.817154
70.400000  1.267562  0.821551
70.450000  1.278872  0.825948
70.500000  1.289821  0.830765
70.550000  1.300736  0.835580
70.600000  1.311208  0.840816
70.650000  1.321644  0.846049
70.700000  1.331555  0.851701
70.750000  1.341428  0.857349
70.800000  1.350690  0.863410
70.850000  1.359915  0.869466
70.900000  1.368442  0.875927
70.950000  1.376931  0.882382
71.000000  1.384637  0.889231
71.050000  1.392306  0.896072
71.100000  1.399107  0.903293
71.150000  1.405872  0.910503
71.200000  1.411689  0.918075
71.250000  1.417472  0.925634
71.300000  1.422230  0.933532
71.350000  1.426957  0.941415
71.400000  1.430590  0.949609
71.450000  1.434195  0.957787
71.500000  1.436644  0.966244
71.550000  1.439069  0.974682
71.600000  1.440288  0.983362
71.650000  1.441486  0.992021
71.700000  1.441438  1.000881
71.750000  1.441374  1.009717
71.800000  1.440037  1.018707
71.850000  1.438690  1.027673
71.900000  1.436056  1.036740
71.950000  1.433418  1.045782
72.000000  1.429494  1.054871
72.050000  1.425572  1.063932
72.100000  1.420380  1.072982
72.150000  1.415196  1.082003
72.200000  1.408775  1.090952
72.250000  1.402368  1.099871
72.300000  1.394769  1.108654
72.350000  1.387192  1.117407
72.400000  1.378482  1.125960
72.450000  1.369801  1.134483
72.500000  1.360061  1.142741
72.550000  1.350354  1.150970
72.600000  1.339674  1.158871
72.650000  1.329033  1.166744
72.700000  1.317514  1.174227
72.750000  1.306036  1.181684
72.800000  1.293785  1.188693
72.850000  1.281579  1.195677
72.900000  1.268708  1.202160
72.950000  1.255883  1.208620
73.000000  1.242507  1.214530
73.050000  1.229180  1.220421
73.100000  1.215414  1.225718
73.150000  1.201697  1.230999
73.200000  1.187655  1.235650
73.250000  1.173661  1.240287
73.300000  1.159453  1.244265
73.350000  1.145292  1.248233
73.400000  1.131023  1.251520
73.450000  1.116799  1.254799
73.500000  1.102567  1.257382
73.550000  1.088378  1.259961
73.600000  1.074273  1.261836
73.650000  1.060209  1.263710
73.700000  1.046315  1.264880
73.750000  1.032457  1.266051
73.800000  1.018846  1.266523
73.850000  1.005269  1.267001
73.900000  0.992005  1.266790
73.950000  0.978772  1.266588
74.000000  0.965912  1.265715
74.050000  0.953080  1.264852
74.100000  0.940670  1.263341
74.150000  0.928284  1.261842
74.200000  0.916364  1.259721
74.250000  0.904464  1.257614
74.300000  0.893063  1.254915
74.350000  0.881681  1.252231
74.400000  0.870825  1.248989
74.450000  0.859983  1.245762
74.500000  0.849689  1.242012
74.550000  0.839408  1.238278
74.600000  0.829688  1.234057
74.650000  0.819978  1.229854
74.700000  0.810841  1.225201
74.750000  0.801711  1.220566
74.800000  0.793158  1.215520
74.850000  0.784611  1.210492
74.900000  0.776642  1.205091
74.950000  0.768678  1.199708
75.000000  0.761291  1.193990
75.050000  0.753907  1.188290
75.100000  0.747096  1.182293
75.150000  0.740286  1.176313
75.200000  0.734044  1.170073
75.250000  0.727802  1.163849
75.300000  0.722119  1.157401
75.350000  0.716436  1.150969
75.400000  0.711303  1.144346
75.450000  0.706169  1.137739
75.500000  0.701576  1.130974
75.550000  0.696982  1.124224
75.600000  0.692918  1.117348
75.650000  0.688852  1.110485
75.700000  0.685307  1.103527
75.750000  0.681760  1.096581
75.800000  0.678723  1.089568
75.850000  0.675683  1.082567
75.900000  0.673144  1.075524
75.950000  0.670602  1.068493
76.000000  0.668551  1.061445
76.050000  0.666497  1.054409
76.100000  0.664924  1.047379
76.150000  0.663349  1.040360
76.200000  0.662247  1.033370
76.250000  0.661142  1.026389
76.300000  0.660502  1.019458
76.350000  0.659860  1.012536
76.400000  0.659675  1.005682
76.450000  0.659488  0.998837
76.500000  0.659752  0.992077
76.550000  0.660013  0.985326
76.600000  0.660720  0.978677
76.650000  0.661425  0.972036
76.700000  0.662570  0.965513
76.750000  0.663712  0.958997
76.800000  0.665291  0.952613
76.850000  0.666868  0.946236
76.900000  0.668877  0.940004
76.950000  0.670883  0.933779
77.000000  0.673319  0.927711
77.050000  0.675753  0.921650
77.100000  0.678614  0.915757
77.150000  0.681472  0.909871
77.200000  0.684756  0.904165
77.250000  0.688037  0.898464
77.300000  0.691742  0.892953
77.350000  0.695444  0.887448
77.400000  0.699569  0.882142
77.450000  0.703692  0.876842
77.500000  0.708236  0.871749
77.550000  0.712777  0.866663
77.600000  0.717740  0.861792
77.650000  0.722700  0.856927
77.700000  0.728080  0.852287
77.750000  0.733457  0.847652
77.800000  0.739254  0.843250
77.850000  0.745048  0.838852
77.900000  0.751260  0.834695
77.950000  0.757469  0.830543
78.000000  0.764096  0.826638
78.050000  0.770719  0.822738
78.100000  0.777758  0.819092
78.150000  0.784793  0.815452
78.200000  0.792241  0.812073
78.250000  0.799685  0.808698
78.300000  0.807539  0.805593
78.350000  0.815389  0.802492
78.400000  0.823644  0.799667
78.450000  0.831894  0.796847
78.500000  0.840544  0.794309
78.550000  0.849188  0.791776
78.600000  0.858226  0.789532
78.650000  0.867257  0.787294
78.700000  0.876673  0.785352
78.750000  0.886082  0.783415
78.800000  0.895864  0.781782
78.850000  0.905639  0.780154
78.900000  0.915774  0.778838
78.950000  0.925901  0.777526
79.000000  0.936373  0.776533
79.050000  0.946836  0.775545
79.100000  0.957625  0.774884
79.150000  0.968404  0.774227
79.200000  0.979489  0.773905
79.250000  0.990562  0.773588
79.300000  1.001917  0.773613
79.350000  1.013258  0.773643
79.400000  1.024853  0.774024
79.450000  1.036432  0.774408
79.500000  1.048234  0.775152
79.550000  1.060018  0.775900
79.600000  1.071989  0.777015
79.650000  1.083941  0.778134
79.700000  1.096038  0.779628
79.750000  1.108115  0.781125
79.800000  1.120292  0.783006
79.850000  1.132446  0.784889
79.900000  1.144652  0.787164
79.950000  1.156833  0.789441
80.000000  1.169010  0.792116
80.050000  1.181161  0.794794
80.100000  1.193248  0.797876
80.150000  1.205307  0.800960
80.200000  1.217239  0.804453
80.250000  1.229140  0.807949
80.300000  1.240844  0.811859
80.350000  1.252517  0.815769
80.400000  1.263920  0.820099
80.450000  1.275289  0.824427
80.500000  1.286310  0.829177
80.550000  1.297297  0.833925
80.600000  1.307855  0.839094
80.650000  1.318377  0.844260
80.700000  1.328387  0.849845
80.750000  1.338361  0.855427
80.800000  1.347736  0.861423
80.850000  1.357075  0.867414
80.900000  1.365729  0.873812
80.950000  1.374346  0.880204
81.000000  1.382193  0.886992
81.050000  1.390003  0.893773
81.100000  1.396959  0.900935
81.150000  1.403879  0.908088
81.200000  1.409862  0.915606
81.250000  1.415812  0.923111
81.300000  1.420748  0.930959
81.350000  1.425653  0.938793
81.400000  1.429474  0.946943
81.450000  1.433266  0.955077
81.500000  1.435913  0.963495
81.550000  1.438534  0.971895
81.600000  1.439956  0.980544
81.650000  1.441357  0.989172
81.700000  1.441517  0.998007
81.750000  1.441660  1.006820
81.800000  1.440533  1.015794
81.850000  1.439396  1.024744
81.900000  1.436972  1.033805
81.950000  1.434543  1.042839
82.000000  1.430826  1.051931
82.050000  1.427111  1.060995
82.100000  1.422122  1.070057
82.150000  1.417140  1.079091
82.200000  1.410913  1.088063
82.250000  1.404701  1.097005
82.300000  1.397287  1.105821
82.350000  1.389894  1.114608
82.400000  1.381358  1.123204
82.450000  1.372848  1.131771
82.500000  1.363268  1.140083
82.550000  1.353719  1.148366
82.600000  1.343183  1.156331
82.650000  1.332684  1.164268
82.700000  1.321291  1.171825
82.750000  1.309940  1.179355
82.800000  1.297797  1.186446
82.850000  1.285698  1.193512
82.900000  1.272917  1.200085
82.950000  1.260182  1.206636
83.000000  1.246877  1.212643
83.050000  1.233620  1.218631
83.100000  1.219907  1.224031
83.150000  1.206242  1.229414
83.200000  1.192234  1.234173
83.250000  1.178274  1.238918
83.300000  1.164082  1.243008
83.350000  1.149938  1.247087
83.400000  1.135669  1.250487
83.450000  1.121445  1.253880
83.500000  1.107198  1.256578
83.550000  1.092994  1.259272
83.600000  1.078859  1.261263
83.650000  1.064766  1.263252
83.700000  1.050829  1.264535
83.750000  1.036930  1.265821
83.800000  1.023265  1.266405
83.850000  1.009635  1.266994
83.900000  0.996309  1.266893
83.950000  0.983013  1.266800
84.000000  0.970082  1.266033
84.050000  0.957178  1.265275
84.100000  0.944690  1.263865
84.150000  0.932227  1.262467
84.200000  0.920223  1.260443
84.250000  0.908239  1.258432
84.300000  0.896751  1.255824
84.350000  0.885280  1.253231
84.400000  0.874333  1.250073
84.450000  0.863400  1.246931
84.500000  0.853013  1.243260
84.550000  0.842637  1.239605
84.600000  0.832823  1.235457
84.650000  0.823018  1.231326
84.700000  0.813784  1.226740
84.750000  0.804558  1.222172
84.800000  0.795909  1.217186
84.850000  0.787266  1.212217
84.900000  0.779202  1.206871
84.950000  0.771142  1.201541
85.000000  0.763660  1.195871
85.050000  0.756181  1.190219
85.100000  0.749276  1.184263
85.150000  0.742373  1.178325
85.200000  0.736038  1.172121
85.250000  0.729703  1.165933
85.300000  0.723930  1.159515
85.350000  0.718156  1.153113
85.400000  0.712934  1.146515
85.450000  0.707711  1.139932
85.500000  0.703031  1.133187
85.550000  0.698349  1.126457
85.600000  0.694200  1.119595
85.650000  0.690048  1.112748
85.700000  0.686419  1.105799
85.750000  0.682788  1.098864
85.800000  0.679669  1.091857
85.850000  0.676547  1.084861
85.900000  0.673928  1.077821
85.950000  0.671305  1.070792
86.000000  0.669175  1.063742
86.050000  0.667043  1.056704
86.100000  0.665393  1.049669
86.150000  0.663741  1.042644
86.200000  0.662563  1.035645
86.250000  0.661382  1.028655
86.300000  0.660667  1.021712
86.350000  0.659950  1.014778
86.400000  0.659692  1.007909
86.450000  0.659431  1.001049
86.500000  0.659623  0.994272
86.550000  0.659812  0.987503
86.600000  0.660448  0.980834
86.650000  0.661080  0.974173
86.700000  0.662155  0.967628
86.750000  0.663227  0.961089
86.800000  0.664736  0.954681
86.850000  0.666242  0.948279
86.900000  0.668181  0.942021
86.950000  0.670118  0.935769
87.000000  0.672486  0.929673
87.050000  0.674850  0.923584
87.100000  0.677643  0.917661
87.150000  0.680432  0.911745
87.200000  0.683648  0.906007
87.250000  0.686861  0.900274
87.300000  0.690498  0.894730
87.350000  0.694132  0.889192
87.400000  0.698189  0.883851
87.450000  0.702244  0.878516
87.500000  0.706720  0.873388
87.550000  0.711194  0.868265
87.600000  0.716089  0.863357
87.650000  0.720982  0.858455
87.700000  0.726294  0.853776
87.750000  0.731604  0.849103
87.800000  0.737334  0.844661
87.850000  0.743061  0.840223
87.900000  0.749206  0.836025
87.950000  0.755349  0.831832
88.000000  0.761909  0.827885
88.050000  0.768466  0.823943
88.100000  0.775438  0.820254
88.150000  0.782408  0.816570
88.200000  0.789790  0.813147
88.250000  0.797169  0.809728
88.300000  0.804958  0.806577
88.350000  0.812743  0.803431
88.400000  0.820934  0.800559
88.450000  0.829120  0.797692
88.500000  0.837708  0.795107
88.550000  0.846290  0.792526
88.600000  0.855266  0.790234
88.650000  0.864236  0.787947
88.700000  0.873592  0.785955
88.750000  0.882942  0.783968
88.800000  0.892667  0.782284
88.850000  0.902384  0.780605
88.900000  0.912465  0.779236
88.950000  0.922537  0.777872
89.000000  0.932957  0.776826
89.050000  0.943367  0.775785
89.100000  0.954109  0.775069
89.150000  0.964839  0.774357
89.200000  0.975879  0.773980
89.250000  0.986908  0.773606
89.300000  0.998222  0.773575
89.350000  1.009524  0.773547
89.400000  1.021083  0.773869
89.450000  1.032628  0.774196
89.500000  1.044401  0.774880
89.550000  1.056156  0.775568
89.600000  1.068104  0.776622
89.650000  1.080034  0.777680
89.700000  1.092116  0.779111
89.750000  1.104177  0.780547
89.800000  1.116347  0.782364
89.850000  1.128495  0.784184
89.900000  1.140702  0.786395
89.950000  1.152885  0.788607
90.000000  1.165073  0.791217
90.050000  1.177235  0.793829
90.100000  1.189344  0.796845
90.150000  1.201425  0.799863
90.200000  1.213389  0.803289
90.250000  1.225323  0.806718
90.300000  1.237072  0.810560
90.350000  1.248790  0.814404
90.400000  1.260249  0.818665
90.450000  1.271676  0.822926
90.500000  1.282767  0.827608
90.550000  1.293824  0.832288
90.600000  1.304466  0.837390
90.650000  1.315072  0.842489
90.700000  1.325180  0.848007
90.750000  1.335251  0.853522
90.800000  1.344739  0.859453
90.850000  1.354189  0.865379
90.900000  1.362969  0.871713
90.950000  1.371712  0.878042
91.000000  1.379698  0.884769
91.050000  1.387647  0.891487
91.100000  1.394756  0.898592
91.150000  1.401828  0.905686
91.200000  1.407977  0.913149
91.250000  1.414091  0.920600
91.300000  1.419205  0.928398
91.350000  1.424286  0.936181
91.400000  1.428295  0.944286
91.450000  1.432273  0.952375
91.500000  1.435116  0.960753
91.550000  1.437932  0.969114
91.600000  1.439557  0.977730
91.650000  1.441160  0.986325
91.700000  1.441528  0.995135
91.750000  1.441878  1.003922
91.800000  1.440962  1.012879
91.850000  1.440034  1.021812
91.900000  1.437821  1.030864
91.950000  1.435602  1.039891
92.000000  1.432094  1.048984
92.050000  1.428587  1.058049
92.100000  1.423802  1.067122
92.150000  1.419023  1.076167
92.200000  1.412993  1.085160
92.250000  1.406977  1.094123
92.300000  1.399750  1.102971
92.350000  1.392544  1.111789
92.400000  1.384183  1.120428
92.450000  1.375849  1.129037
92.500000  1.366430  1.137402
92.550000  1.357042  1.145738
92.600000  1.346653  1.153765
92.650000  1.336299  1.161764
92.700000  1.325036  1.169393
92.750000  1.313813  1.176995
92.800000  1.301782  1.184167
92.850000  1.289795  1.191315
92.900000  1.277106  1.197977
92.950000  1.264465  1.204616
93.000000  1.251233  1.210720
93.050000  1.238050  1.216803
93.100000  1.224392  1.222306
93.150000  1.210783  1.227792
93.200000  1.196811  1.232658
93.250000  1.182889  1.237510
93.300000  1.168717  1.241711
93.350000  1.154592  1.245901
93.400000  1.140325  1.249416
93.450000  1.126104  1.252922
93.500000  1.111843  1.255736
93.550000  1.097627  1.258545
93.600000  1.083465  1.260650
93.650000  1.069345  1.262755
93.700000  1.055367  1.264153
93.750000  1.041428  1.265553
93.800000  1.027712  1.266250
93.850000  1.014030  1.266952
93.900000  1.000642  1.266961
93.950000  0.987286  1.266977
94.000000  0.974284  1.266317
94.050000  0.961310  1.265665
94.100000  0.948745  1.264358
94.150000  0.936205  1.263062
94.200000  0.924117  1.261135
94.250000  0.912051  1.259221
94.300000  0.900475  1.256705
94.350000  0.888917  1.254204
94.400000  0.877878  1.251132
94.450000  0.866855  1.248076
94.500000  0.856374  1.244485
94.550000  0.845905  1.240910
94.600000  0.835995  1.236837
94.650000  0.826095  1.232780
94.700000  0.816765  1.228261
94.750000  0.807443  1.223760
94.800000  0.798698  1.218835
94.850000  0.789959  1.213928
94.900000  0.781798  1.208636
94.950000  0.773643  1.203362
95.000000  0.766065  1.197741
95.050000  0.758491  1.192137
95.100000  0.751492  1.186224
95.150000  0.744495  1.180329
95.200000  0.738067  1.174161
95.250000  0.731639  1.168010
95.300000  0.725774  1.161623
95.350000  0.719909  1.155252
95.400000  0.714598  1.148680
95.450000  0.709285  1.142123
95.500000  0.704517  1.135399
95.550000  0.699747  1.128689
95.600000  0.695512  1.121843
95.650000  0.691275  1.115011
95.700000  0.687562  1.108074
95.750000  0.683846  1.101150
95.800000  0.680644  1.094149
95.850000  0.677440  1.087160
95.900000  0.674740  1.080122
95.950000  0.672037  1.073095
96.000000  0.669828  1.066044
96.050000  0.667616  1.059005
96.100000  0.665888  1.051964
96.150000  0.664158  1.044935
96.200000  0.662904  1.037927
96.250000  0.661647  1.030929
96.300000  0.660858  1.023974
96.350000  0.660065  1.017029
96.400000  0.659734  1.010145
96.450000  0.659399  1.003271
96.500000  0.659518  0.996477
96.550000  0.659634  0.989691
96.600000  0.660198  0.983003
96.650000  0.660759  0.976322
96.700000  0.661762  0.969754
96.750000  0.662763  0.963194
96.800000  0.664202  0.956761
96.850000  0.665638  0.950336
96.900000  0.667508  0.944051
96.950000  0.669375  0.937773
97.000000  0.671673  0.931649
97.050000  0.673968  0.925531
97.100000  0.676692  0.919579
97.150000  0.679413  0.913633
97.200000  0.682560  0.907863
97.250000  0.685704  0.902099
97.300000  0.689273  0.896522
97.350000  0.692839  0.890950
97.400000  0.696828  0.885575
97.450000  0.700815  0.880206
97.500000  0.705224  0.875041
97.550000  0.709630  0.869883
97.600000  0.714457  0.864938
97.650000  0.719282  0.859998
97.700000  0.724527  0.855281
97.750000  0.729770  0.850569
97.800000  0.735432  0.846087
97.850000  0.741092  0.841610
97.900000  0.747170  0.837371
97.950000  0.753246  0.833137
98.000000  0.759739  0.829148
98.050000  0.766229  0.825164
98.100000  0.773136  0.821432
98.150000  0.780039  0.817705
98.200000  0.787355  0.814238
98.250000  0.794668  0.810775
98.300000  0.802393  0.807578
98.350000  0.810112  0.804387
98.400000  0.818239  0.801469
98.450000  0.826362  0.798555
98.500000  0.834886  0.795922
98.550000  0.843405  0.793294
98.600000  0.852320  0.790953
98.650000  0.861229  0.788617
98.700000  0.870525  0.786576
98.750000  0.879814  0.784539
98.800000  0.889481  0.782804
98.850000  0.899141  0.781074
98.900000  0.909166  0.779653
98.950000  0.919182  0.778237
99.000000  0.929550  0.777137
99.050000  0.939908  0.776042
99.100000  0.950600  0.775272
99.150000  0.961281  0.774506
99.200000  0.972276  0.774072
99.250000  0.983259  0.773643
99.300000  0.994533  0.773554
99.350000  1.005793  0.773470
99.400000  1.017317  0.773734
99.450000  1.028826  0.774002
99.500000  1.040569  0.774626
99.550000  1.052294  0.775255
99.600000  1.064218  0.776248
99.650000  1.076124  0.777245
99.700000  1.088190  0.778614
99.750000  1.100235  0.779988
99.800000  1.112396  0.781742
99.850000  1.124536  0.783499
99.900000  1.136742  0.785645
99.950000  1.148926  0.787793
100.000000  1.161123  0.790337
