   t     nR      nF
0.000000  1.337668  1.200000
0.050000  1.324292  1.216208
0.100000  1.309036  1.231553
0.150000  1.293881  1.246776
0.200000  1.277106  1.260865
0.250000  1.260449  1.274841
0.300000  1.242464  1.287427
0.350000  1.224608  1.299913
0.400000  1.205736  1.310785
0.450000  1.187000  1.321572
0.500000  1.167566  1.330556
0.550000  1.148269  1.339474
0.600000  1.128585  1.346444
0.650000  1.109036  1.353369
0.700000  1.089395  1.358249
0.750000  1.069881  1.363106
0.800000  1.050547  1.365870
0.850000  1.031329  1.368631
0.900000  1.012529  1.369300
0.950000  0.993833  1.369986
1.000000  0.975759  1.368624
1.050000  0.957774  1.367297
1.100000  0.940580  1.364005
1.150000  0.923461  1.360763
1.200000  0.907265  1.355673
1.250000  0.891130  1.350644
1.300000  0.876018  1.343909
1.350000  0.860954  1.337245
1.400000  0.846983  1.329034
1.450000  0.833048  1.320900
1.500000  0.820250  1.311392
1.550000  0.807479  1.301963
1.600000  0.795867  1.291340
1.650000  0.784274  1.280796
1.700000  0.773845  1.269236
1.750000  0.763428  1.257754
1.800000  0.754168  1.245432
1.850000  0.744913  1.233185
1.900000  0.736797  1.220266
1.950000  0.728683  1.207419
2.000000  0.721683  1.194059
2.050000  0.714681  1.180766
2.100000  0.708764  1.167107
2.150000  0.702842  1.153511
2.200000  0.697975  1.139685
2.250000  0.693100  1.125917
2.300000  0.689247  1.112042
2.350000  0.685386  1.098219
2.400000  0.682516  1.084400
2.450000  0.679635  1.070629
2.500000  0.677715  1.056961
2.550000  0.675785  1.043335
2.600000  0.674787  1.029900
2.650000  0.673778  1.016502
2.700000  0.673675  1.003372
2.750000  0.673561  0.990274
2.800000  0.674330  0.977510
2.850000  0.675088  0.964777
2.900000  0.676708  0.952433
2.950000  0.678317  0.940116
3.000000  0.680770  0.928239
3.050000  0.683213  0.916387
3.100000  0.686483  0.905016
3.150000  0.689743  0.893666
3.200000  0.693817  0.882834
3.250000  0.697881  0.872022
3.300000  0.702748  0.861758
3.350000  0.707606  0.851512
3.400000  0.713255  0.841840
3.450000  0.718896  0.832184
3.500000  0.725320  0.823125
3.550000  0.731734  0.814081
3.600000  0.738924  0.805654
3.650000  0.746104  0.797241
3.700000  0.754052  0.789461
3.750000  0.761990  0.781694
3.800000  0.770686  0.774577
3.850000  0.779373  0.767472
3.900000  0.788809  0.761031
3.950000  0.798234  0.754602
4.000000  0.808398  0.748850
4.050000  0.818549  0.743111
4.100000  0.829425  0.738063
4.150000  0.840288  0.733028
4.200000  0.851859  0.728698
4.250000  0.863414  0.724380
4.300000  0.875656  0.720782
4.350000  0.887881  0.717197
4.400000  0.900766  0.714349
4.450000  0.913631  0.711514
4.500000  0.927123  0.709433
4.550000  0.940592  0.707365
4.600000  0.954648  0.706071
4.650000  0.968677  0.704790
4.700000  0.983244  0.704305
4.750000  0.997781  0.703833
4.800000  1.012795  0.704180
4.850000  1.027775  0.704541
4.900000  1.043161  0.705746
4.950000  1.058509  0.706964
5.000000  1.074179  0.709055
5.050000  1.089806  0.711159
5.100000  1.105658  0.714164
5.150000  1.121459  0.717182
5.200000  1.137374  0.721133
5.250000  1.153233  0.725095
5.300000  1.169077  0.730022
5.350000  1.184859  0.734959
5.400000  1.200481  0.740891
5.450000  1.216034  0.746832
5.500000  1.231267  0.753798
5.550000  1.246424  0.760771
5.600000  1.261085  0.768796
5.650000  1.275663  0.776825
5.700000  1.289555  0.785927
5.750000  1.303358  0.795030
5.800000  1.316270  0.805221
5.850000  1.329089  0.815408
5.900000  1.340804  0.826689
5.950000  1.352422  0.837958
6.000000  1.362719  0.850314
6.050000  1.372918  0.862651
6.100000  1.381575  0.876050
6.150000  1.390138  0.889421
6.200000  1.396947  0.903809
6.250000  1.403666  0.918160
6.300000  1.408435  0.933460
6.350000  1.413121  0.948710
6.400000  1.415683  0.964814
6.450000  1.418173  0.980857
6.500000  1.418398  0.997628
6.550000  1.418566  1.014324
6.600000  1.416366  1.031593
6.650000  1.414128  1.048774
6.700000  1.409469  1.066339
6.750000  1.404793  1.083804
6.800000  1.397696  1.101436
6.850000  1.390607  1.118958
6.900000  1.381153  1.136402
6.950000  1.371734  1.153728
7.000000  1.360066  1.170712
7.050000  1.348457  1.187574
7.100000  1.334773  1.203818
7.150000  1.321170  1.219938
7.200000  1.305715  1.235163
7.250000  1.290362  1.250267
7.300000  1.273421  1.264205
7.350000  1.256599  1.278031
7.400000  1.238484  1.290440
7.450000  1.220499  1.302750
7.500000  1.201533  1.313421
7.550000  1.182704  1.324009
7.600000  1.163213  1.332773
7.650000  1.143859  1.341474
7.700000  1.124153  1.348211
7.750000  1.104581  1.354907
7.800000  1.084951  1.359547
7.850000  1.065446  1.364167
7.900000  1.046151  1.366690
7.950000  1.026970  1.369213
8.000000  1.008234  1.369644
8.050000  0.989599  1.370095
8.100000  0.971609  1.368504
8.150000  0.953707  1.366950
8.200000  0.936613  1.363441
8.250000  0.919593  1.359984
8.300000  0.903509  1.354693
8.350000  0.887485  1.349465
8.400000  0.872494  1.342546
8.450000  0.857551  1.335699
8.500000  0.843707  1.327325
8.550000  0.829898  1.319027
8.600000  0.817231  1.309375
8.650000  0.804589  1.299803
8.700000  0.793109  1.289056
8.750000  0.781646  1.278388
8.800000  0.771349  1.266724
8.850000  0.761062  1.255139
8.900000  0.751931  1.242732
8.950000  0.742805  1.230401
9.000000  0.734817  1.217416
9.050000  0.726829  1.204503
9.100000  0.719953  1.191093
9.150000  0.713074  1.177751
9.200000  0.707278  1.164059
9.250000  0.701476  1.150429
9.300000  0.696726  1.136585
9.350000  0.691968  1.122797
9.400000  0.688228  1.108916
9.450000  0.684481  1.095087
9.500000  0.681720  1.081274
9.550000  0.678950  1.067508
9.600000  0.677136  1.053856
9.650000  0.675313  1.040246
9.700000  0.674419  1.026836
9.750000  0.673514  1.013463
9.800000  0.673512  1.000366
9.850000  0.673500  0.987301
9.900000  0.674367  0.974577
9.950000  0.675224  0.961883
10.000000  0.676941  0.949585
10.050000  0.678647  0.937315
10.100000  0.681195  0.925489
10.150000  0.683733  0.913687
10.200000  0.687096  0.902371
10.250000  0.690451  0.891077
10.300000  0.694617  0.880305
10.350000  0.698774  0.869551
10.400000  0.703732  0.859350
10.450000  0.708681  0.849166
10.500000  0.714422  0.839560
10.550000  0.720153  0.829970
10.600000  0.726667  0.820979
10.650000  0.733171  0.812003
10.700000  0.740450  0.803646
10.750000  0.747720  0.795302
10.800000  0.755756  0.787594
10.850000  0.763782  0.779900
10.900000  0.772567  0.772856
10.950000  0.781341  0.765825
11.000000  0.790864  0.759460
11.050000  0.800375  0.753107
11.100000  0.810624  0.747433
11.150000  0.820861  0.741771
11.200000  0.831821  0.736802
11.250000  0.842768  0.731846
11.300000  0.854420  0.727597
11.350000  0.866058  0.723360
11.400000  0.878379  0.719846
11.450000  0.890683  0.716344
11.500000  0.903644  0.713581
11.550000  0.916585  0.710831
11.600000  0.930149  0.708838
11.650000  0.943690  0.706857
11.700000  0.957812  0.705653
11.750000  0.971909  0.704462
11.800000  0.986536  0.704070
11.850000  1.001133  0.703691
11.900000  1.016200  0.704134
11.950000  1.031233  0.704590
12.000000  1.046664  0.705894
12.050000  1.062055  0.707212
12.100000  1.077760  0.709405
12.150000  1.093419  0.711612
12.200000  1.109293  0.714724
12.250000  1.125115  0.717848
12.300000  1.141038  0.721909
12.350000  1.156904  0.725981
12.400000  1.172739  0.731021
12.450000  1.188511  0.736073
12.500000  1.204107  0.742122
12.550000  1.219633  0.748181
12.600000  1.234820  0.755268
12.650000  1.249930  0.762362
12.700000  1.264523  0.770511
12.750000  1.279033  0.778664
12.800000  1.292833  0.787893
12.850000  1.306544  0.797122
12.900000  1.319340  0.807441
12.950000  1.332042  0.817755
13.000000  1.343615  0.829163
13.050000  1.355092  0.840560
13.100000  1.365221  0.853042
13.150000  1.375253  0.865504
13.200000  1.383718  0.879024
13.250000  1.392087  0.892516
13.300000  1.398680  0.907020
13.350000  1.405183  0.921484
13.400000  1.409713  0.936889
13.450000  1.414162  0.952244
13.500000  1.416467  0.968440
13.550000  1.418702  0.984573
13.600000  1.418655  1.001419
13.650000  1.418555  1.018189
13.700000  1.416075  1.035513
13.750000  1.413561  1.052747
13.800000  1.408619  1.070343
13.850000  1.403665  1.087837
13.900000  1.396290  1.105472
13.950000  1.388926  1.122996
14.000000  1.379206  1.140413
14.050000  1.369524  1.157712
14.100000  1.357608  1.174638
14.150000  1.345753  1.191440
14.200000  1.331844  1.207593
14.250000  1.318020  1.223622
14.300000  1.302371  1.238724
14.350000  1.286825  1.253706
14.400000  1.269723  1.267492
14.450000  1.252741  1.281166
14.500000  1.234500  1.293396
14.550000  1.216390  1.305528
14.600000  1.197336  1.315996
14.650000  1.178418  1.326384
14.700000  1.158874  1.334928
14.750000  1.139467  1.343412
14.800000  1.119744  1.349917
14.850000  1.100153  1.356383
14.900000  1.080536  1.360785
14.950000  1.061044  1.365169
15.000000  1.041790  1.367452
15.050000  1.022650  1.369738
15.100000  1.003979  1.369934
15.150000  0.985409  1.370152
15.200000  0.967504  1.368334
15.250000  0.949686  1.366556
15.300000  0.932693  1.362834
15.350000  0.915772  1.359164
15.400000  0.899801  1.353675
15.450000  0.883889  1.348250
15.500000  0.869020  1.341152
15.550000  0.854196  1.334125
15.600000  0.840479  1.325590
15.650000  0.826796  1.317132
15.700000  0.814259  1.307339
15.750000  0.801746  1.297626
15.800000  0.790397  1.286759
15.850000  0.779064  1.275970
15.900000  0.768897  1.264206
15.950000  0.758739  1.252520
16.000000  0.749737  1.240031
16.050000  0.740739  1.227618
16.100000  0.732877  1.214569
16.150000  0.725014  1.201592
16.200000  0.718261  1.188136
16.250000  0.711504  1.174746
16.300000  0.705828  1.161023
16.350000  0.700145  1.147361
16.400000  0.695510  1.133500
16.450000  0.690868  1.119694
16.500000  0.687241  1.105809
16.550000  0.683605  1.091975
16.600000  0.680953  1.078169
16.650000  0.678292  1.064410
16.700000  0.676585  1.050775
16.750000  0.674867  1.037182
16.800000  0.674075  1.023797
16.850000  0.673273  1.010450
16.900000  0.673372  0.997386
16.950000  0.673460  0.984355
17.000000  0.674425  0.971671
17.050000  0.675381  0.959017
17.100000  0.677193  0.946766
17.150000  0.678996  0.934541
17.200000  0.681638  0.922767
17.250000  0.684270  0.911016
17.300000  0.687727  0.899756
17.350000  0.691174  0.888517
17.400000  0.695432  0.877804
17.450000  0.699681  0.867110
17.500000  0.704730  0.856972
17.550000  0.709770  0.846850
17.600000  0.715600  0.837309
17.650000  0.721421  0.827784
17.700000  0.728024  0.818861
17.750000  0.734618  0.809952
17.800000  0.741986  0.801665
17.850000  0.749344  0.793391
17.900000  0.757468  0.785756
17.950000  0.765582  0.778133
18.000000  0.774453  0.771163
18.050000  0.783315  0.764206
18.100000  0.792924  0.757916
18.150000  0.802521  0.751638
18.200000  0.812855  0.746041
18.250000  0.823177  0.740456
18.300000  0.834220  0.735567
18.350000  0.845250  0.730689
18.400000  0.856984  0.726521
18.450000  0.868702  0.722364
18.500000  0.881102  0.718933
18.550000  0.893484  0.715514
18.600000  0.906520  0.712836
18.650000  0.919536  0.710171
18.700000  0.933171  0.708265
18.750000  0.946783  0.706371
18.800000  0.960972  0.705257
18.850000  0.975134  0.704156
18.900000  0.989820  0.703856
18.950000  1.004477  0.703570
19.000000  1.019596  0.704108
19.050000  1.034681  0.704660
19.100000  1.050154  0.706064
19.150000  1.065588  0.707480
19.200000  1.081325  0.709776
19.250000  1.097016  0.712085
19.300000  1.112910  0.715302
19.350000  1.128752  0.718533
19.400000  1.144680  0.722703
19.450000  1.160551  0.726886
19.500000  1.176377  0.732040
19.550000  1.192138  0.737204
19.600000  1.207705  0.743371
19.650000  1.223202  0.749547
19.700000  1.238341  0.756755
19.750000  1.253402  0.763970
19.800000  1.267925  0.772242
19.850000  1.282364  0.780519
19.900000  1.296070  0.789874
19.950000  1.309687  0.799228
20.000000  1.322365  0.809675
20.050000  1.334949  0.820115
20.100000  1.346379  0.831650
20.150000  1.357712  0.843173
20.200000  1.367672  0.855779
20.250000  1.377534  0.868365
20.300000  1.385805  0.882006
20.350000  1.393981  0.895618
20.400000  1.400355  0.910235
20.450000  1.406641  0.924812
20.500000  1.410932  0.940320
20.550000  1.415142  0.955776
20.600000  1.417190  0.972063
20.650000  1.419170  0.988284
20.700000  1.418853  1.005203
20.750000  1.418484  1.022045
20.800000  1.415726  1.039420
20.850000  1.412935  1.056705
20.900000  1.407714  1.074328
20.950000  1.402482  1.091849
21.000000  1.394832  1.109484
21.050000  1.387196  1.127007
21.100000  1.377214  1.144394
21.150000  1.367271  1.161661
21.200000  1.355110  1.178526
21.250000  1.343014  1.195266
21.300000  1.328886  1.211325
21.350000  1.314844  1.227260
21.400000  1.299005  1.242237
21.450000  1.283271  1.257094
21.500000  1.266012  1.270725
21.550000  1.248875  1.284246
21.600000  1.230514  1.296294
21.650000  1.212284  1.308246
21.700000  1.193145  1.318512
21.750000  1.174144  1.328698
21.800000  1.154552  1.337022
21.850000  1.135096  1.345288
21.900000  1.115358  1.351562
21.950000  1.095752  1.357798
22.000000  1.076152  1.361963
22.050000  1.056676  1.366111
22.100000  1.037466  1.368157
22.150000  1.018369  1.370207
22.200000  0.999765  1.370170
22.250000  0.981261  1.370157
22.300000  0.963443  1.368116
22.350000  0.945710  1.366116
22.400000  0.928819  1.362183
22.450000  0.911999  1.358305
22.500000  0.896142  1.352620
22.550000  0.880342  1.347001
22.600000  0.865594  1.339726
22.650000  0.850891  1.332523
22.700000  0.837300  1.323831
22.750000  0.823743  1.315215
22.800000  0.811334  1.305285
22.850000  0.798950  1.295435
22.900000  0.787731  1.284450
22.950000  0.776527  1.273544
23.000000  0.766489  1.261681
23.050000  0.756460  1.249897
23.100000  0.747585  1.237330
23.150000  0.738714  1.224837
23.200000  0.730976  1.211727
23.250000  0.723238  1.198688
23.300000  0.716607  1.185187
23.350000  0.709971  1.171752
23.400000  0.704413  1.158000
23.450000  0.698848  1.144308
23.500000  0.694328  1.130431
23.550000  0.689800  1.116609
23.600000  0.686284  1.102721
23.650000  0.682759  1.088883
23.700000  0.680215  1.075086
23.750000  0.677662  1.061334
23.800000  0.676059  1.047717
23.850000  0.674446  1.034141
23.900000  0.673756  1.020784
23.950000  0.673056  1.007463
24.000000  0.673254  0.994433
24.050000  0.673442  0.981436
24.100000  0.674504  0.968793
24.150000  0.675557  0.956180
24.200000  0.677465  0.943975
24.250000  0.679362  0.931797
24.300000  0.682098  0.920074
24.350000  0.684824  0.908374
24.400000  0.688373  0.897170
24.450000  0.691912  0.885987
24.500000  0.696262  0.875333
24.550000  0.700602  0.864698
24.600000  0.705741  0.854622
24.650000  0.710871  0.844563
24.700000  0.716791  0.835087
24.750000  0.722701  0.825627
24.800000  0.729393  0.816771
24.850000  0.736075  0.807930
24.900000  0.743530  0.799712
24.950000  0.750976  0.791508
25.000000  0.759188  0.783944
25.050000  0.767389  0.776393
25.100000  0.776347  0.769496
25.150000  0.785294  0.762612
25.200000  0.794989  0.756397
25.250000  0.804672  0.750195
25.300000  0.815090  0.744675
25.350000  0.825496  0.739167
25.400000  0.836622  0.734356
25.450000  0.847734  0.729556
25.500000  0.859548  0.725469
25.550000  0.871347  0.721393
25.600000  0.883824  0.718044
25.650000  0.896284  0.714707
25.700000  0.909395  0.712114
25.750000  0.922485  0.709533
25.800000  0.936190  0.707714
25.850000  0.949872  0.705907
25.900000  0.964125  0.704883
25.950000  0.978351  0.703871
26.000000  0.993097  0.703664
26.050000  1.007811  0.703470
26.100000  1.022981  0.704104
26.150000  1.038116  0.704751
26.200000  1.053632  0.706253
26.250000  1.069107  0.707768
26.300000  1.084874  0.710165
26.350000  1.100596  0.712576
26.400000  1.116508  0.715900
26.450000  1.132368  0.719236
26.500000  1.148301  0.723516
26.550000  1.164175  0.727808
26.600000  1.179989  0.733075
26.650000  1.195737  0.738353
26.700000  1.211275  0.744637
26.750000  1.226741  0.750930
26.800000  1.241829  0.758259
26.850000  1.256839  0.765593
26.900000  1.271290  0.773989
26.950000  1.285657  0.782388
27.000000  1.299268  0.791869
27.050000  1.312789  0.801348
27.100000  1.325347  0.811921
27.150000  1.337810  0.822487
27.200000  1.349094  0.834149
27.250000  1.360282  0.845797
27.300000  1.370070  0.858527
27.350000  1.379762  0.871235
27.400000  1.387837  0.884996
27.450000  1.395817  0.898725
27.500000  1.401973  0.913454
27.550000  1.408040  0.928141
27.600000  1.412091  0.943752
27.650000  1.416062  0.959308
27.700000  1.417853  0.975682
27.750000  1.419577  0.991990
27.800000  1.418990  1.008979
27.850000  1.418353  1.025890
27.900000  1.415318  1.043314
27.950000  1.412253  1.060647
28.000000  1.406754  1.078295
28.050000  1.401246  1.095839
28.100000  1.393324  1.113471
28.150000  1.385419  1.130989
28.200000  1.375177  1.148343
28.250000  1.364977  1.165576
28.300000  1.352576  1.182376
28.350000  1.340242  1.199051
28.400000  1.325898  1.215013
28.450000  1.311644  1.230852
28.500000  1.295619  1.245700
28.550000  1.279702  1.260430
28.600000  1.262291  1.273904
28.650000  1.245004  1.287269
28.700000  1.226526  1.299135
28.750000  1.208181  1.310906
28.800000  1.188963  1.320967
28.850000  1.169882  1.330952
28.900000  1.150246  1.339056
28.950000  1.130746  1.347103
29.000000  1.110997  1.353146
29.050000  1.091380  1.359154
29.100000  1.071800  1.363082
29.150000  1.052342  1.366997
29.200000  1.033179  1.368806
29.250000  1.014127  1.370623
29.300000  0.995593  1.370355
29.350000  0.977157  1.370113
29.400000  0.959428  1.367851
29.450000  0.941781  1.365631
29.500000  0.924993  1.361491
29.550000  0.908274  1.357406
29.600000  0.892531  1.351530
29.650000  0.876843  1.345720
29.700000  0.862217  1.338271
29.750000  0.847633  1.330896
29.800000  0.834169  1.322049
29.850000  0.820737  1.313279
29.900000  0.808457  1.303215
29.950000  0.796200  1.293230
30.000000  0.785110  1.282130
30.050000  0.774035  1.271109
30.100000  0.764125  1.259152
30.150000  0.754224  1.247272
30.200000  0.745475  1.234628
30.250000  0.736730  1.222058
30.300000  0.729116  1.208889
30.350000  0.721500  1.195791
30.400000  0.714989  1.182247
30.450000  0.708474  1.168769
30.500000  0.703032  1.154989
30.550000  0.697584  1.141269
30.600000  0.693178  1.127378
30.650000  0.688763  1.113542
30.700000  0.685357  1.099652
30.750000  0.681942  1.085812
30.800000  0.679505  1.072024
30.850000  0.677058  1.058281
30.900000  0.675560  1.044683
30.950000  0.674050  1.031125
31.000000  0.673462  1.017795
31.050000  0.672862  1.004501
31.100000  0.673159  0.991506
31.150000  0.673445  0.978544
31.200000  0.674604  0.965943
31.250000  0.675752  0.953370
31.300000  0.677755  0.941212
31.350000  0.679747  0.929080
31.400000  0.682575  0.917409
31.450000  0.685394  0.905761
31.500000  0.689034  0.894612
31.550000  0.692665  0.883485
31.600000  0.697105  0.872890
31.650000  0.701536  0.862315
31.700000  0.706764  0.852301
31.750000  0.711984  0.842304
31.800000  0.717992  0.832893
31.850000  0.723991  0.823498
31.900000  0.730771  0.814710
31.950000  0.737541  0.805936
32.000000  0.745084  0.797788
32.050000  0.752617  0.789653
32.100000  0.760915  0.782160
32.150000  0.769203  0.774680
32.200000  0.778246  0.767856
32.250000  0.787280  0.761045
32.300000  0.797059  0.754905
32.350000  0.806827  0.748777
32.400000  0.817328  0.743334
32.450000  0.827817  0.737902
32.500000  0.839025  0.733169
32.550000  0.850219  0.728448
32.600000  0.862113  0.724441
32.650000  0.873991  0.720445
32.700000  0.886546  0.717178
32.750000  0.899082  0.713923
32.800000  0.912266  0.711414
32.850000  0.925430  0.708918
32.900000  0.939204  0.707185
32.950000  0.952955  0.705465
33.000000  0.967272  0.704530
33.050000  0.981562  0.703608
33.100000  0.996365  0.703492
33.150000  1.011136  0.703390
33.200000  1.026356  0.704119
33.250000  1.041540  0.704861
33.300000  1.057096  0.706461
33.350000  1.072611  0.708075
33.400000  1.088408  0.710574
33.450000  1.104159  0.713087
33.500000  1.120088  0.716516
33.550000  1.135964  0.719958
33.600000  1.151900  0.724347
33.650000  1.167776  0.728748
33.700000  1.183576  0.734129
33.750000  1.199310  0.739519
33.800000  1.214815  0.745920
33.850000  1.230248  0.752329
33.900000  1.245285  0.759778
33.950000  1.260242  0.767232
34.000000  1.274619  0.775751
34.050000  1.288911  0.784273
34.100000  1.302425  0.793878
34.150000  1.315848  0.803481
34.200000  1.328284  0.814180
34.250000  1.340625  0.824871
34.300000  1.351762  0.836658
34.350000  1.362802  0.848430
34.400000  1.372418  0.861283
34.450000  1.381937  0.874113
34.500000  1.389814  0.887991
34.550000  1.397598  0.901837
34.600000  1.403534  0.916677
34.650000  1.409381  0.931473
34.700000  1.413192  0.947183
34.750000  1.416924  0.962838
34.800000  1.418457  0.979297
34.850000  1.419926  0.995689
34.900000  1.419069  1.012747
34.950000  1.418165  1.029723
35.000000  1.414854  1.047194
35.050000  1.411516  1.064571
35.100000  1.405740  1.082241
35.150000  1.399959  1.099805
35.200000  1.391767  1.117431
35.250000  1.383596  1.134942
35.300000  1.373097  1.152260
35.350000  1.362644  1.169456
35.400000  1.350006  1.186188
35.450000  1.337438  1.202795
35.500000  1.322884  1.218657
35.550000  1.308421  1.234397
35.600000  1.292215  1.249114
35.650000  1.276119  1.263715
35.700000  1.258561  1.277029
35.750000  1.241129  1.290237
35.800000  1.222539  1.301918
35.850000  1.204084  1.313507
35.900000  1.184790  1.323363
35.950000  1.165635  1.333145
36.000000  1.145958  1.341029
36.050000  1.126418  1.348858
36.100000  1.106662  1.354670
36.150000  1.087037  1.360450
36.200000  1.067480  1.364143
36.250000  1.048044  1.367825
36.300000  1.028930  1.369400
36.350000  1.009926  1.370985
36.400000  0.991463  1.370489
36.450000  0.973097  1.370021
36.500000  0.955457  1.367540
36.550000  0.937898  1.365104
36.600000  0.921214  1.360758
36.650000  0.904597  1.356470
36.700000  0.888967  1.350405
36.750000  0.873393  1.344408
36.800000  0.858887  1.336788
36.850000  0.844424  1.329243
36.900000  0.831085  1.320244
36.950000  0.817778  1.311324
37.000000  0.805626  1.301128
37.050000  0.793496  1.291012
37.100000  0.782534  1.279800
37.150000  0.771586  1.268668
37.200000  0.761804  1.256618
37.250000  0.752029  1.244645
37.300000  0.743406  1.231927
37.350000  0.734785  1.219283
37.400000  0.727293  1.206057
37.450000  0.719800  1.192901
37.500000  0.713408  1.179317
37.550000  0.707012  1.165798
37.600000  0.701686  1.151992
37.650000  0.696354  1.138246
37.700000  0.692059  1.124342
37.750000  0.687757  1.110493
37.800000  0.684460  1.096603
37.850000  0.681154  1.082762
37.900000  0.678823  1.068984
37.950000  0.676481  1.055251
38.000000  0.675085  1.041672
38.050000  0.673679  1.028134
38.100000  0.673190  1.014832
38.150000  0.672691  1.001566
38.200000  0.673085  0.988606
38.250000  0.673468  0.975679
38.300000  0.674723  0.963119
38.350000  0.675967  0.950588
38.400000  0.678063  0.938478
38.450000  0.680148  0.926392
38.500000  0.683069  0.914773
38.550000  0.685980  0.903176
38.600000  0.689711  0.892084
38.650000  0.693433  0.881011
38.700000  0.697962  0.870476
38.750000  0.702482  0.859960
38.800000  0.707800  0.850008
38.850000  0.713108  0.840073
38.900000  0.719204  0.830727
38.950000  0.725291  0.821397
39.000000  0.732158  0.812676
39.050000  0.739016  0.803969
39.100000  0.746645  0.795890
39.150000  0.754265  0.787824
39.200000  0.762649  0.780402
39.250000  0.771023  0.772993
39.300000  0.780151  0.766242
39.350000  0.789270  0.759504
39.400000  0.799133  0.753438
39.450000  0.808985  0.747385
39.500000  0.819569  0.742017
39.550000  0.830141  0.736662
39.600000  0.841430  0.732007
39.650000  0.852705  0.727364
39.700000  0.864678  0.723436
39.750000  0.876635  0.719520
39.800000  0.889266  0.716335
39.850000  0.901878  0.713162
39.900000  0.915135  0.710737
39.950000  0.928371  0.708324
40.000000  0.942213  0.706678
40.050000  0.956032  0.705044
40.100000  0.970412  0.704198
40.150000  0.984764  0.703365
40.200000  0.999624  0.703341
40.250000  1.014451  0.703330
40.300000  1.029719  0.704154
40.350000  1.044951  0.704991
40.400000  1.060546  0.706689
40.450000  1.076100  0.708401
40.500000  1.091925  0.711002
40.550000  1.107704  0.713616
40.600000  1.123648  0.717150
40.650000  1.139539  0.720697
40.700000  1.155476  0.725196
40.750000  1.171352  0.729706
40.800000  1.187137  0.735199
40.850000  1.202855  0.740702
40.900000  1.218327  0.747219
40.950000  1.233725  0.753745
41.000000  1.248708  0.761313
41.050000  1.263610  0.768886
41.100000  1.277911  0.777527
41.150000  1.292126  0.786171
41.200000  1.305541  0.795900
41.250000  1.318864  0.805628
41.300000  1.331176  0.816451
41.350000  1.343393  0.827267
41.400000  1.354381  0.839177
41.450000  1.365272  0.851073
41.500000  1.374713  0.864047
41.550000  1.384058  0.876998
41.600000  1.391738  0.890993
41.650000  1.399323  0.904954
41.700000  1.405038  0.919902
41.750000  1.410665  0.934806
41.800000  1.414234  0.950614
41.850000  1.417726  0.966365
41.900000  1.419003  0.982908
41.950000  1.420216  0.999381
42.000000  1.419091  1.016504
42.050000  1.417920  1.033544
42.100000  1.414334  1.051059
42.150000  1.410724  1.068479
42.200000  1.404674  1.086167
42.250000  1.398622  1.103749
42.300000  1.390163  1.121365
42.350000  1.381728  1.138866
42.400000  1.370976  1.156144
42.450000  1.360272  1.173300
42.500000  1.347402  1.189961
42.550000  1.334605  1.206497
42.600000  1.319843  1.222257
42.650000  1.305176  1.237894
42.700000  1.288794  1.252479
42.750000  1.272524  1.266947
42.800000  1.254824  1.280101
42.850000  1.237250  1.293149
42.900000  1.218554  1.304645
42.950000  1.199993  1.316050
43.000000  1.180628  1.325701
43.050000  1.161402  1.335279
43.100000  1.141689  1.342942
43.150000  1.122112  1.350553
43.200000  1.102353  1.356136
43.250000  1.082724  1.361688
43.300000  1.063192  1.365147
43.350000  1.043781  1.368598
43.400000  1.024719  1.369941
43.450000  1.005764  1.371295
43.500000  0.987375  1.370573
43.550000  0.969080  1.369881
43.600000  0.951531  1.367185
43.650000  0.934061  1.364534
43.700000  0.917481  1.359987
43.750000  0.900967  1.355498
43.800000  0.885452  1.349247
43.850000  0.869990  1.343065
43.900000  0.855605  1.335278
43.950000  0.841262  1.327566
44.000000  0.828049  1.318420
44.050000  0.814865  1.309352
44.100000  0.802841  1.299027
44.150000  0.790837  1.288783
44.200000  0.780003  1.277462
44.250000  0.769182  1.266220
44.300000  0.759525  1.254081
44.350000  0.749876  1.242018
44.400000  0.741377  1.229228
44.450000  0.732880  1.216512
44.500000  0.725509  1.203232
44.550000  0.718137  1.190021
44.600000  0.711863  1.176398
44.650000  0.705585  1.162839
44.700000  0.700374  1.149009
44.750000  0.695156  1.135238
44.800000  0.690972  1.121323
44.850000  0.686781  1.107463
44.900000  0.683592  1.093573
44.950000  0.680394  1.079733
45.000000  0.678167  1.065966
45.050000  0.675930  1.052244
45.100000  0.674636  1.038686
45.150000  0.673331  1.025168
45.200000  0.672941  1.011895
45.250000  0.672541  0.998657
45.300000  0.673032  0.985733
45.350000  0.673512  0.972841
45.400000  0.674861  0.960324
45.450000  0.676200  0.947834
45.500000  0.678388  0.935771
45.550000  0.680567  0.923733
45.600000  0.683579  0.912165
45.650000  0.686581  0.900620
45.700000  0.690402  0.889583
45.750000  0.694214  0.878567
45.800000  0.698832  0.868091
45.850000  0.703441  0.857633
45.900000  0.708847  0.847744
45.950000  0.714243  0.837871
46.000000  0.720427  0.828590
46.050000  0.726601  0.819324
46.100000  0.733555  0.810670
46.150000  0.740499  0.802030
46.200000  0.748214  0.794019
46.250000  0.755920  0.786022
46.300000  0.764389  0.778671
46.350000  0.772848  0.771333
46.400000  0.782062  0.764654
46.450000  0.791264  0.757989
46.500000  0.801211  0.751997
46.550000  0.811146  0.746017
46.600000  0.821813  0.740726
46.650000  0.832467  0.735446
46.700000  0.843836  0.730869
46.750000  0.855191  0.726304
46.800000  0.867242  0.722455
46.850000  0.879277  0.718618
46.900000  0.891984  0.715515
46.950000  0.904672  0.712423
47.000000  0.918000  0.710082
47.050000  0.931307  0.707752
47.100000  0.945217  0.706192
47.150000  0.959103  0.704645
47.200000  0.973545  0.703887
47.250000  0.987959  0.703142
47.300000  1.002873  0.703209
47.350000  1.017755  0.703290
47.400000  1.033071  0.704208
47.450000  1.048350  0.705140
47.500000  1.063983  0.706936
47.550000  1.079573  0.708745
47.600000  1.095426  0.711448
47.650000  1.111230  0.714163
47.700000  1.127189  0.717802
47.750000  1.143093  0.721454
47.800000  1.159029  0.726061
47.850000  1.174904  0.730680
47.900000  1.190672  0.736285
47.950000  1.206372  0.741901
48.000000  1.221808  0.748534
48.050000  1.237170  0.755175
48.100000  1.252097  0.762862
48.150000  1.266943  0.770555
48.200000  1.281166  0.779318
48.250000  1.295303  0.788082
48.300000  1.308616  0.797936
48.350000  1.321837  0.807786
48.400000  1.334024  0.818734
48.450000  1.346114  0.829673
48.500000  1.356952  0.841707
48.550000  1.367692  0.853725
48.600000  1.376958  0.866819
48.650000  1.386127  0.879889
48.700000  1.393607  0.893999
48.750000  1.400993  0.908074
48.800000  1.406485  0.923130
48.850000  1.411891  0.938139
48.900000  1.415219  0.954043
48.950000  1.418471  0.969888
49.000000  1.419491  0.986512
49.050000  1.420448  1.003065
49.100000  1.419055  1.020251
49.150000  1.417618  1.037353
49.200000  1.413760  1.054908
49.250000  1.409879  1.072368
49.300000  1.403557  1.090072
49.350000  1.397236  1.107668
49.400000  1.388513  1.125272
49.450000  1.379816  1.142760
49.500000  1.368815  1.159995
49.550000  1.357865  1.177108
49.600000  1.344766  1.193695
49.650000  1.331743  1.210157
49.700000  1.316779  1.225812
49.750000  1.301912  1.241344
49.800000  1.285358  1.255794
49.850000  1.268919  1.270128
49.900000  1.251081  1.283119
49.950000  1.233371  1.296005
50.000000  1.214572  1.307315
50.050000  1.195910  1.318535
50.100000  1.176478  1.327980
50.150000  1.157185  1.337354
50.200000  1.137440  1.344797
50.250000  1.117831  1.352190
50.300000  1.098071  1.357543
50.350000  1.078441  1.362869
50.400000  1.058938  1.366096
50.450000  1.039555  1.369316
50.500000  1.020546  1.370429
50.550000  1.001644  1.371555
50.600000  0.983329  1.370609
50.650000  0.965108  1.369695
50.700000  0.947650  1.366786
50.750000  0.930270  1.363924
50.800000  0.913795  1.359177
50.850000  0.897384  1.354490
50.900000  0.881983  1.348058
50.950000  0.866634  1.341694
51.000000  0.852371  1.333743
51.050000  0.838147  1.325867
51.100000  0.825059  1.316575
51.150000  0.811999  1.307362
51.200000  0.800101  1.296913
51.250000  0.788223  1.286542
51.300000  0.777515  1.275116
51.350000  0.766820  1.263768
51.400000  0.757289  1.251541
51.450000  0.747764  1.239390
51.500000  0.739388  1.226531
51.550000  0.731013  1.213745
51.600000  0.723763  1.200413
51.650000  0.716510  1.187149
51.700000  0.710353  1.173489
51.750000  0.704191  1.159893
51.800000  0.699094  1.146041
51.850000  0.693989  1.132247
51.900000  0.689916  1.118322
51.950000  0.685834  1.104451
52.000000  0.682752  1.090564
52.050000  0.679661  1.076725
52.100000  0.677538  1.062971
52.150000  0.675405  1.049260
52.200000  0.674211  1.035724
52.250000  0.673006  1.022227
52.300000  0.672715  1.008983
52.350000  0.672413  0.995774
52.400000  0.672999  0.982887
52.450000  0.673575  0.970030
52.500000  0.675018  0.957555
52.550000  0.676450  0.945108
52.600000  0.678731  0.933092
52.650000  0.681002  0.921101
52.700000  0.684104  0.909586
52.750000  0.687197  0.898092
52.800000  0.691107  0.887112
52.850000  0.695008  0.876151
52.900000  0.699715  0.865734
52.950000  0.704412  0.855335
53.000000  0.709905  0.845508
53.050000  0.715389  0.835697
53.100000  0.721659  0.826480
53.150000  0.727920  0.817278
53.200000  0.734960  0.808691
53.250000  0.741990  0.800117
53.300000  0.749791  0.792176
53.350000  0.757582  0.784247
53.400000  0.766136  0.776967
53.450000  0.774680  0.769698
53.500000  0.783977  0.763092
53.550000  0.793263  0.756498
53.600000  0.803293  0.750581
53.650000  0.813311  0.744675
53.700000  0.824059  0.739459
53.750000  0.834794  0.734255
53.800000  0.846243  0.729754
53.850000  0.857678  0.725266
53.900000  0.869806  0.721497
53.950000  0.881919  0.717739
54.000000  0.894699  0.714717
54.050000  0.907462  0.711706
54.100000  0.920861  0.709448
54.150000  0.934239  0.707202
54.200000  0.948215  0.705727
54.250000  0.962167  0.704265
54.300000  0.976670  0.703596
54.350000  0.991144  0.702939
54.400000  1.006113  0.703098
54.450000  1.021049  0.703270
54.500000  1.036411  0.704282
54.550000  1.051735  0.705308
54.600000  1.067404  0.707201
54.650000  1.083031  0.709108
54.700000  1.098909  0.711911
54.750000  1.114738  0.714728
54.800000  1.130709  0.718472
54.850000  1.146626  0.722228
54.900000  1.162559  0.726944
54.950000  1.178432  0.731670
55.000000  1.194180  0.737388
55.050000  1.209860  0.743115
55.100000  1.225260  0.749864
55.150000  1.240584  0.756620
55.200000  1.255453  0.764426
55.250000  1.270240  0.772237
55.300000  1.284384  0.781122
55.350000  1.298440  0.790007
55.400000  1.311651  0.799983
55.450000  1.324768  0.809956
55.500000  1.336827  0.821027
55.550000  1.348790  0.832089
55.600000  1.359475  0.844245
55.650000  1.370062  0.856384
55.700000  1.379151  0.869598
55.750000  1.388143  0.882786
55.800000  1.395422  0.897010
55.850000  1.402608  0.911198
55.900000  1.407877  0.926358
55.950000  1.413061  0.941472
56.000000  1.416148  0.957469
56.050000  1.419159  0.973407
56.100000  1.419922  0.990110
56.150000  1.420624  1.006741
56.200000  1.418964  1.023987
56.250000  1.417262  1.041147
56.300000  1.413132  1.058741
56.350000  1.408982  1.076237
56.400000  1.402391  1.093954
56.450000  1.395803  1.111562
56.500000  1.386819  1.129151
56.550000  1.377863  1.146622
56.600000  1.366616  1.163812
56.650000  1.355423  1.180879
56.700000  1.342099  1.197389
56.750000  1.328854  1.213774
56.800000  1.313692  1.229322
56.850000  1.298629  1.244747
56.900000  1.281908  1.259059
56.950000  1.265304  1.273257
57.000000  1.247333  1.286083
57.050000  1.229491  1.298807
57.100000  1.210595  1.309928
57.150000  1.191835  1.320963
57.200000  1.172342  1.330201
57.250000  1.152986  1.339371
57.300000  1.133213  1.346593
57.350000  1.113574  1.353769
57.400000  1.093818  1.358893
57.450000  1.074190  1.363993
57.500000  1.054718  1.366989
57.550000  1.035365  1.369981
57.600000  1.016412  1.370865
57.650000  0.997564  1.371765
57.700000  0.979326  1.370598
57.750000  0.961179  1.369464
57.800000  0.943814  1.366344
57.850000  0.926526  1.363274
57.900000  0.910155  1.358331
57.950000  0.893849  1.353450
58.000000  0.878562  1.346838
58.050000  0.863326  1.340295
58.100000  0.849184  1.332183
58.150000  0.835080  1.324146
58.200000  0.822115  1.314713
58.250000  0.809178  1.305358
58.300000  0.797406  1.294785
58.350000  0.785653  1.284293
58.400000  0.775070  1.272763
58.450000  0.764500  1.261311
58.500000  0.755093  1.249000
58.550000  0.745692  1.236764
58.600000  0.737438  1.223838
58.650000  0.729185  1.210985
58.700000  0.722053  1.197602
58.750000  0.714919  1.184287
58.800000  0.708878  1.170592
58.850000  0.702832  1.156961
58.900000  0.697846  1.143087
58.950000  0.692854  1.129272
59.000000  0.688890  1.115339
59.050000  0.684917  1.101460
59.100000  0.681941  1.087575
59.150000  0.678955  1.073739
59.200000  0.676934  1.059998
59.250000  0.674903  1.046300
59.300000  0.673809  1.032786
59.350000  0.672705  1.019310
59.400000  0.672510  1.006097
59.450000  0.672305  0.992917
59.500000  0.672987  0.980067
59.550000  0.673657  0.967247
59.600000  0.675193  0.954814
59.650000  0.676718  0.942409
59.700000  0.679090  0.930441
59.750000  0.681452  0.918498
59.800000  0.684644  0.907034
59.850000  0.687827  0.895593
59.900000  0.691826  0.884668
59.950000  0.695815  0.873763
60.000000  0.700609  0.863405
60.050000  0.705394  0.853065
60.100000  0.710974  0.843300
60.150000  0.716545  0.833550
60.200000  0.722901  0.824398
60.250000  0.729248  0.815260
60.300000  0.736373  0.806739
60.350000  0.743489  0.798232
60.400000  0.751374  0.790359
60.450000  0.759250  0.782499
60.500000  0.767888  0.775288
60.550000  0.776516  0.768090
60.600000  0.785896  0.761555
60.650000  0.795266  0.755033
60.700000  0.805378  0.749189
60.750000  0.815478  0.743357
60.800000  0.826306  0.738216
60.850000  0.837122  0.733087
60.900000  0.848650  0.728663
60.950000  0.860164  0.724252
61.000000  0.872369  0.720561
61.050000  0.884558  0.716883
61.100000  0.897413  0.713940
61.150000  0.910248  0.711011
61.200000  0.923718  0.708835
61.250000  0.937165  0.706672
61.300000  0.951207  0.705283
61.350000  0.965224  0.703907
61.400000  0.979787  0.703325
61.450000  0.994321  0.702756
61.500000  1.009343  0.703005
61.550000  1.024331  0.703268
61.600000  1.039738  0.704374
61.650000  1.055106  0.705494
61.700000  1.070811  0.707485
61.750000  1.086473  0.709488
61.800000  1.102375  0.712393
61.850000  1.118227  0.715310
61.900000  1.134209  0.719158
61.950000  1.150136  0.723019
62.000000  1.166066  0.727842
62.050000  1.181934  0.732677
62.100000  1.197662  0.738506
62.150000  1.213321  0.744345
62.200000  1.228681  0.751209
62.250000  1.243965  0.758080
62.300000  1.258775  0.766005
62.350000  1.273502  0.773933
62.400000  1.287564  0.782938
62.450000  1.301539  0.791944
62.500000  1.314644  0.802042
62.550000  1.327656  0.812137
62.600000  1.339586  0.823331
62.650000  1.351419  0.834514
62.700000  1.361950  0.846792
62.750000  1.372383  0.859052
62.800000  1.381293  0.872383
62.850000  1.390107  0.885689
62.900000  1.397184  0.900024
62.950000  1.404168  0.914323
63.000000  1.409214  0.929588
63.050000  1.414175  0.944804
63.100000  1.417020  0.960893
63.150000  1.419791  0.976921
63.200000  1.420296  0.993701
63.250000  1.420744  1.010407
63.300000  1.418818  1.027711
63.350000  1.416852  1.044928
63.400000  1.412452  1.062557
63.450000  1.408034  1.080087
63.500000  1.401176  1.097814
63.550000  1.394323  1.115431
63.600000  1.385081  1.133001
63.650000  1.375870  1.150453
63.700000  1.364381  1.167595
63.750000  1.352947  1.184613
63.800000  1.339403  1.201044
63.850000  1.325939  1.217349
63.900000  1.310584  1.232786
63.950000  1.295330  1.248101
64.000000  1.278447  1.262274
64.050000  1.261682  1.276333
64.100000  1.243582  1.288994
64.150000  1.225613  1.301553
64.200000  1.206624  1.312486
64.250000  1.187771  1.323333
64.300000  1.168219  1.332364
64.350000  1.148805  1.341329
64.400000  1.129007  1.348332
64.450000  1.109344  1.355290
64.500000  1.089593  1.360187
64.550000  1.069970  1.365062
64.600000  1.050533  1.367828
64.650000  1.031212  1.370593
64.700000  1.012317  1.371251
64.750000  0.993525  1.371926
64.800000  0.975365  1.370540
64.850000  0.957294  1.369190
64.900000  0.940023  1.365862
64.950000  0.922827  1.362586
65.000000  0.906562  1.357450
65.050000  0.890360  1.352376
65.100000  0.875188  1.345588
65.150000  0.860065  1.338870
65.200000  0.846043  1.330600
65.250000  0.832058  1.322405
65.300000  0.819217  1.312833
65.350000  0.806403  1.303339
65.400000  0.794756  1.292647
65.450000  0.783126  1.282034
65.500000  0.772669  1.270404
65.550000  0.762222  1.258852
65.600000  0.752938  1.246457
65.650000  0.743660  1.234139
65.700000  0.735526  1.221149
65.750000  0.727393  1.208230
65.800000  0.720380  1.194799
65.850000  0.713363  1.181435
65.900000  0.707437  1.167708
65.950000  0.701505  1.154042
66.000000  0.696631  1.140150
66.050000  0.691749  1.126314
66.100000  0.687893  1.112375
66.150000  0.684028  1.098487
66.200000  0.681156  1.084607
66.250000  0.678275  1.070774
66.300000  0.676356  1.057048
66.350000  0.674427  1.043363
66.400000  0.673431  1.029872
66.450000  0.672425  1.016419
66.500000  0.672327  1.003236
66.550000  0.672218  0.990087
66.600000  0.672994  0.977273
66.650000  0.673758  0.964491
66.700000  0.675386  0.952101
66.750000  0.677004  0.939738
66.800000  0.679466  0.927818
66.850000  0.681918  0.915922
66.900000  0.685199  0.904511
66.950000  0.688471  0.893122
67.000000  0.692557  0.882253
67.050000  0.696635  0.871403
67.100000  0.701516  0.861104
67.150000  0.706388  0.850823
67.200000  0.712054  0.841119
67.250000  0.717710  0.831431
67.300000  0.724152  0.822343
67.350000  0.730585  0.813269
67.400000  0.737794  0.804814
67.450000  0.744995  0.796373
67.500000  0.752964  0.788568
67.550000  0.760924  0.780776
67.600000  0.769646  0.773635
67.650000  0.778357  0.766506
67.700000  0.787820  0.760044
67.750000  0.797272  0.753593
67.800000  0.807465  0.747822
67.850000  0.817646  0.742062
67.900000  0.828555  0.736996
67.950000  0.839451  0.731942
68.000000  0.851057  0.727595
68.050000  0.862649  0.723260
68.100000  0.874930  0.719648
68.150000  0.887195  0.716048
68.200000  0.900122  0.713186
68.250000  0.913031  0.710337
68.300000  0.926570  0.708244
68.350000  0.940086  0.706164
68.400000  0.954193  0.704859
68.450000  0.968274  0.703568
68.500000  0.982895  0.703073
68.550000  0.997488  0.702592
68.600000  1.012562  0.702932
68.650000  1.027601  0.703285
68.700000  1.043052  0.704485
68.750000  1.058464  0.705698
68.800000  1.074203  0.707786
68.850000  1.089898  0.709887
68.900000  1.105822  0.712891
68.950000  1.121697  0.715909
69.000000  1.137689  0.719861
69.050000  1.153624  0.723826
69.100000  1.169549  0.728757
69.150000  1.185410  0.733699
69.200000  1.201116  0.739640
69.250000  1.216752  0.745590
69.300000  1.232072  0.752568
69.350000  1.247314  0.759554
69.400000  1.262063  0.767596
69.450000  1.276728  0.775643
69.500000  1.290707  0.784768
69.550000  1.304597  0.793893
69.600000  1.317596  0.804113
69.650000  1.330501  0.814328
69.700000  1.342299  0.825644
69.750000  1.354001  0.836949
69.800000  1.364377  0.849346
69.850000  1.374654  0.861726
69.900000  1.383385  0.875174
69.950000  1.392019  0.888595
70.000000  1.398892  0.903042
70.050000  1.405674  0.917451
70.100000  1.410496  0.932817
70.150000  1.415234  0.948134
70.200000  1.417836  0.964313
70.250000  1.420366  0.980430
70.300000  1.420616  0.997284
70.350000  1.420809  1.014063
70.400000  1.418618  1.031422
70.450000  1.416389  1.048693
70.500000  1.411721  1.066355
70.550000  1.407037  1.083917
70.600000  1.399914  1.101651
70.650000  1.392799  1.119273
70.700000  1.383301  1.136823
70.750000  1.373838  1.154252
70.800000  1.362110  1.171343
70.850000  1.350440  1.188309
70.900000  1.336680  1.204657
70.950000  1.323002  1.220881
71.000000  1.307457  1.236205
71.050000  1.292016  1.251408
71.100000  1.274975  1.265440
71.150000  1.258053  1.279358
71.200000  1.239830  1.291851
71.250000  1.221738  1.304244
71.300000  1.202659  1.314987
71.350000  1.183718  1.325647
71.400000  1.164112  1.334471
71.450000  1.144644  1.343231
71.500000  1.124824  1.350014
71.550000  1.105139  1.356754
71.600000  1.085398  1.361426
71.650000  1.065783  1.366076
71.700000  1.046382  1.368615
71.750000  1.027097  1.371154
71.800000  1.008261  1.371587
71.850000  0.989528  1.372040
71.900000  0.971447  1.370438
71.950000  0.953454  1.368873
72.000000  0.936276  1.365340
72.050000  0.919173  1.361860
72.100000  0.903015  1.356535
72.150000  0.886917  1.351272
72.200000  0.871860  1.344310
72.250000  0.856851  1.337420
72.300000  0.842948  1.328994
72.350000  0.829082  1.320645
72.400000  0.816364  1.310936
72.450000  0.803672  1.301307
72.500000  0.792149  1.290498
72.550000  0.780643  1.279768
72.600000  0.770309  1.268040
72.650000  0.759985  1.256389
72.700000  0.750824  1.243915
72.750000  0.741667  1.231517
72.800000  0.733653  1.218464
72.850000  0.725639  1.205483
72.900000  0.718742  1.192005
72.950000  0.711842  1.178595
73.000000  0.706029  1.164835
73.050000  0.700210  1.151138
73.100000  0.695446  1.137228
73.150000  0.690675  1.123374
73.200000  0.686925  1.109428
73.250000  0.683167  1.095535
73.300000  0.680399  1.081660
73.350000  0.677621  1.067832
73.400000  0.675802  1.054121
73.450000  0.673973  1.040451
73.500000  0.673076  1.026983
73.550000  0.672168  1.013554
73.600000  0.672165  1.000401
73.650000  0.672151  0.987283
73.700000  0.673020  0.974507
73.750000  0.673878  0.961761
73.800000  0.675597  0.949415
73.850000  0.677305  0.937095
73.900000  0.679857  0.925223
73.950000  0.682399  0.913375
74.000000  0.685768  0.902016
74.050000  0.689128  0.890678
74.100000  0.693302  0.879865
74.150000  0.697467  0.869071
74.200000  0.702434  0.858831
74.250000  0.707392  0.848609
74.300000  0.713143  0.838967
74.350000  0.718885  0.829340
74.400000  0.725412  0.820315
74.450000  0.731929  0.811305
74.500000  0.739223  0.802916
74.550000  0.746507  0.794541
74.600000  0.754560  0.786804
74.650000  0.762604  0.779079
74.700000  0.771408  0.772007
74.750000  0.780202  0.764948
74.800000  0.789747  0.758557
74.850000  0.799281  0.752177
74.900000  0.809555  0.746479
74.950000  0.819817  0.740792
75.000000  0.830805  0.735800
75.050000  0.841780  0.730821
75.100000  0.853464  0.726550
75.150000  0.865133  0.722291
75.200000  0.877489  0.718757
75.250000  0.889829  0.715235
75.300000  0.902829  0.712453
75.350000  0.915809  0.709684
75.400000  0.929416  0.707673
75.450000  0.943001  0.705675
75.500000  0.957171  0.704455
75.550000  0.971315  0.703248
75.600000  0.985995  0.702841
75.650000  1.000645  0.702448
75.700000  1.015769  0.702878
75.750000  1.030860  0.703321
75.800000  1.046353  0.704614
75.850000  1.061807  0.705920
75.900000  1.077578  0.708104
75.950000  1.093305  0.710302
76.000000  1.109251  0.713406
76.050000  1.125146  0.716524
76.100000  1.141146  0.720580
76.150000  1.157089  0.724648
76.200000  1.173007  0.729687
76.250000  1.188861  0.734737
76.300000  1.204543  0.740788
76.350000  1.220155  0.746849
76.400000  1.235432  0.753942
76.450000  1.250631  0.761042
76.500000  1.265316  0.769201
76.550000  1.279918  0.777364
76.600000  1.293812  0.786609
76.650000  1.307616  0.795853
76.700000  1.320507  0.806194
76.750000  1.333303  0.816530
76.800000  1.344969  0.827966
76.850000  1.356538  0.839391
76.900000  1.366756  0.851908
76.950000  1.376876  0.864406
77.000000  1.385425  0.877970
77.050000  1.393879  0.891506
77.100000  1.400548  0.906062
77.150000  1.407126  0.920579
77.200000  1.411724  0.936045
77.250000  1.416238  0.951461
77.300000  1.418598  0.967728
77.350000  1.420887  0.983932
77.400000  1.420881  1.000858
77.450000  1.420820  1.017708
77.500000  1.418365  1.035120
77.550000  1.415875  1.052442
77.600000  1.410940  1.070134
77.650000  1.405992  1.087725
77.700000  1.398606  1.105463
77.750000  1.391231  1.123089
77.800000  1.381482  1.140614
77.850000  1.371769  1.158019
77.900000  1.359805  1.175055
77.950000  1.347903  1.191967
78.000000  1.333930  1.208230
78.050000  1.320042  1.224369
78.100000  1.304312  1.239578
78.150000  1.288688  1.254667
78.200000  1.271494  1.268555
78.250000  1.254420  1.282331
78.300000  1.236077  1.294655
78.350000  1.217867  1.306880
78.400000  1.198703  1.317433
78.450000  1.179678  1.327904
78.500000  1.160021  1.336521
78.550000  1.140503  1.345075
78.600000  1.120665  1.351640
78.650000  1.100962  1.358163
78.700000  1.081233  1.362609
78.750000  1.061630  1.367037
78.800000  1.042267  1.369349
78.850000  1.023019  1.371664
78.900000  1.004245  1.371875
78.950000  0.985573  1.372108
79.000000  0.967571  1.370292
79.050000  0.949657  1.368514
79.100000  0.932575  1.364780
79.150000  0.915566  1.361099
79.200000  0.899514  1.355586
79.250000  0.883521  1.350137
79.300000  0.868579  1.343005
79.350000  0.853682  1.335945
79.400000  0.839900  1.327367
79.450000  0.826152  1.318867
79.500000  0.813556  1.309025
79.550000  0.800986  1.299262
79.600000  0.789586  1.288339
79.650000  0.778202  1.277496
79.700000  0.767991  1.265671
79.750000  0.757789  1.253926
79.800000  0.748749  1.241374
79.850000  0.739712  1.228898
79.900000  0.731817  1.215785
79.950000  0.723921  1.202743
80.000000  0.717140  1.189221
80.050000  0.710355  1.175765
80.100000  0.704654  1.161976
80.150000  0.698948  1.148249
80.200000  0.694293  1.134322
80.250000  0.689630  1.120451
80.300000  0.685986  1.106501
80.350000  0.682333  1.092603
80.400000  0.679667  1.078735
80.450000  0.676992  1.064913
80.500000  0.675273  1.051217
80.550000  0.673544  1.037562
80.600000  0.672743  1.024119
80.650000  0.671931  1.010713
80.700000  0.672023  0.997592
80.750000  0.672104  0.984505
80.800000  0.673064  0.971767
80.850000  0.674014  0.959059
80.900000  0.675824  0.946756
80.950000  0.677623  0.934479
81.000000  0.680264  0.922656
81.050000  0.682894  0.910855
81.100000  0.686351  0.899549
81.150000  0.689799  0.888263
81.200000  0.694059  0.877505
81.250000  0.698310  0.866767
81.300000  0.703363  0.856586
81.350000  0.708406  0.846422
81.400000  0.714242  0.836841
81.450000  0.720069  0.827276
81.500000  0.726680  0.818315
81.550000  0.733281  0.809368
81.600000  0.740658  0.801045
81.650000  0.748026  0.792735
81.700000  0.756162  0.785065
81.750000  0.764289  0.777408
81.800000  0.773175  0.770405
81.850000  0.782051  0.763415
81.900000  0.791677  0.757094
81.950000  0.801292  0.750786
82.000000  0.811646  0.745159
82.050000  0.821988  0.739545
82.100000  0.833055  0.734628
82.150000  0.844109  0.729722
82.200000  0.855870  0.725527
82.250000  0.867615  0.721344
82.300000  0.880046  0.717887
82.350000  0.892460  0.714443
82.400000  0.905531  0.711741
82.450000  0.918582  0.709051
82.500000  0.932257  0.707123
82.550000  0.945909  0.705206
82.600000  0.960142  0.704071
82.650000  0.974349  0.702948
82.700000  0.989085  0.702628
82.750000  1.003791  0.702322
82.800000  1.018966  0.702841
82.850000  1.034105  0.703375
82.900000  1.049640  0.704761
82.950000  1.065135  0.706160
83.000000  1.080938  0.708440
83.050000  1.096696  0.710734
83.100000  1.112662  0.713938
83.150000  1.128576  0.717156
83.200000  1.144583  0.721315
83.250000  1.160532  0.725487
83.300000  1.176441  0.730632
83.350000  1.192286  0.735789
83.400000  1.207942  0.741951
83.450000  1.223528  0.748122
83.500000  1.238760  0.755329
83.550000  1.253915  0.762542
83.600000  1.268536  0.770818
83.650000  1.283072  0.779098
83.700000  1.296879  0.788462
83.750000  1.310596  0.797825
83.800000  1.323376  0.808286
83.850000  1.336061  0.818741
83.900000  1.347593  0.830297
83.950000  1.359028  0.841842
84.000000  1.369087  0.854477
84.050000  1.379049  0.867092
84.100000  1.387416  0.880771
84.150000  1.395687  0.894420
84.200000  1.402152  0.909083
84.250000  1.408526  0.923707
84.300000  1.412898  0.939272
84.350000  1.417188  0.954785
84.400000  1.419306  0.971138
84.450000  1.421354  0.987426
84.500000  1.421093  1.004423
84.550000  1.420779  1.021341
84.600000  1.418061  1.038803
84.650000  1.415310  1.056175
84.700000  1.410110  1.073894
84.750000  1.404900  1.091511
84.800000  1.397254  1.109251
84.850000  1.389621  1.126877
84.900000  1.379623  1.144375
84.950000  1.369664  1.161752
85.000000  1.357468  1.178732
85.050000  1.345337  1.195586
85.100000  1.331155  1.211762
85.150000  1.317061  1.227813
85.200000  1.301151  1.242905
85.250000  1.285348  1.257878
85.300000  1.268005  1.271620
85.350000  1.250784  1.285252
85.400000  1.232326  1.297406
85.450000  1.214001  1.309463
85.500000  1.194757  1.319824
85.550000  1.175651  1.330106
85.600000  1.155948  1.338515
85.650000  1.136383  1.346864
85.700000  1.116531  1.353210
85.750000  1.096813  1.359517
85.800000  1.077099  1.363739
85.850000  1.057510  1.367945
85.900000  1.038188  1.370033
85.950000  1.018980  1.372126
86.000000  1.000269  1.372116
86.050000  0.981659  1.372131
86.100000  0.963739  1.370103
86.150000  0.945905  1.368116
86.200000  0.928919  1.364182
86.250000  0.912004  1.360303
86.300000  0.896059  1.354606
86.350000  0.880171  1.348974
86.400000  0.865343  1.341674
86.450000  0.850560  1.334448
86.500000  0.836896  1.325721
86.550000  0.823267  1.317072
86.600000  0.810793  1.307099
86.650000  0.798343  1.297207
86.700000  0.787066  1.286172
86.750000  0.775804  1.275217
86.800000  0.765714  1.263300
86.850000  0.755633  1.251461
86.900000  0.746713  1.238835
86.950000  0.737796  1.226284
87.000000  0.730018  1.213112
87.050000  0.722239  1.200011
87.100000  0.715572  1.186447
87.150000  0.708901  1.172948
87.200000  0.703312  1.159131
87.250000  0.697716  1.145375
87.300000  0.693169  1.131433
87.350000  0.688614  1.117546
87.400000  0.685074  1.103594
87.450000  0.681526  1.089692
87.500000  0.678962  1.075831
87.550000  0.676387  1.062015
87.600000  0.674767  1.048336
87.650000  0.673136  1.034698
87.700000  0.672431  1.021280
87.750000  0.671716  1.007898
87.800000  0.671901  0.994809
87.850000  0.672075  0.981754
87.900000  0.673127  0.969054
87.950000  0.674169  0.956384
88.000000  0.676068  0.944125
88.050000  0.677956  0.931891
88.100000  0.680685  0.920116
88.150000  0.683404  0.908364
88.200000  0.686948  0.897109
88.250000  0.690482  0.885875
88.300000  0.694828  0.875174
88.350000  0.699164  0.864490
88.400000  0.704302  0.854368
88.450000  0.709430  0.844263
88.500000  0.715350  0.834743
88.550000  0.721261  0.825238
88.600000  0.727955  0.816341
88.650000  0.734640  0.807457
88.700000  0.742100  0.799199
88.750000  0.749551  0.790955
88.800000  0.757769  0.783352
88.850000  0.765978  0.775762
88.900000  0.774946  0.768828
88.950000  0.783903  0.761907
89.000000  0.793610  0.755656
89.050000  0.803305  0.749418
89.100000  0.813739  0.743864
89.150000  0.824161  0.738322
89.200000  0.835306  0.733478
89.250000  0.846437  0.728646
89.300000  0.858274  0.724526
89.350000  0.870096  0.720419
89.400000  0.882600  0.717039
89.450000  0.895087  0.713672
89.500000  0.908229  0.711050
89.550000  0.921351  0.708439
89.600000  0.935092  0.706592
89.650000  0.948810  0.704758
89.700000  0.963105  0.703706
89.750000  0.977373  0.702668
89.800000  0.992165  0.702434
89.850000  1.006927  0.702214
89.900000  1.022150  0.702823
89.950000  1.037338  0.703446
90.000000  1.052913  0.704924
90.050000  1.068447  0.706416
90.100000  1.084281  0.708793
90.150000  1.100068  0.711182
90.200000  1.116053  0.714486
90.250000  1.131985  0.717803
90.300000  1.147997  0.722065
90.350000  1.163950  0.726340
90.400000  1.179850  0.731592
90.450000  1.195684  0.736855
90.500000  1.211314  0.743127
90.550000  1.226871  0.749408
90.600000  1.242058  0.756729
90.650000  1.257166  0.764056
90.700000  1.271720  0.772448
90.750000  1.286189  0.780843
90.800000  1.299908  0.790325
90.850000  1.313536  0.799806
90.900000  1.326204  0.810387
90.950000  1.338777  0.820961
91.000000  1.350173  0.832637
91.050000  1.361472  0.844299
91.100000  1.371372  0.857052
91.150000  1.381173  0.869783
91.200000  1.389357  0.883575
91.250000  1.397445  0.897336
91.300000  1.403703  0.912106
91.350000  1.409872  0.926835
91.400000  1.414019  0.942497
91.450000  1.418084  0.958105
91.500000  1.419960  0.974542
91.550000  1.421767  0.990913
91.600000  1.421252  1.007977
91.650000  1.420685  1.024962
91.700000  1.417706  1.042472
91.750000  1.414695  1.059890
91.800000  1.409233  1.077634
91.850000  1.403763  1.095275
91.900000  1.395859  1.113013
91.950000  1.387971  1.130637
92.000000  1.377727  1.148105
92.050000  1.367524  1.165452
92.100000  1.355101  1.182372
92.150000  1.342744  1.199166
92.200000  1.328358  1.215252
92.250000  1.314061  1.231214
92.300000  1.297975  1.246187
92.350000  1.281998  1.261040
92.400000  1.264510  1.274635
92.450000  1.247146  1.288121
92.500000  1.228577  1.300104
92.550000  1.210142  1.311991
92.600000  1.190821  1.322160
92.650000  1.171640  1.332252
92.700000  1.151893  1.340453
92.750000  1.132285  1.348598
92.800000  1.112422  1.354725
92.850000  1.092692  1.360817
92.900000  1.072996  1.364816
92.950000  1.053424  1.368801
93.000000  1.034146  1.370666
93.050000  1.014979  1.372538
93.100000  0.996334  1.372311
93.150000  0.977786  1.372110
93.200000  0.959949  1.369873
93.250000  0.942196  1.367678
93.300000  0.925307  1.363548
93.350000  0.908487  1.359474
93.400000  0.892649  1.353595
93.450000  0.876867  1.347783
93.500000  0.862153  1.340319
93.550000  0.847483  1.332929
93.600000  0.833938  1.324055
93.650000  0.820426  1.315260
93.700000  0.808073  1.305160
93.750000  0.795744  1.295141
93.800000  0.784588  1.283997
93.850000  0.773447  1.272934
93.900000  0.763478  1.260926
93.950000  0.753517  1.248997
94.000000  0.744715  1.236298
94.050000  0.735917  1.223673
94.100000  0.728255  1.210446
94.150000  0.720592  1.197288
94.200000  0.714038  1.183683
94.250000  0.707481  1.170143
94.300000  0.702001  1.156300
94.350000  0.696515  1.142517
94.400000  0.692075  1.128561
94.450000  0.687626  1.114660
94.500000  0.684190  1.100706
94.550000  0.680745  1.086801
94.600000  0.678281  1.072948
94.650000  0.675807  1.059141
94.700000  0.674284  1.045479
94.750000  0.672751  1.031858
94.800000  0.672141  1.018465
94.850000  0.671521  1.005109
94.900000  0.671798  0.992052
94.950000  0.672065  0.979029
95.000000  0.673208  0.966368
95.050000  0.674340  0.953736
95.100000  0.676327  0.941520
95.150000  0.678305  0.929331
95.200000  0.681121  0.917603
95.250000  0.683927  0.905899
95.300000  0.687557  0.894697
95.350000  0.691177  0.883515
95.400000  0.695608  0.872869
95.450000  0.700030  0.862241
95.500000  0.705251  0.852177
95.550000  0.710464  0.842130
95.600000  0.716467  0.832671
95.650000  0.722462  0.823228
95.700000  0.729239  0.814393
95.750000  0.736006  0.805573
95.800000  0.743549  0.797380
95.850000  0.751081  0.789200
95.900000  0.759381  0.781664
95.950000  0.767671  0.774141
96.000000  0.776720  0.767276
96.050000  0.785758  0.760423
96.100000  0.795545  0.754242
96.150000  0.805320  0.748074
96.200000  0.815833  0.742592
96.250000  0.826333  0.737121
96.300000  0.837556  0.732351
96.350000  0.848764  0.727592
96.400000  0.860677  0.723547
96.450000  0.872573  0.719515
96.500000  0.885151  0.716213
96.550000  0.897711  0.712922
96.600000  0.910922  0.710379
96.650000  0.924113  0.707848
96.700000  0.937920  0.706081
96.750000  0.951704  0.704328
96.800000  0.966060  0.703360
96.850000  0.980388  0.702405
96.900000  0.995236  0.702258
96.950000  1.010052  0.702124
97.000000  1.025322  0.702823
97.050000  1.040558  0.703535
97.100000  1.056171  0.705105
97.150000  1.071744  0.706690
97.200000  1.087607  0.709161
97.250000  1.103423  0.711647
97.300000  1.119424  0.715049
97.350000  1.135373  0.718465
97.400000  1.151389  0.722830
97.450000  1.167346  0.727208
97.500000  1.183233  0.732566
97.550000  1.199055  0.737935
97.600000  1.214656  0.744317
97.650000  1.230185  0.750708
97.700000  1.245324  0.758141
97.750000  1.260384  0.765581
97.800000  1.274870  0.774089
97.850000  1.289270  0.782600
97.900000  1.302898  0.792199
97.950000  1.316436  0.801798
98.000000  1.328991  0.812497
98.050000  1.341450  0.823189
98.100000  1.352709  0.834983
98.150000  1.363870  0.846763
98.200000  1.373608  0.859632
98.250000  1.383249  0.872479
98.300000  1.391248  0.886382
98.350000  1.399151  0.900254
98.400000  1.405204  0.915129
98.450000  1.411167  0.929962
98.500000  1.415087  0.945719
98.550000  1.418928  0.961421
98.600000  1.420561  0.977940
98.650000  1.422128  0.994391
98.700000  1.421359  1.011521
98.750000  1.420540  1.028569
98.800000  1.417301  1.046125
98.850000  1.414032  1.063587
98.900000  1.408309  1.081354
98.950000  1.402581  1.099015
99.000000  1.394422  1.116749
99.050000  1.386282  1.134368
99.100000  1.375794  1.151804
99.150000  1.365352  1.169118
99.200000  1.352704  1.185975
99.250000  1.340125  1.202707
99.300000  1.325538  1.218701
99.350000  1.311044  1.234570
99.400000  1.294785  1.249421
99.450000  1.278638  1.264154
99.500000  1.261010  1.277601
99.550000  1.243507  1.290939
99.600000  1.224831  1.302749
99.650000  1.206290  1.314465
99.700000  1.186897  1.324442
99.750000  1.167644  1.334343
99.800000  1.147858  1.342337
99.850000  1.128210  1.350276
99.900000  1.108340  1.356187
99.950000  1.088601  1.362064
100.000000  1.068925  1.365841
