   t     nR      nF
0.000000  0.800000  0.800000
0.050000  0.808000  0.798400
0.100000  0.816289  0.796934
0.150000  0.824577  0.795470
0.200000  0.833154  0.794143
0.250000  0.841730  0.792818
0.300000  0.850593  0.791634
0.350000  0.859455  0.790451
0.400000  0.868603  0.789412
0.450000  0.877749  0.788375
0.500000  0.887179  0.787484
0.550000  0.896606  0.786596
0.600000  0.906313  0.785858
0.650000  0.916017  0.785121
0.700000  0.925996  0.784539
0.750000  0.935972  0.783958
0.800000  0.946217  0.783535
0.850000  0.956458  0.783114
0.900000  0.966961  0.782853
0.950000  0.977460  0.782594
1.000000  0.988212  0.782500
1.050000  0.998958  0.782408
1.100000  1.009948  0.782484
1.150000  1.020932  0.782562
1.200000  1.032147  0.782812
1.250000  1.043356  0.783063
1.300000  1.054781  0.783491
1.350000  1.066200  0.783920
1.400000  1.077820  0.784528
1.450000  1.089432  0.785139
1.500000  1.101227  0.785933
1.550000  1.113014  0.786728
1.600000  1.124965  0.787711
1.650000  1.136906  0.788695
1.700000  1.148988  0.789871
1.750000  1.161060  0.791047
1.800000  1.173249  0.792419
1.850000  1.185426  0.793792
1.900000  1.197693  0.795362
1.950000  1.209948  0.796935
2.000000  1.222263  0.798709
2.050000  1.234565  0.800484
2.100000  1.246895  0.802464
2.150000  1.259210  0.804445
2.200000  1.271519  0.806634
2.250000  1.283813  0.808825
2.300000  1.296062  0.811226
2.350000  1.308296  0.813627
2.400000  1.320446  0.816242
2.450000  1.332578  0.818858
2.500000  1.344584  0.821689
2.550000  1.356572  0.824520
2.600000  1.368389  0.827569
2.650000  1.380187  0.830618
2.700000  1.391767  0.833885
2.750000  1.403327  0.837152
2.800000  1.414620  0.840638
2.850000  1.425892  0.844123
2.900000  1.436846  0.847828
2.950000  1.447779  0.851532
3.000000  1.458341  0.855454
3.050000  1.468881  0.859375
3.100000  1.478998  0.863513
3.150000  1.489091  0.867649
3.200000  1.498706  0.872000
3.250000  1.508298  0.876349
3.300000  1.517356  0.880909
3.350000  1.526391  0.885466
3.400000  1.534839  0.890231
3.450000  1.543262  0.894992
3.500000  1.551044  0.899955
3.550000  1.558803  0.904914
3.600000  1.565866  0.910068
3.650000  1.572907  0.915218
3.700000  1.579201  0.920555
3.750000  1.585474  0.925887
3.800000  1.590952  0.931397
3.850000  1.596409  0.936901
3.900000  1.601025  0.942572
3.950000  1.605622  0.948237
4.000000  1.609336  0.954058
4.050000  1.613033  0.959871
4.100000  1.615809  0.965826
4.150000  1.618570  0.971774
4.200000  1.620378  0.977849
4.250000  1.622172  0.983915
4.300000  1.622987  0.990092
4.350000  1.623791  0.996260
4.400000  1.623594  1.002521
4.450000  1.623389  1.008773
4.500000  1.622170  1.015098
4.550000  1.620945  1.021414
4.600000  1.618699  1.027783
4.650000  1.616450  1.034142
4.700000  1.613180  1.040533
4.750000  1.609911  1.046913
4.800000  1.605627  1.053304
4.850000  1.601348  1.059683
4.900000  1.596070  1.066048
4.950000  1.590799  1.072403
5.000000  1.584552  1.078720
5.050000  1.578315  1.085025
5.100000  1.571133  1.091270
5.150000  1.563963  1.097502
5.200000  1.555884  1.103649
5.250000  1.547820  1.109784
5.300000  1.538891  1.115808
5.350000  1.529980  1.121821
5.400000  1.520253  1.127699
5.450000  1.510546  1.133566
5.500000  1.500077  1.139273
5.550000  1.489631  1.144971
5.600000  1.478482  1.150486
5.650000  1.467357  1.155991
5.700000  1.455592  1.161291
5.750000  1.443854  1.166582
5.800000  1.431540  1.171647
5.850000  1.419254  1.176703
5.900000  1.406462  1.181513
5.950000  1.393697  1.186316
6.000000  1.380495  1.190854
6.050000  1.367321  1.195386
6.100000  1.353779  1.199636
6.150000  1.340266  1.203880
6.200000  1.326454  1.207829
6.250000  1.312670  1.211772
6.300000  1.298655  1.215407
6.350000  1.284668  1.219037
6.400000  1.270516  1.222347
6.450000  1.256392  1.225654
6.500000  1.242166  1.228632
6.550000  1.227966  1.231607
6.600000  1.213725  1.234247
6.650000  1.199509  1.236885
6.700000  1.185310  1.239183
6.750000  1.171135  1.241479
6.800000  1.157030  1.243432
6.850000  1.142947  1.245385
6.900000  1.128984  1.246993
6.950000  1.115041  1.248601
7.000000  1.101264  1.249865
7.050000  1.087505  1.251131
7.100000  1.073953  1.252055
7.150000  1.060418  1.252981
7.200000  1.047126  1.253569
7.250000  1.033851  1.254160
7.300000  1.020850  1.254418
7.350000  1.007864  1.254680
7.400000  0.995182  1.254615
7.450000  0.982512  1.254555
7.500000  0.970172  1.254177
7.550000  0.957842  1.253803
7.600000  0.945861  1.253119
7.650000  0.933891  1.252441
7.700000  0.922286  1.251463
7.750000  0.910690  1.250491
7.800000  0.899474  1.249230
7.850000  0.888265  1.247974
7.900000  0.877447  1.246441
7.950000  0.866635  1.244913
8.000000  0.856222  1.243120
8.050000  0.845814  1.241333
8.100000  0.835810  1.239293
8.150000  0.825810  1.237258
8.200000  0.816217  1.234982
8.250000  0.806627  1.232713
8.300000  0.797446  1.230215
8.350000  0.788267  1.227723
8.400000  0.779495  1.225016
8.450000  0.770725  1.222315
8.500000  0.762361  1.219411
8.550000  0.753997  1.216513
8.600000  0.746036  1.213426
8.650000  0.738075  1.210344
8.700000  0.730511  1.207085
8.750000  0.722947  1.203832
8.800000  0.715775  1.200415
8.850000  0.708602  1.197003
8.900000  0.701815  1.193439
8.950000  0.695027  1.189880
9.000000  0.688618  1.186181
9.050000  0.682208  1.182487
9.100000  0.676169  1.178665
9.150000  0.670128  1.174848
9.200000  0.664452  1.170914
9.250000  0.658773  1.166985
9.300000  0.653451  1.162950
9.350000  0.648127  1.158920
9.400000  0.643151  1.154794
9.450000  0.638173  1.150673
9.500000  0.633535  1.146467
9.550000  0.628896  1.142266
9.600000  0.624588  1.137989
9.650000  0.620279  1.133717
9.700000  0.616294  1.129379
9.750000  0.612307  1.125046
9.800000  0.608638  1.120656
9.850000  0.604966  1.116270
9.900000  0.601604  1.111837
9.950000  0.598240  1.107407
10.000000  0.595178  1.102938
10.050000  0.592115  1.098474
10.100000  0.589347  1.093977
10.150000  0.586578  1.089485
10.200000  0.584098  1.084969
10.250000  0.581617  1.080457
10.300000  0.579419  1.075928
10.350000  0.577219  1.071403
10.400000  0.575297  1.066869
10.450000  0.573374  1.062338
10.500000  0.571723  1.057804
10.550000  0.570071  1.053274
10.600000  0.568686  1.048748
10.650000  0.567300  1.044224
10.700000  0.566177  1.039711
10.750000  0.565053  1.035201
10.800000  0.564188  1.030706
10.850000  0.563322  1.026214
10.900000  0.562711  1.021743
10.950000  0.562100  1.017275
11.000000  0.561740  1.012834
11.050000  0.561380  1.008395
11.100000  0.561269  1.003988
11.150000  0.561157  0.999583
11.200000  0.561293  0.995215
11.250000  0.561427  0.990849
11.300000  0.561806  0.986524
11.350000  0.562185  0.982201
11.400000  0.562807  0.977923
11.450000  0.563428  0.973648
11.500000  0.564292  0.969422
11.550000  0.565154  0.965198
11.600000  0.566259  0.961028
11.650000  0.567362  0.956859
11.700000  0.568706  0.952748
11.750000  0.570050  0.948639
11.800000  0.571634  0.944591
11.850000  0.573218  0.940544
11.900000  0.575042  0.936563
11.950000  0.576866  0.932583
12.000000  0.578931  0.928670
12.050000  0.580996  0.924760
12.100000  0.583303  0.920921
12.150000  0.585609  0.917083
12.200000  0.588158  0.913320
12.250000  0.590707  0.909559
12.300000  0.593501  0.905875
12.350000  0.596294  0.902192
12.400000  0.599333  0.898590
12.450000  0.602372  0.894990
12.500000  0.605658  0.891473
12.550000  0.608945  0.887957
12.600000  0.612481  0.884528
12.650000  0.616017  0.881100
12.700000  0.619806  0.877762
12.750000  0.623594  0.874424
12.800000  0.627636  0.871179
12.850000  0.631679  0.867935
12.900000  0.635979  0.864785
12.950000  0.640278  0.861637
13.000000  0.644838  0.858586
13.050000  0.649397  0.855537
13.100000  0.654219  0.852587
13.150000  0.659041  0.849639
13.200000  0.664129  0.846793
13.250000  0.669216  0.843949
13.300000  0.674572  0.841210
13.350000  0.679928  0.838472
13.400000  0.685554  0.835843
13.450000  0.691181  0.833214
13.500000  0.697082  0.830696
13.550000  0.702983  0.828180
13.600000  0.709161  0.825777
13.650000  0.715339  0.823375
13.700000  0.721796  0.821089
13.750000  0.728253  0.818805
13.800000  0.734991  0.816639
13.850000  0.741730  0.814475
13.900000  0.748752  0.812432
13.950000  0.755774  0.810391
14.000000  0.763082  0.808473
14.050000  0.770390  0.806558
14.100000  0.777985  0.804769
14.150000  0.785579  0.802983
14.200000  0.793462  0.801326
14.250000  0.801344  0.799671
14.300000  0.809516  0.798149
14.350000  0.817686  0.796628
14.400000  0.826145  0.795244
14.450000  0.834603  0.793861
14.500000  0.843349  0.792618
14.550000  0.852094  0.791376
14.600000  0.861126  0.790277
14.650000  0.870156  0.789180
14.700000  0.879471  0.788228
14.750000  0.888783  0.787278
14.800000  0.898377  0.786476
14.850000  0.907968  0.785677
14.900000  0.917837  0.785030
14.950000  0.927702  0.784385
15.000000  0.937840  0.783896
15.050000  0.947973  0.783409
15.100000  0.958372  0.783081
15.150000  0.968766  0.782755
15.200000  0.979418  0.782592
15.250000  0.990064  0.782431
15.300000  1.000959  0.782437
15.350000  1.011847  0.782444
15.400000  1.022972  0.782622
15.450000  1.034091  0.782802
15.500000  1.045432  0.783156
15.550000  1.056767  0.783511
15.600000  1.068310  0.784045
15.650000  1.079845  0.784581
15.700000  1.091572  0.785298
15.750000  1.103290  0.786017
15.800000  1.115180  0.786922
15.850000  1.127061  0.787828
15.900000  1.139094  0.788924
15.950000  1.151115  0.790021
16.000000  1.163264  0.791312
16.050000  1.175402  0.792604
16.100000  1.187642  0.794092
16.150000  1.199869  0.795582
16.200000  1.212169  0.797272
16.250000  1.224456  0.798964
16.300000  1.236785  0.800859
16.350000  1.249100  0.802755
16.400000  1.261423  0.804858
16.450000  1.273731  0.806962
16.500000  1.286011  0.809276
16.550000  1.298275  0.811591
16.600000  1.310472  0.814118
16.650000  1.322651  0.816645
16.700000  1.334723  0.819387
16.750000  1.346777  0.822130
16.800000  1.358678  0.825089
16.850000  1.370561  0.828049
16.900000  1.382245  0.831226
16.950000  1.393910  0.834404
17.000000  1.405328  0.837800
17.050000  1.416725  0.841196
17.100000  1.427826  0.844811
17.150000  1.438905  0.848425
17.200000  1.449636  0.852258
17.250000  1.460345  0.856090
17.300000  1.470652  0.860140
17.350000  1.480936  0.864189
17.400000  1.490765  0.868453
17.450000  1.500570  0.872715
17.500000  1.509865  0.877190
17.550000  1.519136  0.881662
17.600000  1.527842  0.886344
17.650000  1.536524  0.891022
17.700000  1.544587  0.895905
17.750000  1.552626  0.900784
17.800000  1.559991  0.905861
17.850000  1.567334  0.910934
17.900000  1.573951  0.916197
17.950000  1.580546  0.921455
18.000000  1.586365  0.926896
18.050000  1.592164  0.932331
18.100000  1.597139  0.937938
18.150000  1.602095  0.943539
18.200000  1.606185  0.949300
18.250000  1.610257  0.955054
18.300000  1.613422  0.960956
18.350000  1.616572  0.966851
18.400000  1.618781  0.972879
18.450000  1.620976  0.978899
18.500000  1.622202  0.985036
18.550000  1.623415  0.991165
18.600000  1.623636  0.997395
18.650000  1.623847  1.003615
18.700000  1.623049  1.009917
18.750000  1.622244  1.016209
18.800000  1.620419  1.022563
18.850000  1.618591  1.028907
18.900000  1.615740  1.035293
18.950000  1.612889  1.041667
19.000000  1.609020  1.048061
19.050000  1.605153  1.054444
19.100000  1.600281  1.060823
19.150000  1.595414  1.067191
19.200000  1.589561  1.073532
19.250000  1.583717  1.079861
19.300000  1.576913  1.086138
19.350000  1.570122  1.092404
19.400000  1.562405  1.098594
19.450000  1.554703  1.104773
19.500000  1.546116  1.110851
19.550000  1.537546  1.116917
19.600000  1.528139  1.122859
19.650000  1.518752  1.128789
19.700000  1.508579  1.134570
19.750000  1.498429  1.140340
19.800000  1.487550  1.145937
19.850000  1.476696  1.151524
19.900000  1.465175  1.156916
19.950000  1.453679  1.162298
20.000000  1.441582  1.167462
20.050000  1.429511  1.172618
20.100000  1.416906  1.177535
20.150000  1.404328  1.182444
20.200000  1.391285  1.187097
20.250000  1.378270  1.191742
20.300000  1.364858  1.196113
20.350000  1.351474  1.200477
20.400000  1.337764  1.204552
20.450000  1.324081  1.208620
20.500000  1.310141  1.212386
20.550000  1.296228  1.216146
20.600000  1.282123  1.219591
20.650000  1.268046  1.223032
20.700000  1.253842  1.226147
20.750000  1.239664  1.229260
20.800000  1.225421  1.232040
20.850000  1.211204  1.234817
20.900000  1.196980  1.237256
20.950000  1.182781  1.239693
21.000000  1.168630  1.241787
21.050000  1.154502  1.243881
21.100000  1.140473  1.245631
21.150000  1.126467  1.247381
21.200000  1.112607  1.248786
21.250000  1.098767  1.250192
21.300000  1.085117  1.251256
21.350000  1.071484  1.252321
21.400000  1.058081  1.253046
21.450000  1.044694  1.253774
21.500000  1.031569  1.254167
21.550000  1.018460  1.254563
21.600000  1.005643  1.254630
21.650000  0.992840  1.254701
21.700000  0.980355  1.254450
21.750000  0.967883  1.254204
21.800000  0.955751  1.253645
21.850000  0.943630  1.253090
21.900000  0.931869  1.252232
21.950000  0.920117  1.251379
22.000000  0.908739  1.250233
22.050000  0.897369  1.249092
22.100000  0.886387  1.247669
22.150000  0.875410  1.246251
22.200000  0.864829  1.244563
22.250000  0.854254  1.242881
22.300000  0.844081  1.240940
22.350000  0.833913  1.239006
22.400000  0.824150  1.236825
22.450000  0.814391  1.234650
22.500000  0.805041  1.232242
22.550000  0.795692  1.229839
22.600000  0.786752  1.227216
22.650000  0.777814  1.224599
22.700000  0.769283  1.221774
22.750000  0.760752  1.218956
22.800000  0.752626  1.215942
22.850000  0.744500  1.212934
22.900000  0.736773  1.209744
22.950000  0.729046  1.206559
23.000000  0.721714  1.203205
23.050000  0.714381  1.199857
23.100000  0.707436  1.196351
23.150000  0.700491  1.192851
23.200000  0.693927  1.189206
23.250000  0.687362  1.185566
23.300000  0.681172  1.181793
23.350000  0.674980  1.178025
23.400000  0.669156  1.174135
23.450000  0.663330  1.170251
23.500000  0.657863  1.166255
23.550000  0.652394  1.162265
23.600000  0.647276  1.158175
23.650000  0.642157  1.154090
23.700000  0.637381  1.149916
23.750000  0.632604  1.145746
23.800000  0.628162  1.141497
23.850000  0.623717  1.137252
23.900000  0.619601  1.132938
23.950000  0.615482  1.128628
24.000000  0.611684  1.124259
24.050000  0.607884  1.119893
24.100000  0.604396  1.115476
24.150000  0.600906  1.111063
24.200000  0.597722  1.106608
24.250000  0.594536  1.102156
24.300000  0.591649  1.097670
24.350000  0.588759  1.093188
24.400000  0.586162  1.088679
24.450000  0.583563  1.084173
24.500000  0.581250  1.079649
24.550000  0.578935  1.075128
24.600000  0.576901  1.070595
24.650000  0.574864  1.066065
24.700000  0.573103  1.061530
24.750000  0.571340  1.056999
24.800000  0.569846  1.052469
24.850000  0.568351  1.047941
24.900000  0.567121  1.043422
24.950000  0.565890  1.038905
25.000000  0.564920  1.034402
25.050000  0.563948  1.029901
25.100000  0.563234  1.025420
25.150000  0.562518  1.020941
25.200000  0.562056  1.016487
25.250000  0.561592  1.012035
25.300000  0.561380  1.007613
25.350000  0.561166  1.003194
25.400000  0.561200  0.998809
25.450000  0.561234  0.994426
25.500000  0.561513  0.990082
25.550000  0.561792  0.985741
25.600000  0.562314  0.981443
25.650000  0.562836  0.977147
25.700000  0.563601  0.972900
25.750000  0.564364  0.968654
25.800000  0.565370  0.964460
25.850000  0.566374  0.960268
25.900000  0.567620  0.956132
25.950000  0.568865  0.951998
26.000000  0.570351  0.947923
26.050000  0.571836  0.943851
26.100000  0.573561  0.939841
26.150000  0.575287  0.935833
26.200000  0.577253  0.931892
26.250000  0.579219  0.927952
26.300000  0.581426  0.924082
26.350000  0.583633  0.920214
26.400000  0.586083  0.916419
26.450000  0.588532  0.912626
26.500000  0.591225  0.908909
26.550000  0.593918  0.905194
26.600000  0.596856  0.901557
26.650000  0.599793  0.897923
26.700000  0.602978  0.894370
26.750000  0.606163  0.890819
26.800000  0.609596  0.887353
26.850000  0.613030  0.883889
26.900000  0.616714  0.880513
26.950000  0.620399  0.877138
27.000000  0.624336  0.873853
27.050000  0.628274  0.870571
27.100000  0.632468  0.867381
27.150000  0.636662  0.864193
27.200000  0.641114  0.861101
27.250000  0.645567  0.858011
27.300000  0.650281  0.855019
27.350000  0.654995  0.852029
27.400000  0.659973  0.849140
27.450000  0.664951  0.846253
27.500000  0.670196  0.843469
27.550000  0.675442  0.840688
27.600000  0.680957  0.838012
27.650000  0.686472  0.835339
27.700000  0.692260  0.832774
27.750000  0.698049  0.830211
27.800000  0.704112  0.827761
27.850000  0.710176  0.825311
27.900000  0.716518  0.822977
27.950000  0.722860  0.820644
28.000000  0.729483  0.818428
28.050000  0.736106  0.816214
28.100000  0.743012  0.814120
28.150000  0.749918  0.812028
28.200000  0.757108  0.810059
28.250000  0.764299  0.808091
28.300000  0.771776  0.806249
28.350000  0.779253  0.804409
28.400000  0.787017  0.802698
28.450000  0.794781  0.800988
28.500000  0.802834  0.799410
28.550000  0.810886  0.797834
28.600000  0.819228  0.796393
28.650000  0.827568  0.794953
28.700000  0.836197  0.793651
28.750000  0.844824  0.792351
28.800000  0.853740  0.791192
28.850000  0.862653  0.790035
28.900000  0.871852  0.789022
28.950000  0.881049  0.788011
29.000000  0.890530  0.787147
29.050000  0.900007  0.786286
29.100000  0.909764  0.785575
29.150000  0.919518  0.784866
29.200000  0.929546  0.784311
29.250000  0.939571  0.783759
29.300000  0.949863  0.783364
29.350000  0.960152  0.782971
29.400000  0.970701  0.782740
29.450000  0.981246  0.782511
29.500000  0.992042  0.782447
29.550000  1.002833  0.782384
29.600000  1.013866  0.782491
29.650000  1.024892  0.782600
29.700000  1.036147  0.782881
29.750000  1.047395  0.783164
29.800000  1.058858  0.783623
29.850000  1.070314  0.784084
29.900000  1.081968  0.784726
29.950000  1.093614  0.785369
30.000000  1.105440  0.786196
30.050000  1.117258  0.787025
30.100000  1.129235  0.788042
30.150000  1.141203  0.789060
30.200000  1.153308  0.790270
30.250000  1.165402  0.791482
30.300000  1.177608  0.792888
30.350000  1.189803  0.794297
30.400000  1.202083  0.795904
30.450000  1.214350  0.797512
30.500000  1.226672  0.799323
30.550000  1.238980  0.801134
30.600000  1.251311  0.803152
30.650000  1.263627  0.805170
30.700000  1.275930  0.807397
30.750000  1.288218  0.809625
30.800000  1.300455  0.812064
30.850000  1.312675  0.814504
30.900000  1.324805  0.817157
30.950000  1.336916  0.819812
31.000000  1.348894  0.822682
31.050000  1.360853  0.825552
31.100000  1.372634  0.828640
31.150000  1.384395  0.831727
31.200000  1.395930  0.835034
31.250000  1.407444  0.838340
31.300000  1.418682  0.841865
31.350000  1.429899  0.845390
31.400000  1.440790  0.849134
31.450000  1.451658  0.852877
31.500000  1.462147  0.856838
31.550000  1.472613  0.860798
31.600000  1.482646  0.864975
31.650000  1.492656  0.869149
31.700000  1.502178  0.873539
31.750000  1.511676  0.877925
31.800000  1.520632  0.882523
31.850000  1.529564  0.887117
31.900000  1.537898  0.891918
31.950000  1.546209  0.896716
32.000000  1.553868  0.901714
32.050000  1.561504  0.906709
32.100000  1.568435  0.911897
32.150000  1.575344  0.917080
32.200000  1.581498  0.922449
32.250000  1.587630  0.927814
32.300000  1.592958  0.933354
32.350000  1.598266  0.938888
32.400000  1.602726  0.944588
32.450000  1.607166  0.950281
32.500000  1.610716  0.956127
32.550000  1.614250  0.961967
32.600000  1.616856  0.967945
32.650000  1.619447  0.973916
32.700000  1.621080  0.980011
32.750000  1.622700  0.986098
32.800000  1.623336  0.992292
32.850000  1.623962  0.998477
32.900000  1.623583  1.004752
32.950000  1.623197  1.011017
33.000000  1.621795  1.017353
33.050000  1.620388  1.023679
33.100000  1.617958  1.030055
33.150000  1.615527  1.036420
33.200000  1.612074  1.042814
33.250000  1.608623  1.049197
33.300000  1.604160  1.055585
33.350000  1.599702  1.061962
33.400000  1.594248  1.068322
33.450000  1.588802  1.074671
33.500000  1.582384  1.080978
33.550000  1.575978  1.087273
33.600000  1.568630  1.093503
33.650000  1.561297  1.099721
33.700000  1.553061  1.105848
33.750000  1.544842  1.111964
33.800000  1.535764  1.117965
33.850000  1.526706  1.123954
33.900000  1.516840  1.129805
33.950000  1.506996  1.135644
34.000000  1.496399  1.141320
34.050000  1.485825  1.146985
34.100000  1.474559  1.152465
34.150000  1.463318  1.157934
34.200000  1.451448  1.163195
34.250000  1.439605  1.168446
34.300000  1.427199  1.173468
34.350000  1.414820  1.178481
34.400000  1.401947  1.183245
34.450000  1.389102  1.188001
34.500000  1.375832  1.192490
34.550000  1.362590  1.196972
34.600000  1.348993  1.201170
34.650000  1.335424  1.205362
34.700000  1.321568  1.209256
34.750000  1.307741  1.213145
34.800000  1.293694  1.216723
34.850000  1.279676  1.220296
34.900000  1.265504  1.223549
34.950000  1.251359  1.226797
35.000000  1.237123  1.229716
35.050000  1.222914  1.232632
35.100000  1.208674  1.235211
35.150000  1.194460  1.237789
35.200000  1.180271  1.240025
35.250000  1.166107  1.242261
35.300000  1.152021  1.244152
35.350000  1.137958  1.246044
35.400000  1.124022  1.247590
35.450000  1.110108  1.249138
35.500000  1.096365  1.250341
35.550000  1.082642  1.251546
35.600000  1.069132  1.252410
35.650000  1.055639  1.253276
35.700000  1.042395  1.253804
35.750000  1.029167  1.254336
35.800000  1.016220  1.254536
35.850000  1.003287  1.254740
35.900000  0.990662  1.254619
35.950000  0.978050  1.254501
36.000000  0.965771  1.254068
36.050000  0.953502  1.253639
36.100000  0.941586  1.252902
36.150000  0.929680  1.252170
36.200000  0.918142  1.251141
36.250000  0.906613  1.250117
36.300000  0.895467  1.248806
36.350000  0.884327  1.247501
36.400000  0.873579  1.245920
36.450000  0.862838  1.244345
36.500000  0.852496  1.242506
36.550000  0.842160  1.240674
36.600000  0.832228  1.238590
36.650000  0.822300  1.236512
36.700000  0.812779  1.234195
36.750000  0.803262  1.231885
36.800000  0.794153  1.229348
36.850000  0.785046  1.226818
36.900000  0.776347  1.224074
36.950000  0.767649  1.221336
37.000000  0.759356  1.218398
37.050000  0.751064  1.215466
37.100000  0.743173  1.212347
37.150000  0.735283  1.209233
37.200000  0.727789  1.205945
37.250000  0.720294  1.202662
37.300000  0.713191  1.199217
37.350000  0.706087  1.195778
37.400000  0.699367  1.192188
37.450000  0.692647  1.188604
37.500000  0.686304  1.184881
37.550000  0.679959  1.181165
37.600000  0.673985  1.177321
37.650000  0.668010  1.173483
37.700000  0.662396  1.169529
37.750000  0.656782  1.165581
37.800000  0.651521  1.161528
37.850000  0.646259  1.157481
37.900000  0.641344  1.153339
37.950000  0.636427  1.149203
38.000000  0.631848  1.144983
38.050000  0.627268  1.140768
38.100000  0.623018  1.136479
38.150000  0.618767  1.132195
38.200000  0.614839  1.127846
38.250000  0.610908  1.123502
38.300000  0.607294  1.119104
38.350000  0.603677  1.114709
38.400000  0.600369  1.110268
38.450000  0.597059  1.105831
38.500000  0.594050  1.101356
38.550000  0.591040  1.096885
38.600000  0.588324  1.092384
38.650000  0.585606  1.087887
38.700000  0.583177  1.083368
38.750000  0.580746  1.078852
38.800000  0.578598  1.074322
38.850000  0.576448  1.069795
38.900000  0.574575  1.065260
38.950000  0.572700  1.060728
39.000000  0.571097  1.056195
39.050000  0.569492  1.051665
39.100000  0.568155  1.047140
39.150000  0.566815  1.042618
39.200000  0.565739  1.038107
39.250000  0.564661  1.033599
39.300000  0.563842  1.029107
39.350000  0.563021  1.024619
39.400000  0.562456  1.020153
39.450000  0.561889  1.015689
39.500000  0.561574  1.011253
39.550000  0.561258  1.006819
39.600000  0.561191  1.002418
39.650000  0.561123  0.998020
39.700000  0.561302  0.993658
39.750000  0.561480  0.989299
39.800000  0.561903  0.984982
39.850000  0.562325  0.980667
39.900000  0.562990  0.976397
39.950000  0.563655  0.972130
40.000000  0.564561  0.967914
40.050000  0.565467  0.963699
40.100000  0.566614  0.959539
40.150000  0.567760  0.955380
40.200000  0.569147  0.951279
40.250000  0.570534  0.947181
40.300000  0.572161  0.943144
40.350000  0.573787  0.939109
40.400000  0.575655  0.935139
40.450000  0.577522  0.931170
40.500000  0.579630  0.927271
40.550000  0.581738  0.923373
40.600000  0.584088  0.919546
40.650000  0.586437  0.915722
40.700000  0.589030  0.911972
40.750000  0.591622  0.908224
40.800000  0.594460  0.904554
40.850000  0.597296  0.900886
40.900000  0.600380  0.897298
40.950000  0.603463  0.893713
41.000000  0.606794  0.890211
41.050000  0.610125  0.886710
41.100000  0.613706  0.883297
41.150000  0.617287  0.879884
41.200000  0.621120  0.876562
41.250000  0.624954  0.873241
41.300000  0.629042  0.870012
41.350000  0.633131  0.866784
41.400000  0.637476  0.863652
41.450000  0.641822  0.860521
41.500000  0.646429  0.857487
41.550000  0.651035  0.854455
41.600000  0.655904  0.851524
41.650000  0.660773  0.848594
41.700000  0.665909  0.845766
41.750000  0.671044  0.842941
41.800000  0.676448  0.840221
41.850000  0.681852  0.837502
41.900000  0.687528  0.834892
41.950000  0.693204  0.832283
42.000000  0.699154  0.829785
42.050000  0.705104  0.827288
42.100000  0.711332  0.824906
42.150000  0.717560  0.822524
42.200000  0.724067  0.820259
42.250000  0.730574  0.817996
42.300000  0.737364  0.815851
42.350000  0.744153  0.813709
42.400000  0.751227  0.811688
42.450000  0.758300  0.809668
42.500000  0.765660  0.807774
42.550000  0.773019  0.805881
42.600000  0.780665  0.804115
42.650000  0.788311  0.802352
42.700000  0.796246  0.800718
42.750000  0.804180  0.799087
42.800000  0.812403  0.797589
42.850000  0.820625  0.796093
42.900000  0.829136  0.794733
42.950000  0.837646  0.793375
43.000000  0.846444  0.792157
43.050000  0.855241  0.790940
43.100000  0.864324  0.789867
43.150000  0.873405  0.788795
43.200000  0.882771  0.787870
43.250000  0.892134  0.786946
43.300000  0.901778  0.786172
43.350000  0.911419  0.785400
43.400000  0.921337  0.784781
43.450000  0.931251  0.784163
43.500000  0.941437  0.783702
43.550000  0.951618  0.783243
43.600000  0.962064  0.782944
43.650000  0.972505  0.782647
43.700000  0.983201  0.782514
43.750000  0.993893  0.782383
43.800000  1.004830  0.782419
43.850000  1.015762  0.782456
43.900000  1.026927  0.782665
43.950000  1.038087  0.782876
44.000000  1.049467  0.783262
44.050000  1.060840  0.783649
44.100000  1.072418  0.784215
44.150000  1.083989  0.784783
44.200000  1.095747  0.785533
44.250000  1.107497  0.786285
44.300000  1.119416  0.787224
44.350000  1.131325  0.788164
44.400000  1.143382  0.789294
44.450000  1.155428  0.790426
44.500000  1.167597  0.791751
44.550000  1.179754  0.793078
44.600000  1.192008  0.794602
44.650000  1.204250  0.796128
44.700000  1.216560  0.797854
44.750000  1.228856  0.799582
44.800000  1.241188  0.801514
44.850000  1.253506  0.803447
44.900000  1.265826  0.805588
44.950000  1.278131  0.807729
45.000000  1.290401  0.810081
45.050000  1.302654  0.812433
45.100000  1.314834  0.814999
45.150000  1.326997  0.817564
45.200000  1.339043  0.820345
45.250000  1.351072  0.823127
45.300000  1.362940  0.826125
45.350000  1.374789  0.829123
45.400000  1.386432  0.832340
45.450000  1.398055  0.835556
45.500000  1.409422  0.838992
45.550000  1.420769  0.842427
45.600000  1.431810  0.846081
45.650000  1.442829  0.849735
45.700000  1.453491  0.853607
45.750000  1.464130  0.857478
45.800000  1.474358  0.861566
45.850000  1.484563  0.865653
45.900000  1.494302  0.869956
45.950000  1.504019  0.874256
46.000000  1.513214  0.878769
46.050000  1.522387  0.883278
46.100000  1.530984  0.887997
46.150000  1.539558  0.892712
46.200000  1.547502  0.897630
46.250000  1.555422  0.902545
46.300000  1.562660  0.907656
46.350000  1.569875  0.912763
46.400000  1.576355  0.918059
46.450000  1.582813  0.923351
46.500000  1.588487  0.928822
46.550000  1.594141  0.934288
46.600000  1.598963  0.939924
46.650000  1.603766  0.945554
46.700000  1.607695  0.951342
46.750000  1.611606  0.957123
46.800000  1.614605  0.963050
46.850000  1.617588  0.968969
46.900000  1.619624  0.975018
46.950000  1.621647  0.981059
47.000000  1.622696  0.987215
47.050000  1.623733  0.993363
47.100000  1.623773  0.999607
47.150000  1.623805  1.005843
47.200000  1.622825  1.012156
47.250000  1.621838  1.018460
47.300000  1.619831  1.024823
47.350000  1.617820  1.031175
47.400000  1.614787  1.037564
47.450000  1.611754  1.043943
47.500000  1.607705  1.050337
47.550000  1.603658  1.056720
47.600000  1.598609  1.063095
47.650000  1.593565  1.069459
47.700000  1.587540  1.075791
47.750000  1.581524  1.082112
47.800000  1.574554  1.088376
47.850000  1.567596  1.094630
47.900000  1.559720  1.100802
47.950000  1.551859  1.106964
48.000000  1.543120  1.113020
48.050000  1.534400  1.119065
48.100000  1.524851  1.124981
48.150000  1.515322  1.130885
48.200000  1.505018  1.136636
48.250000  1.494736  1.142376
48.300000  1.483736  1.147940
48.350000  1.472761  1.153493
48.400000  1.461130  1.158846
48.450000  1.449526  1.164190
48.500000  1.437331  1.169313
48.550000  1.425163  1.174427
48.600000  1.412472  1.179299
48.650000  1.399809  1.184164
48.700000  1.386693  1.188768
48.750000  1.373604  1.193365
48.800000  1.360132  1.197685
48.850000  1.346688  1.201998
48.900000  1.332929  1.206019
48.950000  1.319199  1.210035
49.000000  1.305221  1.213744
49.050000  1.291272  1.217449
49.100000  1.277143  1.220836
49.150000  1.263041  1.224220
49.200000  1.248823  1.227277
49.250000  1.234631  1.230331
49.300000  1.220385  1.233050
49.350000  1.206165  1.235768
49.400000  1.191948  1.238146
49.450000  1.177755  1.240522
49.500000  1.163620  1.242556
49.550000  1.149508  1.244589
49.600000  1.135505  1.246277
49.650000  1.121522  1.247966
49.700000  1.107695  1.249311
49.750000  1.093887  1.250656
49.800000  1.080276  1.251659
49.850000  1.066683  1.252664
49.900000  1.053325  1.253330
49.950000  1.039983  1.253998
50.000000  1.026909  1.254332
50.050000  1.013850  1.254670
50.100000  1.001089  1.254680
50.150000  0.988342  1.254694
50.200000  0.975917  1.254387
50.250000  0.963504  1.254085
50.300000  0.951436  1.253472
50.350000  0.939378  1.252863
50.400000  0.927682  1.251953
50.450000  0.915996  1.251048
50.500000  0.904687  1.249851
50.550000  0.893385  1.248660
50.600000  0.882472  1.247189
50.650000  0.871565  1.245723
50.700000  0.861055  1.243989
50.750000  0.850551  1.242260
50.800000  0.840450  1.240276
50.850000  0.830353  1.238297
50.900000  0.820663  1.236074
50.950000  0.810976  1.233857
51.000000  0.801698  1.231410
51.050000  0.792422  1.228968
51.100000  0.783554  1.226307
51.150000  0.774687  1.223653
51.200000  0.766228  1.220793
51.250000  0.757769  1.217939
51.300000  0.749713  1.214893
51.350000  0.741657  1.211852
51.400000  0.734001  1.208631
51.450000  0.726344  1.205416
51.500000  0.719080  1.202034
51.550000  0.711816  1.198657
51.600000  0.704940  1.195125
51.650000  0.698062  1.191599
51.700000  0.691565  1.187930
51.750000  0.685067  1.184266
51.800000  0.678941  1.180470
51.850000  0.672815  1.176680
51.900000  0.667054  1.172770
51.950000  0.661292  1.168866
52.000000  0.655887  1.164852
52.050000  0.650481  1.160844
52.100000  0.645425  1.156738
52.150000  0.640366  1.152636
52.200000  0.635650  1.148447
52.250000  0.630932  1.144263
52.300000  0.626548  1.140001
52.350000  0.622162  1.135743
52.400000  0.618103  1.131418
52.450000  0.614041  1.127097
52.500000  0.610298  1.122718
52.550000  0.606554  1.118343
52.600000  0.603120  1.113918
52.650000  0.599685  1.109497
52.700000  0.596554  1.105035
52.750000  0.593421  1.100577
52.800000  0.590586  1.096085
52.850000  0.587748  1.091598
52.900000  0.585202  1.087085
52.950000  0.582654  1.082576
53.000000  0.580391  1.078049
53.050000  0.578126  1.073525
53.100000  0.576140  1.068991
53.150000  0.574152  1.064460
53.200000  0.572439  1.059925
53.250000  0.570724  1.055393
53.300000  0.569277  1.050864
53.350000  0.567830  1.046338
53.400000  0.566646  1.041820
53.450000  0.565461  1.037305
53.500000  0.564537  1.032805
53.550000  0.563611  1.028308
53.600000  0.562941  1.023830
53.650000  0.562271  1.019356
53.700000  0.561853  1.014906
53.750000  0.561434  1.010460
53.800000  0.561266  1.006043
53.850000  0.561096  1.001629
53.900000  0.561174  0.997251
53.950000  0.561251  0.992875
54.000000  0.561574  0.988538
54.050000  0.561896  0.984204
54.100000  0.562462  0.979915
54.150000  0.563027  0.975627
54.200000  0.563834  0.971388
54.250000  0.564641  0.967151
54.300000  0.565689  0.962967
54.350000  0.566736  0.958785
54.400000  0.568025  0.954659
54.450000  0.569312  0.950535
54.500000  0.570841  0.946471
54.550000  0.572369  0.942409
54.600000  0.574137  0.938411
54.650000  0.575905  0.934415
54.700000  0.577914  0.930486
54.750000  0.579923  0.926558
54.800000  0.582173  0.922701
54.850000  0.584423  0.918846
54.900000  0.586916  0.915064
54.950000  0.589409  0.911284
55.000000  0.592145  0.907581
55.050000  0.594881  0.903879
55.100000  0.597863  0.900257
55.150000  0.600845  0.896637
55.200000  0.604074  0.893099
55.250000  0.607302  0.889563
55.300000  0.610780  0.886113
55.350000  0.614258  0.882664
55.400000  0.617988  0.879303
55.450000  0.621717  0.875944
55.500000  0.625701  0.872676
55.550000  0.629684  0.869410
55.600000  0.633924  0.866237
55.650000  0.638164  0.863066
55.700000  0.642662  0.859991
55.750000  0.647161  0.856918
55.800000  0.651922  0.853944
55.850000  0.656683  0.850972
55.900000  0.661709  0.848101
55.950000  0.666734  0.845232
56.000000  0.672027  0.842467
56.050000  0.677321  0.839704
56.100000  0.682885  0.837048
56.150000  0.688448  0.834394
56.200000  0.694286  0.831849
56.250000  0.700123  0.829306
56.300000  0.706236  0.826875
56.350000  0.712350  0.824446
56.400000  0.718742  0.822132
56.450000  0.725134  0.819820
56.500000  0.731807  0.817625
56.550000  0.738481  0.815433
56.600000  0.745437  0.813360
56.650000  0.752394  0.811290
56.700000  0.759636  0.809343
56.750000  0.766877  0.807397
56.800000  0.774406  0.805578
56.850000  0.781934  0.803761
56.900000  0.789751  0.802073
56.950000  0.797566  0.800386
57.000000  0.805671  0.798832
57.050000  0.813775  0.797280
57.100000  0.822168  0.795863
57.150000  0.830560  0.794448
57.200000  0.839240  0.793171
57.250000  0.847919  0.791895
57.300000  0.856886  0.790762
57.350000  0.865851  0.789630
57.400000  0.875101  0.788643
57.450000  0.884349  0.787658
57.500000  0.893879  0.786822
57.550000  0.903407  0.785987
57.600000  0.913213  0.785303
57.650000  0.923017  0.784622
57.700000  0.933093  0.784095
57.750000  0.943166  0.783570
57.800000  0.953506  0.783204
57.850000  0.963842  0.782840
57.900000  0.974437  0.782638
57.950000  0.985027  0.782438
58.000000  0.995867  0.782404
58.050000  1.006702  0.782372
58.100000  1.017776  0.782509
58.150000  1.028844  0.782648
58.200000  1.040138  0.782960
58.250000  1.051426  0.783275
58.300000  1.062925  0.783766
58.350000  1.074417  0.784259
58.400000  1.086105  0.784933
58.450000  1.097784  0.785609
58.500000  1.109640  0.786470
58.550000  1.121487  0.787332
58.600000  1.133491  0.788383
58.650000  1.145484  0.789435
58.700000  1.157611  0.790680
58.750000  1.169726  0.791926
58.800000  1.181950  0.793368
58.850000  1.194161  0.794811
58.900000  1.206453  0.796454
58.950000  1.218731  0.798099
59.000000  1.231059  0.799946
59.050000  1.243373  0.801794
59.100000  1.255703  0.803848
59.150000  1.268019  0.805904
59.200000  1.280315  0.808168
59.250000  1.292595  0.810434
59.300000  1.304818  0.812911
59.350000  1.317024  0.815389
59.400000  1.329132  0.818081
59.450000  1.341222  0.820773
59.500000  1.353170  0.823682
59.550000  1.365100  0.826591
59.600000  1.376842  0.829718
59.650000  1.388565  0.832845
59.700000  1.400053  0.836190
59.750000  1.411520  0.839535
59.800000  1.422703  0.843100
59.850000  1.433864  0.846664
59.900000  1.444689  0.850447
59.950000  1.455492  0.854228
60.000000  1.465906  0.858229
60.050000  1.476297  0.862227
60.100000  1.486246  0.866442
60.150000  1.496171  0.870655
60.200000  1.505598  0.875082
60.250000  1.515002  0.879506
60.300000  1.523853  0.884141
60.350000  1.532680  0.888772
60.400000  1.540900  0.893609
60.450000  1.549097  0.898443
60.500000  1.556632  0.903476
60.550000  1.564145  0.908505
60.600000  1.570943  0.913727
60.650000  1.577720  0.918944
60.700000  1.583732  0.924345
60.750000  1.589723  0.929740
60.800000  1.594901  0.935310
60.850000  1.600060  0.940874
60.900000  1.604362  0.946602
60.950000  1.608645  0.952323
61.000000  1.612031  0.958194
61.050000  1.615401  0.964059
61.100000  1.617837  0.970060
61.150000  1.620259  0.976054
61.200000  1.621717  0.982168
61.250000  1.623163  0.988275
61.300000  1.623620  0.994485
61.350000  1.624068  1.000687
61.400000  1.623509  1.006975
61.450000  1.622943  1.013254
61.500000  1.621358  1.019599
61.550000  1.619769  1.025935
61.600000  1.617157  1.032316
61.650000  1.614544  1.038687
61.700000  1.610911  1.045082
61.750000  1.607280  1.051467
61.800000  1.602639  1.057853
61.850000  1.598003  1.064228
61.900000  1.592375  1.070581
61.950000  1.586755  1.076923
62.000000  1.580169  1.083219
62.050000  1.573594  1.089504
62.100000  1.566085  1.095718
62.150000  1.558590  1.101921
62.200000  1.550200  1.108028
62.250000  1.541826  1.114125
62.300000  1.532603  1.120102
62.350000  1.523400  1.126067
62.400000  1.513398  1.131889
62.450000  1.503418  1.137700
62.500000  1.492696  1.143344
62.550000  1.481998  1.148977
62.600000  1.470618  1.154420
62.650000  1.459263  1.159853
62.700000  1.447291  1.165074
62.750000  1.435346  1.170285
62.800000  1.422849  1.175263
62.850000  1.410381  1.180233
62.900000  1.397430  1.184950
62.950000  1.384507  1.189659
63.000000  1.371171  1.194099
63.050000  1.357864  1.198531
63.100000  1.344213  1.202677
63.150000  1.330591  1.206817
63.200000  1.316695  1.210656
63.250000  1.302826  1.214490
63.300000  1.288750  1.218012
63.350000  1.274702  1.221529
63.400000  1.260512  1.224723
63.450000  1.246349  1.227914
63.500000  1.232106  1.230773
63.550000  1.217889  1.233630
63.600000  1.203652  1.236149
63.650000  1.189440  1.238666
63.700000  1.175264  1.240842
63.750000  1.161112  1.243017
63.800000  1.147048  1.244847
63.850000  1.133005  1.246678
63.900000  1.119099  1.248163
63.950000  1.105213  1.249650
64.000000  1.091507  1.250793
64.050000  1.077820  1.251938
64.100000  1.064353  1.252741
64.150000  1.050903  1.253548
64.200000  1.037707  1.254018
64.250000  1.024528  1.254491
64.300000  1.011634  1.254633
64.350000  0.998754  1.254779
64.400000  0.986188  1.254602
64.450000  0.973634  1.254429
64.500000  0.961416  1.253940
64.550000  0.949209  1.253456
64.600000  0.937358  1.252667
64.650000  0.925516  1.251882
64.700000  0.914046  1.250802
64.750000  0.902583  1.249727
64.800000  0.891506  1.248367
64.850000  0.880435  1.247013
64.900000  0.869758  1.245385
64.950000  0.859087  1.243763
65.000000  0.848816  1.241880
65.050000  0.838551  1.240002
65.100000  0.828691  1.237876
65.150000  0.818835  1.235755
65.200000  0.809387  1.233399
65.250000  0.799941  1.231047
65.300000  0.790904  1.228473
65.350000  0.781869  1.225904
65.400000  0.773241  1.223125
65.450000  0.764615  1.220351
65.500000  0.756393  1.217380
65.550000  0.748172  1.214414
65.600000  0.740351  1.211263
65.650000  0.732531  1.208118
65.700000  0.725106  1.204800
65.750000  0.717681  1.201489
65.800000  0.710645  1.198016
65.850000  0.703609  1.194550
65.900000  0.696957  1.190935
65.950000  0.690303  1.187326
66.000000  0.684025  1.183581
66.050000  0.677747  1.179841
66.100000  0.671837  1.175977
66.150000  0.665925  1.172118
66.200000  0.660375  1.168145
66.250000  0.654823  1.164178
66.300000  0.649624  1.160109
66.350000  0.644424  1.156044
66.400000  0.639568  1.151887
66.450000  0.634711  1.147736
66.500000  0.630191  1.143502
66.550000  0.625670  1.139273
66.600000  0.621478  1.134973
66.650000  0.617283  1.130677
66.700000  0.613411  1.126318
66.750000  0.609537  1.121964
66.800000  0.605977  1.117557
66.850000  0.602415  1.113153
66.900000  0.599160  1.108705
66.950000  0.595904  1.104261
67.000000  0.592947  1.099781
67.050000  0.589989  1.095304
67.100000  0.587325  1.090799
67.150000  0.584658  1.086297
67.200000  0.582279  1.081775
67.250000  0.579898  1.077256
67.300000  0.577799  1.072724
67.350000  0.575698  1.068195
67.400000  0.573873  1.063659
67.450000  0.572047  1.059127
67.500000  0.570491  1.054594
67.550000  0.568934  1.050065
67.600000  0.567642  1.045541
67.650000  0.566350  1.041021
67.700000  0.565319  1.036512
67.750000  0.564287  1.032007
67.800000  0.563513  1.027519
67.850000  0.562738  1.023034
67.900000  0.562217  1.018573
67.950000  0.561695  1.014113
68.000000  0.561424  1.009683
68.050000  0.561152  1.005255
68.100000  0.561129  1.000860
68.150000  0.561105  0.996467
68.200000  0.561328  0.992113
68.250000  0.561549  0.987761
68.300000  0.562015  0.983451
68.350000  0.562480  0.979144
68.400000  0.563188  0.974883
68.450000  0.563895  0.970625
68.500000  0.564844  0.966417
68.550000  0.565793  0.962212
68.600000  0.566982  0.958061
68.650000  0.568171  0.953913
68.700000  0.569601  0.949823
68.750000  0.571030  0.945735
68.800000  0.572700  0.941709
68.850000  0.574369  0.937685
68.900000  0.576279  0.933727
68.950000  0.578188  0.929770
69.000000  0.580339  0.925883
69.050000  0.582490  0.921997
69.100000  0.584883  0.918184
69.150000  0.587276  0.914373
69.200000  0.589912  0.910637
69.250000  0.592548  0.906902
69.300000  0.595428  0.903246
69.350000  0.598309  0.899592
69.400000  0.601436  0.896019
69.450000  0.604563  0.892448
69.500000  0.607938  0.888961
69.550000  0.611313  0.885476
69.600000  0.614939  0.882077
69.650000  0.618565  0.878681
69.700000  0.622443  0.875374
69.750000  0.626322  0.872069
69.800000  0.630456  0.868857
69.850000  0.634590  0.865646
69.900000  0.638982  0.862530
69.950000  0.643374  0.859416
70.000000  0.648027  0.856401
70.050000  0.652679  0.853386
70.100000  0.657596  0.850473
70.150000  0.662512  0.847561
70.200000  0.667695  0.844752
70.250000  0.672878  0.841945
70.300000  0.678330  0.839243
70.350000  0.683783  0.836544
70.400000  0.689507  0.833953
70.450000  0.695232  0.831363
70.500000  0.701231  0.828885
70.550000  0.707231  0.826409
70.600000  0.713508  0.824046
70.650000  0.719785  0.821686
70.700000  0.726343  0.819441
70.750000  0.732900  0.817199
70.800000  0.739741  0.815076
70.850000  0.746580  0.812955
70.900000  0.753705  0.810956
70.950000  0.760829  0.808958
71.000000  0.768240  0.807086
71.050000  0.775650  0.805216
71.100000  0.783348  0.803473
71.150000  0.791046  0.801732
71.200000  0.799032  0.800123
71.250000  0.807018  0.798515
71.300000  0.815293  0.797041
71.350000  0.823566  0.795568
71.400000  0.832129  0.794233
71.450000  0.840690  0.792900
71.500000  0.849540  0.791707
71.550000  0.858387  0.790516
71.600000  0.867521  0.789468
71.650000  0.876654  0.788422
71.700000  0.886070  0.787523
71.750000  0.895483  0.786626
71.800000  0.905177  0.785879
71.850000  0.914868  0.785133
71.900000  0.924834  0.784542
71.950000  0.934797  0.783952
72.000000  0.945030  0.783520
72.050000  0.955259  0.783089
72.100000  0.965751  0.782819
72.150000  0.976238  0.782551
72.200000  0.986979  0.782447
72.250000  0.997715  0.782345
72.300000  1.008695  0.782411
72.350000  1.019669  0.782479
72.400000  1.030875  0.782719
72.450000  1.042074  0.782961
72.500000  1.053492  0.783378
72.550000  1.064903  0.783797
72.600000  1.076516  0.784395
72.650000  1.088121  0.784995
72.700000  1.099911  0.785779
72.750000  1.111692  0.786564
72.800000  1.123638  0.787536
72.850000  1.135575  0.788509
72.900000  1.147655  0.789674
72.950000  1.159724  0.790840
73.000000  1.171911  0.792200
73.050000  1.184087  0.793562
73.100000  1.196355  0.795122
73.150000  1.208611  0.796683
73.200000  1.220928  0.798446
73.250000  1.233233  0.800210
73.300000  1.245567  0.802178
73.350000  1.257887  0.804148
73.400000  1.270203  0.806326
73.450000  1.282503  0.808505
73.500000  1.294763  0.810894
73.550000  1.307005  0.813284
73.600000  1.319166  0.815888
73.650000  1.331310  0.818492
73.700000  1.343331  0.821311
73.750000  1.355333  0.824131
73.800000  1.367167  0.827168
73.850000  1.378981  0.830205
73.900000  1.390581  0.833461
73.950000  1.402160  0.836716
74.000000  1.413476  0.840191
74.050000  1.424771  0.843665
74.100000  1.435750  0.847358
74.150000  1.446708  0.851050
74.200000  1.457299  0.854961
74.250000  1.467867  0.858871
74.300000  1.478015  0.862998
74.350000  1.488139  0.867123
74.400000  1.497789  0.871464
74.450000  1.507415  0.875802
74.500000  1.516511  0.880352
74.550000  1.525583  0.884899
74.600000  1.534070  0.889653
74.650000  1.542534  0.894405
74.700000  1.550359  0.899358
74.750000  1.558160  0.904308
74.800000  1.565269  0.909453
74.850000  1.572356  0.914594
74.900000  1.578698  0.919923
74.950000  1.585019  0.925246
75.000000  1.590547  0.930748
75.050000  1.596054  0.936245
75.100000  1.600722  0.941909
75.150000  1.605372  0.947568
75.200000  1.609140  0.953382
75.250000  1.612890  0.959189
75.300000  1.615722  0.965140
75.350000  1.618538  0.971082
75.400000  1.620402  0.977153
75.450000  1.622253  0.983215
75.500000  1.623125  0.989389
75.550000  1.623986  0.995554
75.600000  1.623847  1.001813
75.650000  1.623700  1.008063
75.700000  1.622538  1.014388
75.750000  1.621371  1.020703
75.800000  1.619182  1.027072
75.850000  1.616990  1.033432
75.900000  1.613776  1.039825
75.950000  1.610562  1.046207
76.000000  1.606334  1.052600
76.050000  1.602109  1.058982
76.100000  1.596884  1.065353
76.150000  1.591666  1.071712
76.200000  1.585470  1.078034
76.250000  1.579284  1.084346
76.300000  1.572149  1.090597
76.350000  1.565028  1.096837
76.400000  1.556994  1.102992
76.450000  1.548976  1.109136
76.500000  1.540089  1.115170
76.550000  1.531221  1.121193
76.600000  1.521532  1.127082
76.650000  1.511864  1.132960
76.700000  1.501430  1.138680
76.750000  1.491019  1.144390
76.800000  1.479901  1.149919
76.850000  1.468808  1.155437
76.900000  1.457071  1.160752
76.950000  1.445359  1.166058
77.000000  1.433069  1.171139
77.050000  1.420807  1.176211
77.100000  1.408033  1.181038
77.150000  1.395288  1.185857
77.200000  1.382101  1.190413
77.250000  1.368942  1.194962
77.300000  1.355412  1.199230
77.350000  1.341910  1.203493
77.400000  1.328105  1.207460
77.450000  1.314328  1.211422
77.500000  1.300317  1.215076
77.550000  1.286334  1.218725
77.600000  1.272182  1.222055
77.650000  1.258057  1.225381
77.700000  1.243827  1.228379
77.750000  1.229624  1.231374
77.800000  1.215377  1.234034
77.850000  1.201155  1.236692
77.900000  1.186947  1.239010
77.950000  1.172762  1.241326
78.000000  1.158645  1.243299
78.050000  1.144550  1.245271
78.100000  1.130572  1.246899
78.150000  1.116615  1.248527
78.200000  1.102821  1.249811
78.250000  1.089047  1.251096
78.300000  1.075476  1.252039
78.350000  1.061923  1.252984
78.400000  1.048611  1.253591
78.450000  1.035315  1.254200
78.500000  1.022293  1.254477
78.550000  1.009286  1.254756
78.600000  0.996581  1.254710
78.650000  0.983889  1.254667
78.700000  0.971525  1.254305
78.750000  0.959171  1.253948
78.800000  0.947167  1.253281
78.850000  0.935172  1.252619
78.900000  0.923542  1.251657
78.950000  0.911922  1.250700
79.000000  0.900681  1.249454
79.050000  0.889447  1.248213
79.100000  0.878603  1.246694
79.150000  0.867766  1.245181
79.200000  0.857327  1.243401
79.250000  0.846894  1.241627
79.300000  0.836864  1.239599
79.350000  0.826838  1.237577
79.400000  0.817220  1.235313
79.450000  0.807605  1.233055
79.500000  0.798399  1.230568
79.550000  0.789194  1.228088
79.600000  0.780398  1.225391
79.650000  0.771603  1.222700
79.700000  0.763215  1.219805
79.750000  0.754827  1.216917
79.800000  0.746841  1.213838
79.850000  0.738856  1.210765
79.900000  0.731269  1.207515
79.950000  0.723681  1.204270
80.000000  0.716486  1.200859
80.050000  0.709290  1.197455
80.100000  0.702481  1.193897
80.150000  0.695670  1.190345
80.200000  0.689239  1.186652
80.250000  0.682806  1.182964
80.300000  0.676746  1.179147
80.350000  0.670684  1.175336
80.400000  0.664986  1.171406
80.450000  0.659287  1.167482
80.500000  0.653945  1.163451
80.550000  0.648600  1.159425
80.600000  0.643604  1.155302
80.650000  0.638607  1.151185
80.700000  0.633950  1.146982
80.750000  0.629291  1.142783
80.800000  0.624964  1.138509
80.850000  0.620636  1.134239
80.900000  0.616633  1.129903
80.950000  0.612628  1.125571
81.000000  0.608940  1.121183
81.050000  0.605250  1.116798
81.100000  0.601871  1.112366
81.150000  0.598489  1.107937
81.200000  0.595411  1.103469
81.250000  0.592331  1.099004
81.300000  0.589547  1.094508
81.350000  0.586761  1.090016
81.400000  0.584265  1.085499
81.450000  0.581767  1.080987
81.500000  0.579553  1.076457
81.550000  0.577338  1.071931
81.600000  0.575400  1.067396
81.650000  0.573461  1.062864
81.700000  0.571795  1.058329
81.750000  0.570128  1.053797
81.800000  0.568728  1.049269
81.850000  0.567327  1.044744
81.900000  0.566190  1.040228
81.950000  0.565051  1.035716
82.000000  0.564172  1.031219
82.050000  0.563291  1.026724
82.100000  0.562666  1.022251
82.150000  0.562040  1.017780
82.200000  0.561667  1.013336
82.250000  0.561293  1.008894
82.300000  0.561168  1.004484
82.350000  0.561042  1.000076
82.400000  0.561164  0.995704
82.450000  0.561284  0.991335
82.500000  0.561650  0.987006
82.550000  0.562015  0.982679
82.600000  0.562623  0.978398
82.650000  0.563231  0.974119
82.700000  0.564081  0.969889
82.750000  0.564930  0.965661
82.800000  0.566021  0.961486
82.850000  0.567111  0.957313
82.900000  0.568442  0.953198
82.950000  0.569772  0.949084
83.000000  0.571343  0.945031
83.050000  0.572913  0.940980
83.100000  0.574724  0.936994
83.150000  0.576535  0.933009
83.200000  0.578586  0.929092
83.250000  0.580638  0.925177
83.300000  0.582931  0.921332
83.350000  0.585224  0.917490
83.400000  0.587760  0.913721
83.450000  0.590295  0.909954
83.500000  0.593075  0.906265
83.550000  0.595855  0.902577
83.600000  0.598880  0.898969
83.650000  0.601905  0.895363
83.700000  0.605178  0.891841
83.750000  0.608451  0.888319
83.800000  0.611973  0.884884
83.850000  0.615496  0.881451
83.900000  0.619270  0.878106
83.950000  0.623044  0.874763
84.000000  0.627073  0.871511
84.050000  0.631101  0.868261
84.100000  0.635387  0.865105
84.150000  0.639673  0.861951
84.200000  0.644218  0.858893
84.250000  0.648763  0.855837
84.300000  0.653570  0.852881
84.350000  0.658378  0.849926
84.400000  0.663451  0.847074
84.450000  0.668524  0.844223
84.500000  0.673865  0.841477
84.550000  0.679206  0.838733
84.600000  0.684818  0.836096
84.650000  0.690430  0.833461
84.700000  0.696317  0.830936
84.750000  0.702203  0.828412
84.800000  0.708366  0.826002
84.850000  0.714528  0.823593
84.900000  0.720970  0.821300
84.950000  0.727412  0.819008
85.000000  0.734136  0.816834
85.050000  0.740859  0.814663
85.100000  0.747867  0.812612
85.150000  0.754874  0.810563
85.200000  0.762167  0.808638
85.250000  0.769459  0.806715
85.300000  0.777039  0.804919
85.350000  0.784619  0.803124
85.400000  0.792487  0.801459
85.450000  0.800354  0.799796
85.500000  0.808510  0.798266
85.550000  0.816665  0.796737
85.600000  0.825110  0.795344
85.650000  0.833553  0.793953
85.700000  0.842285  0.792701
85.750000  0.851015  0.791451
85.800000  0.860033  0.790343
85.850000  0.869048  0.789237
85.900000  0.878349  0.788276
85.950000  0.887647  0.787317
86.000000  0.897228  0.786507
86.050000  0.906805  0.785699
86.100000  0.916661  0.785042
86.150000  0.926513  0.784388
86.200000  0.936637  0.783890
86.250000  0.946758  0.783393
86.300000  0.957145  0.783055
86.350000  0.967527  0.782720
86.400000  0.978167  0.782547
86.450000  0.988803  0.782376
86.500000  0.999686  0.782372
86.550000  1.010564  0.782369
86.600000  1.021679  0.782537
86.650000  1.032788  0.782707
86.700000  1.044121  0.783050
86.750000  1.055447  0.783396
86.800000  1.066982  0.783919
86.850000  1.078510  0.784444
86.900000  1.090230  0.785151
86.950000  1.101942  0.785859
87.000000  1.113827  0.786753
87.050000  1.125703  0.787649
87.100000  1.137732  0.788733
87.150000  1.149750  0.789820
87.200000  1.161897  0.791099
87.250000  1.174033  0.792380
87.300000  1.186273  0.793857
87.350000  1.198500  0.795336
87.400000  1.210802  0.797014
87.450000  1.223090  0.798694
87.500000  1.235423  0.800578
87.550000  1.247742  0.802463
87.600000  1.260071  0.804554
87.650000  1.272384  0.806646
87.700000  1.284673  0.808948
87.750000  1.296945  0.811251
87.800000  1.309152  0.813766
87.850000  1.321343  0.816282
87.900000  1.333428  0.819012
87.950000  1.345494  0.821743
88.000000  1.357412  0.824691
88.050000  1.369310  0.827638
88.100000  1.381014  0.830804
88.150000  1.392697  0.833969
88.200000  1.404137  0.837354
88.250000  1.415556  0.840738
88.300000  1.426681  0.844341
88.350000  1.437785  0.847944
88.400000  1.448544  0.851765
88.450000  1.459280  0.855586
88.500000  1.469618  0.859624
88.550000  1.479933  0.863661
88.600000  1.489795  0.867914
88.650000  1.499634  0.872165
88.700000  1.508966  0.876630
88.750000  1.518274  0.881091
88.800000  1.527019  0.885763
88.850000  1.535741  0.890431
88.900000  1.543846  0.895303
88.950000  1.551928  0.900173
89.000000  1.559339  0.905240
89.050000  1.566727  0.910303
89.100000  1.573392  0.915558
89.150000  1.580035  0.920808
89.200000  1.585904  0.926240
89.250000  1.591753  0.931667
89.300000  1.596781  0.937266
89.350000  1.601790  0.942860
89.400000  1.605934  0.948614
89.450000  1.610060  0.954362
89.500000  1.613282  0.960259
89.550000  1.616487  0.966148
89.600000  1.618754  0.972171
89.650000  1.621006  0.978186
89.700000  1.622290  0.984320
89.750000  1.623562  0.990446
89.800000  1.623841  0.996672
89.850000  1.624111  1.002890
89.900000  1.623372  1.009191
89.950000  1.622626  1.015482
90.000000  1.620860  1.021836
90.050000  1.619090  1.028180
90.100000  1.616297  1.034567
90.150000  1.613504  1.040943
90.200000  1.609691  1.047339
90.250000  1.605881  1.053725
90.300000  1.601063  1.060108
90.350000  1.596252  1.066480
90.400000  1.590452  1.072826
90.450000  1.584660  1.079160
90.500000  1.577907  1.085444
90.550000  1.571166  1.091717
90.600000  1.563497  1.097915
90.650000  1.555843  1.104102
90.700000  1.547300  1.110190
90.750000  1.538776  1.116266
90.800000  1.529410  1.122218
90.850000  1.520064  1.128159
90.900000  1.509929  1.133952
90.950000  1.499816  1.139735
91.000000  1.488971  1.145345
91.050000  1.478150  1.150946
91.100000  1.466659  1.156352
91.150000  1.455193  1.161748
91.200000  1.443122  1.166928
91.250000  1.431077  1.172099
91.300000  1.418493  1.177034
91.350000  1.405937  1.181959
91.400000  1.392911  1.186630
91.450000  1.379913  1.191292
91.500000  1.366514  1.195681
91.550000  1.353144  1.200064
91.600000  1.339442  1.204157
91.650000  1.325770  1.208245
91.700000  1.311834  1.212029
91.750000  1.297927  1.215809
91.800000  1.283824  1.219274
91.850000  1.269748  1.222734
91.900000  1.255542  1.225870
91.950000  1.241362  1.229003
92.000000  1.227114  1.231803
92.050000  1.212892  1.234601
92.100000  1.198660  1.237060
92.150000  1.184452  1.239517
92.200000  1.170290  1.241633
92.250000  1.156151  1.243747
92.300000  1.142109  1.245517
92.350000  1.128089  1.247287
92.400000  1.114213  1.248712
92.450000  1.100357  1.250138
92.500000  1.086689  1.251221
92.550000  1.073039  1.252306
92.600000  1.059616  1.253051
92.650000  1.046209  1.253798
92.700000  1.033063  1.254209
92.750000  1.019932  1.254624
92.800000  1.007093  1.254709
92.850000  0.994267  1.254798
92.900000  0.981759  1.254566
92.950000  0.969263  1.254337
93.000000  0.957107  1.253795
93.050000  0.944962  1.253257
93.100000  0.933176  1.252415
93.150000  0.921398  1.251578
93.200000  0.909995  1.250447
93.250000  0.898600  1.249322
93.300000  0.887591  1.247914
93.350000  0.876589  1.246511
93.400000  0.865982  1.244837
93.450000  0.855381  1.243169
93.500000  0.845182  1.241241
93.550000  0.834987  1.239320
93.600000  0.825199  1.237151
93.650000  0.815414  1.234989
93.700000  0.806038  1.232592
93.750000  0.796664  1.230201
93.800000  0.787699  1.227589
93.850000  0.778735  1.224983
93.900000  0.770178  1.222168
93.950000  0.761623  1.219360
94.000000  0.753471  1.216355
94.050000  0.745321  1.213356
94.100000  0.737570  1.210175
94.150000  0.729819  1.206999
94.200000  0.722462  1.203653
94.250000  0.715106  1.200312
94.300000  0.708138  1.196813
94.350000  0.701169  1.193320
94.400000  0.694583  1.189681
94.450000  0.687995  1.186048
94.500000  0.681783  1.182280
94.550000  0.675569  1.178518
94.600000  0.669723  1.174633
94.650000  0.663875  1.170754
94.700000  0.658387  1.166763
94.750000  0.652897  1.162777
94.800000  0.647759  1.158691
94.850000  0.642620  1.154609
94.900000  0.637824  1.150438
94.950000  0.633026  1.146272
95.000000  0.628564  1.142025
95.050000  0.624101  1.137783
95.100000  0.619965  1.133471
95.150000  0.615828  1.129164
95.200000  0.612011  1.124795
95.250000  0.608192  1.120431
95.300000  0.604686  1.116016
95.350000  0.601179  1.111604
95.400000  0.597977  1.107149
95.450000  0.594773  1.102698
95.500000  0.591869  1.098212
95.550000  0.588962  1.093730
95.600000  0.586349  1.089221
95.650000  0.583733  1.084715
95.700000  0.581403  1.080190
95.750000  0.579072  1.075668
95.800000  0.577022  1.071135
95.850000  0.574969  1.066604
95.900000  0.573192  1.062068
95.950000  0.571413  1.057535
96.000000  0.569905  1.053003
96.050000  0.568394  1.048474
96.100000  0.567149  1.043952
96.150000  0.565903  1.039434
96.200000  0.564918  1.034928
96.250000  0.563931  1.030425
96.300000  0.563202  1.025941
96.350000  0.562472  1.021460
96.400000  0.561995  1.017003
96.450000  0.561517  1.012548
96.500000  0.561290  1.008123
96.550000  0.561062  1.003701
96.600000  0.561083  0.999312
96.650000  0.561102  0.994926
96.700000  0.561367  0.990579
96.750000  0.561632  0.986234
96.800000  0.562141  0.981932
96.850000  0.562648  0.977632
96.900000  0.563399  0.973381
96.950000  0.564149  0.969131
97.000000  0.565141  0.964933
97.050000  0.566131  0.960736
97.100000  0.567363  0.956596
97.150000  0.568595  0.952457
97.200000  0.570067  0.948378
97.250000  0.571538  0.944301
97.300000  0.573250  0.940286
97.350000  0.574962  0.936273
97.400000  0.576914  0.932327
97.450000  0.578866  0.928383
97.500000  0.581060  0.924508
97.550000  0.583253  0.920634
97.600000  0.585689  0.916834
97.650000  0.588124  0.913036
97.700000  0.590803  0.909313
97.750000  0.593482  0.905592
97.800000  0.596406  0.901950
97.850000  0.599330  0.898310
97.900000  0.602501  0.894752
97.950000  0.605672  0.891195
98.000000  0.609091  0.887723
98.050000  0.612510  0.884253
98.100000  0.616181  0.880870
98.150000  0.619851  0.877490
98.200000  0.623774  0.874199
98.250000  0.627698  0.870910
98.300000  0.631877  0.867714
98.350000  0.636057  0.864520
98.400000  0.640495  0.861421
98.450000  0.644933  0.858325
98.500000  0.649632  0.855326
98.550000  0.654331  0.852329
98.600000  0.659294  0.849434
98.650000  0.664258  0.846540
98.700000  0.669488  0.843749
98.750000  0.674718  0.840961
98.800000  0.680219  0.838278
98.850000  0.685719  0.835598
98.900000  0.691492  0.833026
98.950000  0.697265  0.830456
99.000000  0.703314  0.827998
99.050000  0.709362  0.825541
99.100000  0.715689  0.823199
99.150000  0.722016  0.820859
99.200000  0.728624  0.818635
99.250000  0.735231  0.816414
99.300000  0.742121  0.814312
99.350000  0.749012  0.812212
99.400000  0.756187  0.810235
99.450000  0.763362  0.808260
99.500000  0.770824  0.806410
99.550000  0.778285  0.804562
99.600000  0.786034  0.802842
99.650000  0.793783  0.801124
99.700000  0.801821  0.799538
99.750000  0.809857  0.797954
99.800000  0.818184  0.796504
99.850000  0.826508  0.795055
99.900000  0.835122  0.793745
99.950000  0.843735  0.792436
100.000000  0.852635  0.791268
