   t     nR      nF
0.000000  1.200000  0.800000
0.050000  1.212000  0.801600
0.100000  1.224046  0.803399
0.150000  1.236079  0.805199
0.200000  1.248125  0.807201
0.250000  1.260157  0.809203
0.300000  1.272168  0.811411
0.350000  1.284164  0.813619
0.400000  1.296103  0.816035
0.450000  1.308025  0.818451
0.500000  1.319850  0.821077
0.550000  1.331657  0.823703
0.600000  1.343326  0.826541
0.650000  1.354977  0.829379
0.700000  1.366445  0.832429
0.750000  1.377894  0.835479
0.800000  1.389114  0.838743
0.850000  1.400315  0.842007
0.900000  1.411238  0.845485
0.950000  1.422141  0.848962
1.000000  1.432718  0.852652
1.050000  1.443274  0.856342
1.100000  1.453452  0.860244
1.150000  1.463608  0.864145
1.200000  1.473336  0.868257
1.250000  1.483041  0.872367
1.300000  1.492264  0.876685
1.350000  1.501465  0.881000
1.400000  1.510132  0.885520
1.450000  1.518776  0.890038
1.500000  1.526833  0.894755
1.550000  1.534867  0.899469
1.600000  1.542263  0.904377
1.650000  1.549636  0.909281
1.700000  1.556321  0.914372
1.750000  1.562984  0.919459
1.800000  1.568909  0.924725
1.850000  1.574814  0.929986
1.900000  1.579935  0.935417
1.950000  1.585037  0.940841
2.000000  1.589312  0.946425
2.050000  1.593569  0.952003
2.100000  1.596961  0.957727
2.150000  1.600336  0.963444
2.200000  1.602811  0.969295
2.250000  1.605272  0.975138
2.300000  1.606802  0.981099
2.350000  1.608320  0.987052
2.400000  1.608884  0.993108
2.450000  1.609439  0.999155
2.500000  1.609020  1.005286
2.550000  1.608595  1.011409
2.600000  1.607185  1.017597
2.650000  1.605771  1.023776
2.700000  1.603367  1.030001
2.750000  1.600962  1.036215
2.800000  1.597569  1.042455
2.850000  1.594178  1.048685
2.900000  1.589808  1.054917
2.950000  1.585443  1.061139
3.000000  1.580115  1.067342
3.050000  1.574794  1.073534
3.100000  1.568535  1.079683
3.150000  1.562286  1.085822
3.200000  1.555127  1.091894
3.250000  1.547982  1.097955
3.300000  1.539964  1.103927
3.350000  1.531961  1.109888
3.400000  1.523129  1.115736
3.450000  1.514315  1.121572
3.500000  1.504719  1.127272
3.550000  1.495144  1.132962
3.600000  1.484840  1.138492
3.650000  1.474558  1.144012
3.700000  1.463604  1.149350
3.750000  1.452675  1.154678
3.800000  1.441135  1.159804
3.850000  1.429620  1.164920
3.900000  1.417557  1.169813
3.950000  1.405521  1.174698
4.000000  1.393003  1.179341
4.050000  1.380512  1.183976
4.100000  1.367605  1.188351
4.150000  1.354726  1.192719
4.200000  1.341497  1.196813
4.250000  1.328296  1.200900
4.300000  1.314811  1.204698
4.350000  1.301354  1.208490
4.400000  1.287679  1.211981
4.450000  1.274031  1.215468
4.500000  1.260228  1.218643
4.550000  1.246451  1.221814
4.600000  1.232580  1.224665
4.650000  1.218734  1.227514
4.700000  1.204852  1.230035
4.750000  1.190994  1.232555
4.800000  1.177155  1.234744
4.850000  1.163339  1.236931
4.900000  1.149592  1.238784
4.950000  1.135867  1.240637
5.000000  1.122259  1.242156
5.050000  1.108671  1.243674
5.100000  1.095243  1.244859
5.150000  1.081834  1.246044
5.200000  1.068625  1.246898
5.250000  1.055433  1.247754
5.300000  1.042477  1.248281
5.350000  1.029535  1.248811
5.400000  1.016861  1.249019
5.450000  1.004200  1.249230
5.500000  0.991833  1.249124
5.550000  0.979479  1.249022
5.600000  0.967442  1.248611
5.650000  0.955416  1.248205
5.700000  0.943728  1.247498
5.750000  0.932049  1.246796
5.800000  0.920725  1.245804
5.850000  0.909409  1.244816
5.900000  0.898462  1.243548
5.950000  0.887521  1.242286
6.000000  0.876958  1.240754
6.050000  0.866402  1.239227
6.100000  0.856231  1.237443
6.150000  0.846066  1.235664
6.200000  0.836293  1.233638
6.250000  0.826523  1.231619
6.300000  0.817149  1.229365
6.350000  0.807778  1.227117
6.400000  0.798803  1.224648
6.450000  0.789830  1.222184
6.500000  0.781254  1.219510
6.550000  0.772679  1.216843
6.600000  0.764499  1.213978
6.650000  0.756320  1.211119
6.700000  0.748532  1.208076
6.750000  0.740744  1.205038
6.800000  0.733344  1.201827
6.850000  0.725943  1.198623
6.900000  0.718925  1.195258
6.950000  0.711906  1.191898
7.000000  0.705264  1.188390
7.050000  0.698620  1.184887
7.100000  0.692347  1.181248
7.150000  0.686073  1.177614
7.200000  0.680161  1.173854
7.250000  0.674249  1.170100
7.300000  0.668692  1.166231
7.350000  0.663135  1.162367
7.400000  0.657925  1.158400
7.450000  0.652714  1.154437
7.500000  0.647845  1.150381
7.550000  0.642974  1.146330
7.600000  0.638436  1.142196
7.650000  0.633897  1.138066
7.700000  0.629684  1.133863
7.750000  0.625470  1.129664
7.800000  0.621574  1.125401
7.850000  0.617677  1.121142
7.900000  0.614092  1.116828
7.950000  0.610504  1.112518
8.000000  0.607222  1.108162
8.050000  0.603938  1.103809
8.100000  0.600953  1.099418
8.150000  0.597965  1.095031
8.200000  0.595270  1.090614
8.250000  0.592573  1.086200
8.300000  0.590162  1.081763
8.350000  0.587750  1.077329
8.400000  0.585617  1.072880
8.450000  0.583483  1.068434
8.500000  0.581624  1.063980
8.550000  0.579764  1.059528
8.600000  0.578173  1.055075
8.650000  0.576581  1.050624
8.700000  0.575254  1.046178
8.750000  0.573926  1.041734
8.800000  0.572859  1.037300
8.850000  0.571791  1.032870
8.900000  0.570979  1.028455
8.950000  0.570167  1.024042
9.000000  0.569609  1.019651
9.050000  0.569049  1.015263
9.100000  0.568740  1.010901
9.150000  0.568430  1.006541
9.200000  0.568368  1.002213
9.250000  0.568305  0.997887
9.300000  0.568488  0.993597
9.350000  0.568670  0.989310
9.400000  0.569096  0.985063
9.450000  0.569521  0.980818
9.500000  0.570189  0.976618
9.550000  0.570855  0.972421
9.600000  0.571763  0.968272
9.650000  0.572670  0.964126
9.700000  0.573817  0.960032
9.750000  0.574964  0.955941
9.800000  0.576351  0.951906
9.850000  0.577737  0.947873
9.900000  0.579362  0.943901
9.950000  0.580987  0.939931
10.000000  0.582852  0.936024
10.050000  0.584717  0.932120
10.100000  0.586821  0.928282
10.150000  0.588926  0.924447
10.200000  0.591271  0.920682
10.250000  0.593616  0.916919
10.300000  0.596203  0.913230
10.350000  0.598789  0.909542
10.400000  0.601619  0.905931
10.450000  0.604449  0.902322
10.500000  0.607523  0.898793
10.550000  0.610598  0.895265
10.600000  0.613918  0.891821
10.650000  0.617239  0.888377
10.700000  0.620808  0.885020
10.750000  0.624377  0.881664
10.800000  0.628197  0.878396
10.850000  0.632016  0.875130
10.900000  0.636089  0.871956
10.950000  0.640161  0.868783
11.000000  0.644489  0.865703
11.050000  0.648816  0.862626
11.100000  0.653402  0.859644
11.150000  0.657987  0.856665
11.200000  0.662833  0.853785
11.250000  0.667679  0.850906
11.300000  0.672788  0.848129
11.350000  0.677897  0.845354
11.400000  0.683271  0.842683
11.450000  0.688646  0.840014
11.500000  0.694289  0.837453
11.550000  0.699931  0.834892
11.600000  0.705845  0.832442
11.650000  0.711758  0.829993
11.700000  0.717945  0.827657
11.750000  0.724132  0.825323
11.800000  0.730594  0.823104
11.850000  0.737056  0.820886
11.900000  0.743796  0.818787
11.950000  0.750535  0.816689
12.000000  0.757554  0.814712
12.050000  0.764572  0.812737
12.100000  0.771872  0.810885
12.150000  0.779170  0.809035
12.200000  0.786751  0.807312
12.250000  0.794331  0.805590
12.300000  0.802194  0.803998
12.350000  0.810055  0.802408
12.400000  0.818200  0.800950
12.450000  0.826343  0.799494
12.500000  0.834768  0.798173
12.550000  0.843192  0.796854
12.600000  0.851897  0.795674
12.650000  0.860601  0.794496
12.700000  0.869583  0.793459
12.750000  0.878563  0.792424
12.800000  0.887820  0.791535
12.850000  0.897074  0.790647
12.900000  0.906601  0.789907
12.950000  0.916124  0.789169
13.000000  0.925915  0.788583
13.050000  0.935703  0.787999
13.100000  0.945752  0.787570
13.150000  0.955798  0.787143
13.200000  0.966097  0.786874
13.250000  0.976392  0.786607
13.300000  0.986933  0.786503
13.350000  0.997468  0.786400
13.400000  1.008239  0.786463
13.450000  1.019003  0.786528
13.500000  1.029991  0.786762
13.550000  1.040973  0.786998
13.600000  1.052164  0.787407
13.650000  1.063349  0.787817
13.700000  1.074727  0.788405
13.750000  1.086097  0.788994
13.800000  1.097644  0.789763
13.850000  1.109182  0.790535
13.900000  1.120878  0.791490
13.950000  1.132563  0.792446
14.000000  1.144384  0.793591
14.050000  1.156195  0.794736
14.100000  1.168117  0.796073
14.150000  1.180027  0.797412
14.200000  1.192023  0.798944
14.250000  1.204006  0.800479
14.300000  1.216045  0.802210
14.350000  1.228071  0.803944
14.400000  1.240123  0.805878
14.450000  1.252159  0.807813
14.500000  1.264187  0.809952
14.550000  1.276200  0.812091
14.600000  1.288168  0.814438
14.650000  1.300120  0.816784
14.700000  1.311989  0.819340
14.750000  1.323840  0.821896
14.800000  1.335567  0.824663
14.850000  1.347275  0.827431
14.900000  1.358816  0.830410
14.950000  1.370339  0.833390
15.000000  1.381648  0.836583
15.050000  1.392937  0.839776
15.100000  1.403966  0.843183
15.150000  1.414974  0.846589
15.200000  1.425673  0.850209
15.250000  1.436351  0.853828
15.300000  1.446669  0.857660
15.350000  1.456964  0.861491
15.400000  1.466849  0.865534
15.450000  1.476711  0.869574
15.500000  1.486109  0.873824
15.550000  1.495484  0.878072
15.600000  1.504343  0.882526
15.650000  1.513179  0.886977
15.700000  1.521445  0.891629
15.750000  1.529689  0.896279
15.800000  1.537312  0.901124
15.850000  1.544912  0.905966
15.900000  1.551839  0.910998
15.950000  1.558745  0.916025
16.000000  1.564928  0.921234
16.050000  1.571092  0.926439
16.100000  1.576486  0.931816
16.150000  1.581860  0.937188
16.200000  1.586422  0.942722
16.250000  1.590965  0.948251
16.300000  1.594655  0.953930
16.350000  1.598328  0.959602
16.400000  1.601112  0.965413
16.450000  1.603881  0.971216
16.500000  1.605728  0.977143
16.550000  1.607563  0.983062
16.600000  1.608451  0.989088
16.650000  1.609329  0.995107
16.700000  1.609239  1.001215
16.750000  1.609141  1.007315
16.800000  1.608062  1.013487
16.850000  1.606977  1.019650
16.900000  1.604904  1.025865
16.950000  1.602828  1.032071
17.000000  1.599763  1.038309
17.050000  1.596699  1.044536
17.100000  1.592652  1.050774
17.150000  1.588609  1.057002
17.200000  1.583597  1.063217
17.250000  1.578592  1.069422
17.300000  1.572638  1.075592
17.350000  1.566694  1.081752
17.400000  1.559830  1.087853
17.450000  1.552978  1.093943
17.500000  1.545241  1.099951
17.550000  1.537519  1.105949
17.600000  1.528951  1.111841
17.650000  1.520401  1.117722
17.700000  1.511053  1.123474
17.750000  1.501724  1.129216
17.800000  1.491648  1.134805
17.850000  1.481594  1.140384
17.900000  1.470849  1.145789
17.950000  1.460127  1.151184
18.000000  1.448774  1.156383
18.050000  1.437446  1.161573
18.100000  1.425549  1.166546
18.150000  1.413678  1.171510
18.200000  1.401303  1.176238
18.250000  1.388955  1.180958
18.300000  1.376169  1.185425
18.350000  1.363410  1.189884
18.400000  1.350280  1.194073
18.450000  1.337177  1.198256
18.500000  1.323769  1.202154
18.550000  1.310389  1.206046
18.600000  1.296769  1.209641
18.650000  1.283176  1.213230
18.700000  1.269408  1.216512
18.750000  1.255666  1.219789
18.800000  1.241810  1.222749
18.850000  1.227979  1.225706
18.900000  1.214094  1.228338
18.950000  1.200233  1.230967
19.000000  1.186372  1.233267
19.050000  1.172535  1.235566
19.100000  1.158751  1.237531
19.150000  1.144989  1.239495
19.200000  1.131329  1.241125
19.250000  1.117690  1.242755
19.300000  1.104197  1.244050
19.350000  1.090723  1.245347
19.400000  1.077436  1.246310
19.450000  1.064167  1.247275
19.500000  1.051122  1.247911
19.550000  1.038093  1.248549
19.600000  1.025321  1.248862
19.650000  1.012562  1.249178
19.700000  1.000090  1.249176
19.750000  0.987630  1.249177
19.800000  0.975480  1.248867
19.850000  0.963342  1.248560
19.900000  0.951535  1.247951
19.950000  0.939739  1.247346
20.000000  0.928291  1.246448
20.050000  0.916853  1.245554
20.100000  0.905778  1.244377
20.150000  0.894710  1.243204
20.200000  0.884018  1.241759
20.250000  0.873332  1.240318
20.300000  0.863030  1.238616
20.350000  0.852733  1.236920
20.400000  0.842827  1.234973
20.450000  0.832925  1.233032
20.500000  0.823417  1.230853
20.550000  0.813913  1.228680
20.600000  0.804805  1.226280
20.650000  0.795699  1.223887
20.700000  0.786990  1.221279
20.750000  0.778283  1.218678
20.800000  0.769971  1.215875
20.850000  0.761660  1.213079
20.900000  0.753741  1.210093
20.950000  0.745824  1.207113
21.000000  0.738295  1.203957
21.050000  0.730766  1.200806
21.100000  0.723620  1.197491
21.150000  0.716475  1.194181
21.200000  0.709708  1.190719
21.250000  0.702940  1.187262
21.300000  0.696544  1.183665
21.350000  0.690148  1.180073
21.400000  0.684117  1.176352
21.450000  0.678084  1.172636
21.500000  0.672410  1.168802
21.550000  0.666735  1.164974
21.600000  0.661411  1.161038
21.650000  0.656085  1.157106
21.700000  0.651104  1.153079
21.750000  0.646120  1.149056
21.800000  0.641473  1.144946
21.850000  0.636824  1.140841
21.900000  0.632504  1.136660
21.950000  0.628182  1.132482
22.000000  0.624181  1.128238
22.050000  0.620179  1.123998
22.100000  0.616491  1.119700
22.150000  0.612802  1.115406
22.200000  0.609419  1.111062
22.250000  0.606035  1.106722
22.300000  0.602951  1.102342
22.350000  0.599866  1.097965
22.400000  0.597075  1.093555
22.450000  0.594282  1.089149
22.500000  0.591777  1.084717
22.550000  0.589270  1.080289
22.600000  0.587046  1.075843
22.650000  0.584819  1.071400
22.700000  0.582870  1.066947
22.750000  0.580919  1.062496
22.800000  0.579240  1.058041
22.850000  0.577559  1.053589
22.900000  0.576144  1.049140
22.950000  0.574729  1.044693
23.000000  0.573576  1.040254
23.050000  0.572421  1.035818
23.100000  0.571525  1.031396
23.150000  0.570628  1.026977
23.200000  0.569986  1.022577
23.250000  0.569343  1.018180
23.300000  0.568951  1.013807
23.350000  0.568558  1.009437
23.400000  0.568414  1.005097
23.450000  0.568270  1.000759
23.500000  0.568371  0.996456
23.550000  0.568472  0.992155
23.600000  0.568817  0.987893
23.650000  0.569162  0.983634
23.700000  0.569749  0.979417
23.750000  0.570335  0.975203
23.800000  0.571163  0.971037
23.850000  0.571990  0.966873
23.900000  0.573058  0.962761
23.950000  0.574125  0.958650
24.000000  0.575432  0.954595
24.050000  0.576738  0.950542
24.100000  0.578284  0.946549
24.150000  0.579830  0.942557
24.200000  0.581615  0.938628
24.250000  0.583400  0.934701
24.300000  0.585425  0.930840
24.350000  0.587449  0.926981
24.400000  0.589714  0.923192
24.450000  0.591979  0.919404
24.500000  0.594485  0.915689
24.550000  0.596991  0.911976
24.600000  0.599740  0.908338
24.650000  0.602489  0.904702
24.700000  0.605482  0.901146
24.750000  0.608474  0.897590
24.800000  0.611713  0.894117
24.850000  0.614952  0.890645
24.900000  0.618438  0.887258
24.950000  0.621924  0.883873
25.000000  0.625660  0.880575
25.050000  0.629396  0.877278
25.100000  0.633384  0.874072
25.150000  0.637372  0.870868
25.200000  0.641615  0.867756
25.250000  0.645857  0.864646
25.300000  0.650357  0.861632
25.350000  0.654856  0.858619
25.400000  0.659615  0.855705
25.450000  0.664374  0.852792
25.500000  0.669395  0.849981
25.550000  0.674416  0.847171
25.600000  0.679702  0.844464
25.650000  0.684988  0.841759
25.700000  0.690541  0.839161
25.750000  0.696095  0.836564
25.800000  0.701918  0.834076
25.850000  0.707741  0.831590
25.900000  0.713837  0.829215
25.950000  0.719933  0.826843
26.000000  0.726303  0.824584
26.050000  0.732674  0.822327
26.100000  0.739321  0.820187
26.150000  0.745968  0.818049
26.200000  0.752894  0.816031
26.250000  0.759819  0.814015
26.300000  0.767025  0.812121
26.350000  0.774231  0.810229
26.400000  0.781718  0.808462
26.450000  0.789204  0.806698
26.500000  0.796974  0.805062
26.550000  0.804742  0.803427
26.600000  0.812793  0.801924
26.650000  0.820842  0.800423
26.700000  0.829175  0.799056
26.750000  0.837506  0.797691
26.800000  0.846118  0.796464
26.850000  0.854729  0.795238
26.900000  0.863620  0.794153
26.950000  0.872509  0.793070
27.000000  0.881675  0.792131
27.050000  0.890838  0.791194
27.100000  0.900276  0.790403
27.150000  0.909711  0.789615
27.200000  0.919415  0.788978
27.250000  0.929116  0.788342
27.300000  0.939080  0.787860
27.350000  0.949041  0.787380
27.400000  0.959259  0.787058
27.450000  0.969472  0.786737
27.500000  0.979934  0.786577
27.550000  0.990391  0.786419
27.600000  1.001087  0.786426
27.650000  1.011777  0.786435
27.700000  1.022695  0.786611
27.750000  1.033607  0.786790
27.800000  1.044733  0.787140
27.850000  1.055852  0.787492
27.900000  1.067170  0.788020
27.950000  1.078481  0.788549
28.000000  1.089975  0.789257
28.050000  1.101460  0.789968
28.100000  1.113109  0.790860
28.150000  1.124749  0.791755
28.200000  1.136531  0.792836
28.250000  1.148304  0.793918
28.300000  1.160196  0.795191
28.350000  1.172077  0.796465
28.400000  1.184052  0.797932
28.450000  1.196015  0.799400
28.500000  1.208044  0.801066
28.550000  1.220060  0.802732
28.600000  1.232112  0.804599
28.650000  1.244149  0.806466
28.700000  1.256190  0.808537
28.750000  1.268216  0.810608
28.800000  1.280209  0.812885
28.850000  1.292186  0.815163
28.900000  1.304094  0.817649
28.950000  1.315984  0.820135
29.000000  1.327763  0.822832
29.050000  1.339525  0.825528
29.100000  1.351134  0.828437
29.150000  1.362725  0.831346
29.200000  1.374117  0.834468
29.250000  1.385490  0.837590
29.300000  1.396619  0.840926
29.350000  1.407727  0.844261
29.400000  1.418543  0.847811
29.450000  1.429337  0.851359
29.500000  1.439789  0.855121
29.550000  1.450218  0.858882
29.600000  1.460254  0.862855
29.650000  1.470267  0.866826
29.700000  1.479834  0.871007
29.750000  1.489378  0.875187
29.800000  1.498423  0.879573
29.850000  1.507446  0.883957
29.900000  1.515916  0.888545
29.950000  1.524364  0.893129
30.000000  1.532207  0.897911
30.050000  1.540028  0.902690
30.100000  1.547193  0.907661
30.150000  1.554337  0.912627
30.200000  1.560774  0.917779
30.250000  1.567190  0.922925
30.300000  1.572853  0.928248
30.350000  1.578496  0.933566
30.400000  1.583340  0.939049
30.450000  1.588165  0.944527
30.500000  1.592150  0.950160
30.550000  1.596117  0.955787
30.600000  1.599207  0.961555
30.650000  1.602281  0.967317
30.700000  1.604443  0.973207
30.750000  1.606593  0.979090
30.800000  1.607803  0.985086
30.850000  1.609002  0.991073
30.900000  1.609239  0.997157
30.950000  1.609468  1.003232
31.000000  1.608719  1.009386
31.050000  1.607964  1.015530
31.100000  1.606222  1.021734
31.150000  1.604476  1.027928
31.200000  1.601741  1.034161
31.250000  1.599005  1.040384
31.300000  1.595283  1.046625
31.350000  1.591564  1.052855
31.400000  1.586871  1.059081
31.450000  1.582183  1.065297
31.500000  1.576540  1.071485
31.550000  1.570905  1.077663
31.600000  1.564340  1.083790
31.650000  1.557786  1.089906
31.700000  1.550334  1.095949
31.750000  1.542897  1.101980
31.800000  1.534600  1.107914
31.850000  1.526320  1.113837
31.900000  1.517225  1.119639
31.950000  1.508149  1.125430
32.000000  1.498308  1.131077
32.050000  1.488488  1.136713
32.100000  1.477959  1.142182
32.150000  1.467452  1.147641
32.200000  1.456293  1.152911
32.250000  1.445159  1.158172
32.300000  1.433435  1.163223
32.350000  1.421736  1.168264
32.400000  1.409512  1.173077
32.450000  1.397314  1.177881
32.500000  1.384656  1.182436
32.550000  1.372026  1.186985
32.600000  1.359002  1.191268
32.650000  1.346005  1.195545
32.700000  1.332681  1.199542
32.750000  1.319385  1.203532
32.800000  1.305827  1.207229
32.850000  1.292297  1.210921
32.900000  1.278570  1.214308
32.950000  1.264870  1.217691
33.000000  1.251035  1.220759
33.050000  1.237226  1.223823
33.100000  1.223343  1.226565
33.150000  1.209485  1.229305
33.200000  1.195609  1.231716
33.250000  1.181757  1.234125
33.300000  1.167941  1.236202
33.350000  1.154148  1.238278
33.400000  1.140440  1.240019
33.450000  1.126754  1.241761
33.500000  1.113200  1.243167
33.550000  1.099665  1.244575
33.600000  1.086305  1.245648
33.650000  1.072962  1.246723
33.700000  1.059832  1.247468
33.750000  1.046719  1.248214
33.800000  1.033851  1.248634
33.850000  1.020999  1.249057
33.900000  1.008423  1.249158
33.950000  0.995860  1.249264
34.000000  0.983599  1.249055
34.050000  0.971351  1.248850
34.100000  0.959427  1.248339
34.150000  0.947514  1.247833
34.200000  0.935945  1.247030
34.250000  0.924385  1.246231
34.300000  0.913184  1.245145
34.350000  0.901991  1.244064
34.400000  0.891169  1.242706
34.450000  0.880355  1.241354
34.500000  0.869922  1.239736
34.550000  0.859494  1.238123
34.600000  0.849455  1.236257
34.650000  0.839421  1.234395
34.700000  0.829779  1.232292
34.750000  0.820142  1.230195
34.800000  0.810900  1.227867
34.850000  0.801661  1.225545
34.900000  0.792819  1.223005
34.950000  0.783979  1.220472
35.000000  0.775535  1.217733
35.050000  0.767092  1.214999
35.100000  0.759042  1.212073
35.150000  0.750994  1.209152
35.200000  0.743335  1.206051
35.250000  0.735677  1.202956
35.300000  0.728404  1.199692
35.350000  0.721131  1.196433
35.400000  0.714239  1.193019
35.450000  0.707346  1.189610
35.500000  0.700827  1.186056
35.550000  0.694307  1.182508
35.600000  0.688155  1.178826
35.650000  0.682002  1.175150
35.700000  0.676210  1.171352
35.750000  0.670416  1.167560
35.800000  0.664976  1.163656
35.850000  0.659535  1.159758
35.900000  0.654440  1.155759
35.950000  0.649343  1.151765
36.000000  0.644585  1.147681
36.050000  0.639825  1.143602
36.100000  0.635397  1.139444
36.150000  0.630967  1.135289
36.200000  0.626861  1.131064
36.250000  0.622753  1.126844
36.300000  0.618961  1.122562
36.350000  0.615168  1.118285
36.400000  0.611685  1.113955
36.450000  0.608200  1.109630
36.500000  0.605017  1.105260
36.550000  0.601833  1.100895
36.600000  0.598945  1.096494
36.650000  0.596055  1.092096
36.700000  0.593456  1.087671
36.750000  0.590854  1.083249
36.800000  0.588537  1.078806
36.850000  0.586218  1.074368
36.900000  0.584177  1.069915
36.950000  0.582135  1.065466
37.000000  0.580366  1.061011
37.050000  0.578596  1.056559
37.100000  0.577094  1.052106
37.150000  0.575590  1.047657
37.200000  0.574351  1.043213
37.250000  0.573110  1.038773
37.300000  0.572129  1.034345
37.350000  0.571146  1.029919
37.400000  0.570420  1.025511
37.450000  0.569692  1.021106
37.500000  0.569217  1.016723
37.550000  0.568741  1.012343
37.600000  0.568515  1.007991
37.650000  0.568288  1.003642
37.700000  0.568308  0.999326
37.750000  0.568328  0.995012
37.800000  0.568592  0.990735
37.850000  0.568855  0.986461
37.900000  0.569362  0.982229
37.950000  0.569868  0.977999
38.000000  0.570616  0.973816
38.050000  0.571363  0.969634
38.100000  0.572351  0.965503
38.150000  0.573338  0.961374
38.200000  0.574565  0.957300
38.250000  0.575792  0.953227
38.300000  0.577258  0.949212
38.350000  0.578724  0.945200
38.400000  0.580430  0.941249
38.450000  0.582135  0.937300
38.500000  0.584080  0.933415
38.550000  0.586024  0.929533
38.600000  0.588209  0.925719
38.650000  0.590394  0.921907
38.700000  0.592820  0.918167
38.750000  0.595246  0.914428
38.800000  0.597914  0.910765
38.850000  0.600581  0.907103
38.900000  0.603493  0.903518
38.950000  0.606404  0.899936
39.000000  0.609561  0.896434
39.050000  0.612717  0.892934
39.100000  0.616121  0.889518
39.150000  0.619524  0.886103
39.200000  0.623177  0.882775
39.250000  0.626830  0.879448
39.300000  0.630734  0.876211
39.350000  0.634637  0.872976
39.400000  0.638795  0.869832
39.450000  0.642953  0.866690
39.500000  0.647366  0.863643
39.550000  0.651780  0.860598
39.600000  0.656452  0.857650
39.650000  0.661124  0.854703
39.700000  0.666058  0.851857
39.750000  0.670992  0.849012
39.800000  0.676189  0.846270
39.850000  0.681387  0.843530
39.900000  0.686851  0.840895
39.950000  0.692315  0.838262
40.000000  0.698048  0.835737
40.050000  0.703782  0.833213
40.100000  0.709786  0.830800
40.150000  0.715791  0.828389
40.200000  0.722070  0.826092
40.250000  0.728349  0.823796
40.300000  0.734904  0.821616
40.350000  0.741459  0.819438
40.400000  0.748292  0.817379
40.450000  0.755125  0.815321
40.500000  0.762238  0.813386
40.550000  0.769350  0.811452
40.600000  0.776743  0.809643
40.650000  0.784136  0.807835
40.700000  0.791812  0.806155
40.750000  0.799486  0.804477
40.800000  0.807444  0.802929
40.850000  0.815400  0.801383
40.900000  0.823639  0.799970
40.950000  0.831877  0.798559
41.000000  0.840396  0.797285
41.050000  0.848914  0.796012
41.100000  0.857713  0.794880
41.150000  0.866510  0.793749
41.200000  0.875585  0.792760
41.250000  0.884658  0.791774
41.300000  0.894006  0.790934
41.350000  0.903351  0.790096
41.400000  0.912968  0.789407
41.450000  0.922581  0.788720
41.500000  0.932460  0.788185
41.550000  0.942335  0.787653
41.600000  0.952470  0.787277
41.650000  0.962601  0.786903
41.700000  0.972983  0.786688
41.750000  0.983360  0.786476
41.800000  0.993980  0.786427
41.850000  1.004594  0.786379
41.900000  1.015440  0.786499
41.950000  1.026280  0.786620
42.000000  1.037339  0.786912
42.050000  1.048391  0.787206
42.100000  1.059648  0.787674
42.150000  1.070898  0.788144
42.200000  1.082336  0.788792
42.250000  1.093766  0.789441
42.300000  1.105366  0.790272
42.350000  1.116957  0.791105
42.400000  1.128699  0.792123
42.450000  1.140430  0.793142
42.500000  1.152289  0.794350
42.550000  1.164138  0.795560
42.600000  1.176089  0.796962
42.650000  1.188028  0.798365
42.700000  1.200044  0.799964
42.750000  1.212046  0.801565
42.800000  1.224095  0.803364
42.850000  1.236130  0.805164
42.900000  1.248179  0.807166
42.950000  1.260214  0.809169
43.000000  1.272228  0.811377
43.050000  1.284226  0.813586
43.100000  1.296168  0.816002
43.150000  1.308092  0.818419
43.200000  1.319920  0.821045
43.250000  1.331730  0.823672
43.300000  1.343402  0.826510
43.350000  1.355056  0.829348
43.400000  1.366527  0.832399
43.450000  1.377978  0.835450
43.500000  1.389201  0.838715
43.550000  1.400404  0.841979
43.600000  1.411330  0.845457
43.650000  1.422236  0.848935
43.700000  1.432815  0.852626
43.750000  1.443373  0.856317
43.800000  1.453554  0.860220
43.850000  1.463713  0.864121
43.900000  1.473443  0.868234
43.950000  1.483151  0.872345
44.000000  1.492376  0.876663
44.050000  1.501580  0.880980
44.100000  1.510248  0.885501
44.150000  1.518894  0.890019
44.200000  1.526953  0.894738
44.250000  1.534990  0.899452
44.300000  1.542387  0.904361
44.350000  1.549763  0.909267
44.400000  1.556448  0.914359
44.450000  1.563113  0.919447
44.500000  1.569040  0.924714
44.550000  1.574946  0.929976
44.600000  1.580068  0.935408
44.650000  1.585171  0.940834
44.700000  1.589447  0.946419
44.750000  1.593705  0.951997
44.800000  1.597097  0.957723
44.850000  1.600473  0.963442
44.900000  1.602948  0.969293
44.950000  1.605409  0.975138
45.000000  1.606940  0.981101
45.050000  1.608458  0.987055
45.100000  1.609022  0.993112
45.150000  1.609576  0.999160
45.200000  1.609157  1.005293
45.250000  1.608731  1.011417
45.300000  1.607320  1.017607
45.350000  1.605905  1.023787
45.400000  1.603500  1.030013
45.450000  1.601094  1.036230
45.500000  1.597700  1.042471
45.550000  1.594307  1.048702
45.600000  1.589935  1.054936
45.650000  1.585568  1.061159
45.700000  1.580238  1.067364
45.750000  1.574915  1.073557
45.800000  1.568653  1.079708
45.850000  1.562402  1.085847
45.900000  1.555240  1.091921
45.950000  1.548092  1.097984
46.000000  1.540072  1.103957
46.050000  1.532066  1.109919
46.100000  1.523231  1.115768
46.150000  1.514414  1.121606
46.200000  1.504815  1.127308
46.250000  1.495236  1.132998
46.300000  1.484929  1.138530
46.350000  1.474643  1.144051
46.400000  1.463686  1.149390
46.450000  1.452753  1.154720
46.500000  1.441209  1.159846
46.550000  1.429691  1.164963
46.600000  1.417625  1.169857
46.650000  1.405585  1.174743
46.700000  1.393063  1.179387
46.750000  1.380568  1.184022
46.800000  1.367657  1.188399
46.850000  1.354774  1.192768
46.900000  1.341542  1.196862
46.950000  1.328337  1.200950
47.000000  1.314849  1.204748
47.050000  1.301388  1.208541
47.100000  1.287710  1.212033
47.150000  1.274058  1.215520
47.200000  1.260251  1.218696
47.250000  1.246470  1.221867
47.300000  1.232596  1.224719
47.350000  1.218747  1.227567
47.400000  1.204861  1.230089
47.450000  1.191000  1.232609
47.500000  1.177158  1.234798
47.550000  1.163338  1.236985
47.600000  1.149588  1.238839
47.650000  1.135860  1.240692
47.700000  1.122249  1.242210
47.750000  1.108658  1.243728
47.800000  1.095228  1.244913
47.850000  1.081816  1.246098
47.900000  1.068605  1.246952
47.950000  1.055410  1.247807
48.000000  1.042451  1.248334
48.050000  1.029507  1.248864
48.100000  1.016830  1.249071
48.150000  1.004167  1.249282
48.200000  0.991798  1.249176
48.250000  0.979441  1.249073
48.300000  0.967403  1.248662
48.350000  0.955375  1.248255
48.400000  0.943685  1.247548
48.450000  0.932005  1.246845
48.500000  0.920679  1.245852
48.550000  0.909361  1.244864
48.600000  0.898412  1.243596
48.650000  0.887469  1.242332
48.700000  0.876906  1.240800
48.750000  0.866348  1.239272
48.800000  0.856176  1.237487
48.850000  0.846010  1.235707
48.900000  0.836235  1.233681
48.950000  0.826465  1.231661
49.000000  0.817089  1.229407
49.050000  0.807717  1.227158
49.100000  0.798741  1.224687
49.150000  0.789768  1.222223
49.200000  0.781191  1.219548
49.250000  0.772616  1.216880
49.300000  0.764434  1.214014
49.350000  0.756254  1.211155
49.400000  0.748466  1.208110
49.450000  0.740678  1.205071
49.500000  0.733277  1.201860
49.550000  0.725876  1.198654
49.600000  0.718857  1.195288
49.650000  0.711838  1.191928
49.700000  0.705195  1.188419
49.750000  0.698551  1.184916
49.800000  0.692277  1.181275
49.850000  0.686003  1.177640
49.900000  0.680091  1.173880
49.950000  0.674179  1.170124
50.000000  0.668622  1.166255
50.050000  0.663064  1.162390
50.100000  0.657854  1.158422
50.150000  0.652643  1.154458
50.200000  0.647774  1.150401
50.250000  0.642902  1.146349
50.300000  0.638365  1.142214
50.350000  0.633826  1.138084
50.400000  0.629613  1.133880
50.450000  0.625398  1.129680
50.500000  0.621503  1.125416
50.550000  0.617605  1.121156
50.600000  0.614020  1.116841
50.650000  0.610433  1.112531
50.700000  0.607151  1.108173
50.750000  0.603867  1.103820
50.800000  0.600881  1.099428
50.850000  0.597894  1.095040
50.900000  0.595199  1.090622
50.950000  0.592502  1.086207
51.000000  0.590091  1.081769
51.050000  0.587679  1.077335
51.100000  0.585546  1.072885
51.150000  0.583413  1.068438
51.200000  0.581554  1.063983
51.250000  0.579693  1.059531
51.300000  0.578103  1.055076
51.350000  0.576511  1.050625
51.400000  0.575184  1.046178
51.450000  0.573856  1.041734
51.500000  0.572789  1.037299
51.550000  0.571721  1.032868
51.600000  0.570910  1.028452
51.650000  0.570098  1.024039
51.700000  0.569540  1.019647
51.750000  0.568980  1.015258
51.800000  0.568671  1.010896
51.850000  0.568362  1.006535
51.900000  0.568300  1.002206
51.950000  0.568237  0.997880
52.000000  0.568420  0.993589
52.050000  0.568603  0.989301
52.100000  0.569029  0.985054
52.150000  0.569454  0.980808
52.200000  0.570122  0.976608
52.250000  0.570788  0.972410
52.300000  0.571696  0.968261
52.350000  0.572604  0.964114
52.400000  0.573751  0.960020
52.450000  0.574898  0.955927
52.500000  0.576285  0.951892
52.550000  0.577671  0.947859
52.600000  0.579297  0.943886
52.650000  0.580922  0.939915
52.700000  0.582788  0.936008
52.750000  0.584652  0.932103
52.800000  0.586757  0.928265
52.850000  0.588862  0.924429
52.900000  0.591207  0.920664
52.950000  0.593552  0.916900
53.000000  0.596140  0.913210
53.050000  0.598727  0.909522
53.100000  0.601557  0.905911
53.150000  0.604387  0.902301
53.200000  0.607462  0.898772
53.250000  0.610536  0.895244
53.300000  0.613857  0.891798
53.350000  0.617178  0.888355
53.400000  0.620748  0.884997
53.450000  0.624317  0.881640
53.500000  0.628137  0.878373
53.550000  0.631957  0.875106
53.600000  0.636030  0.871931
53.650000  0.640103  0.868757
53.700000  0.644431  0.865678
53.750000  0.648759  0.862600
53.800000  0.653345  0.859618
53.850000  0.657931  0.856638
53.900000  0.662777  0.853758
53.950000  0.667623  0.850878
54.000000  0.672733  0.848101
54.050000  0.677842  0.845326
54.100000  0.683217  0.842655
54.150000  0.688592  0.839985
54.200000  0.694236  0.837423
54.250000  0.699879  0.834863
54.300000  0.705793  0.832412
54.350000  0.711707  0.829963
54.400000  0.717895  0.827626
54.450000  0.724082  0.825292
54.500000  0.730545  0.823072
54.550000  0.737008  0.820854
54.600000  0.743748  0.818755
54.650000  0.750488  0.816657
54.700000  0.757508  0.814679
54.750000  0.764527  0.812704
54.800000  0.771827  0.810852
54.850000  0.779127  0.809002
54.900000  0.786709  0.807278
54.950000  0.794289  0.805556
55.000000  0.802153  0.803964
55.050000  0.810016  0.802373
55.100000  0.818161  0.800915
55.150000  0.826305  0.799459
55.200000  0.834732  0.798138
55.250000  0.843157  0.796819
55.300000  0.851863  0.795638
55.350000  0.860568  0.794460
55.400000  0.869551  0.793423
55.450000  0.878533  0.792388
55.500000  0.887791  0.791498
55.550000  0.897046  0.790610
55.600000  0.906574  0.789870
55.650000  0.916099  0.789132
55.700000  0.925892  0.788546
55.750000  0.935681  0.787962
55.800000  0.945732  0.787532
55.850000  0.955779  0.787105
55.900000  0.966080  0.786836
55.950000  0.976376  0.786569
56.000000  0.986919  0.786465
56.050000  0.997456  0.786362
56.100000  1.008228  0.786425
56.150000  1.018995  0.786489
56.200000  1.029985  0.786723
56.250000  1.040968  0.786959
56.300000  1.052162  0.787368
56.350000  1.063348  0.787779
56.400000  1.074728  0.788366
56.450000  1.086100  0.788955
56.500000  1.097650  0.789725
56.550000  1.109190  0.790496
56.600000  1.120888  0.791451
56.650000  1.132576  0.792408
56.700000  1.144399  0.793552
56.750000  1.156212  0.794698
56.800000  1.168136  0.796035
56.850000  1.180049  0.797373
56.900000  1.192047  0.798906
56.950000  1.204033  0.800441
57.000000  1.216075  0.802173
57.050000  1.228103  0.803906
57.100000  1.240157  0.805840
57.150000  1.252197  0.807775
57.200000  1.264227  0.809914
57.250000  1.276243  0.812054
57.300000  1.288214  0.814401
57.350000  1.300168  0.816748
57.400000  1.312040  0.819304
57.450000  1.323894  0.821861
57.500000  1.335623  0.824628
57.550000  1.347335  0.827396
57.600000  1.358879  0.830376
57.650000  1.370404  0.833356
57.700000  1.381716  0.836549
57.750000  1.393008  0.839743
57.800000  1.404040  0.843150
57.850000  1.415051  0.846557
57.900000  1.425753  0.850177
57.950000  1.436434  0.853797
58.000000  1.446754  0.857630
58.050000  1.457053  0.861461
58.100000  1.466940  0.865504
58.150000  1.476805  0.869546
58.200000  1.486206  0.873796
58.250000  1.495584  0.878045
58.300000  1.504445  0.882499
58.350000  1.513284  0.886951
58.400000  1.521552  0.891604
58.450000  1.529799  0.896255
58.500000  1.537423  0.901101
58.550000  1.545026  0.905944
58.600000  1.551955  0.910976
58.650000  1.558863  0.916005
58.700000  1.565049  0.921215
58.750000  1.571214  0.926420
58.800000  1.576610  0.931798
58.850000  1.581986  0.937171
58.900000  1.586549  0.942707
58.950000  1.591094  0.948236
59.000000  1.594786  0.953917
59.050000  1.598460  0.959591
59.100000  1.601245  0.965402
59.150000  1.604015  0.971207
59.200000  1.605863  0.977135
59.250000  1.607699  0.983055
59.300000  1.608588  0.989083
59.350000  1.609466  0.995102
59.400000  1.609376  1.001213
59.450000  1.609278  1.007314
59.500000  1.608199  1.013487
59.550000  1.607114  1.019651
59.600000  1.605041  1.025868
59.650000  1.602965  1.032075
59.700000  1.599899  1.038314
59.750000  1.596834  1.044543
59.800000  1.592786  1.050783
59.850000  1.588742  1.057011
59.900000  1.583729  1.063229
59.950000  1.578722  1.069435
60.000000  1.572767  1.075607
60.050000  1.566821  1.081768
60.100000  1.559955  1.087870
60.150000  1.553102  1.093962
60.200000  1.545362  1.099972
60.250000  1.537638  1.105970
60.300000  1.529068  1.111864
60.350000  1.520515  1.117746
60.400000  1.511164  1.123500
60.450000  1.501833  1.129243
60.500000  1.491754  1.134834
60.550000  1.481697  1.140414
60.600000  1.470949  1.145820
60.650000  1.460224  1.151217
60.700000  1.448868  1.156417
60.750000  1.437537  1.161608
60.800000  1.425636  1.166582
60.850000  1.413762  1.171547
60.900000  1.401384  1.176277
60.950000  1.389032  1.180998
61.000000  1.376242  1.185465
61.050000  1.363480  1.189926
61.100000  1.350346  1.194116
61.150000  1.337240  1.198299
61.200000  1.323829  1.202198
61.250000  1.310445  1.206091
61.300000  1.296822  1.209687
61.350000  1.283226  1.213277
61.400000  1.269454  1.216559
61.450000  1.255708  1.219837
61.500000  1.241848  1.222798
61.550000  1.228014  1.225755
61.600000  1.214125  1.228387
61.650000  1.200261  1.231018
61.700000  1.186397  1.233318
61.750000  1.172557  1.235617
61.800000  1.158770  1.237582
61.850000  1.145005  1.239547
61.900000  1.131342  1.241177
61.950000  1.117699  1.242807
62.000000  1.104203  1.244103
62.050000  1.090726  1.245399
62.100000  1.077437  1.246362
62.150000  1.064165  1.247327
62.200000  1.051117  1.247963
62.250000  1.038085  1.248601
62.300000  1.025310  1.248914
62.350000  1.012549  1.249230
62.400000  1.000074  1.249228
62.450000  0.987612  1.249229
62.500000  0.975460  1.248918
62.550000  0.963320  1.248612
62.600000  0.951511  1.248002
62.650000  0.939712  1.247397
62.700000  0.928263  1.246498
62.750000  0.916822  1.245604
62.800000  0.905745  1.244426
62.850000  0.894676  1.243253
62.900000  0.883982  1.241807
62.950000  0.873294  1.240366
63.000000  0.862991  1.238664
63.050000  0.852693  1.236967
63.100000  0.842785  1.235020
63.150000  0.832881  1.233078
63.200000  0.823372  1.230898
63.250000  0.813867  1.228724
63.300000  0.804757  1.226324
63.350000  0.795650  1.223930
63.400000  0.786940  1.221322
63.450000  0.778232  1.218720
63.500000  0.769919  1.215916
63.550000  0.761607  1.213119
63.600000  0.753688  1.210132
63.650000  0.745769  1.207152
63.700000  0.738239  1.203994
63.750000  0.730709  1.200843
63.800000  0.723563  1.197527
63.850000  0.716417  1.194217
63.900000  0.709649  1.190754
63.950000  0.702881  1.187296
64.000000  0.696484  1.183698
64.050000  0.690087  1.180106
64.100000  0.684055  1.176384
64.150000  0.678023  1.172667
64.200000  0.672348  1.168832
64.250000  0.666673  1.165003
64.300000  0.661348  1.161066
64.350000  0.656022  1.157134
64.400000  0.651040  1.153105
64.450000  0.646056  1.149081
64.500000  0.641408  1.144971
64.550000  0.636759  1.140865
64.600000  0.632438  1.136683
64.650000  0.628116  1.132505
64.700000  0.624116  1.128260
64.750000  0.620113  1.124019
64.800000  0.616425  1.119720
64.850000  0.612735  1.115425
64.900000  0.609353  1.111080
64.950000  0.605968  1.106740
65.000000  0.602884  1.102359
65.050000  0.599799  1.097981
65.100000  0.597008  1.093570
65.150000  0.594215  1.089163
65.200000  0.591709  1.084731
65.250000  0.589203  1.080302
65.300000  0.586978  1.075855
65.350000  0.584752  1.071412
65.400000  0.582802  1.066957
65.450000  0.580851  1.062506
65.500000  0.579172  1.058050
65.550000  0.577490  1.053598
65.600000  0.576076  1.049147
65.650000  0.574661  1.044700
65.700000  0.573508  1.040260
65.750000  0.572353  1.035823
65.800000  0.571457  1.031401
65.850000  0.570560  1.026981
65.900000  0.569918  1.022580
65.950000  0.569274  1.018182
66.000000  0.568883  1.013809
66.050000  0.568490  1.009438
66.100000  0.568346  1.005097
66.150000  0.568201  1.000759
66.200000  0.568303  0.996455
66.250000  0.568404  0.992153
66.300000  0.568749  0.987891
66.350000  0.569093  0.983630
66.400000  0.569681  0.979414
66.450000  0.570267  0.975199
66.500000  0.571095  0.971032
66.550000  0.571922  0.966867
66.600000  0.572990  0.962754
66.650000  0.574057  0.958643
66.700000  0.575364  0.954588
66.750000  0.576670  0.950534
66.800000  0.578217  0.946540
66.850000  0.579762  0.942548
66.900000  0.581547  0.938618
66.950000  0.583332  0.934690
67.000000  0.585357  0.930829
67.050000  0.587382  0.926969
67.100000  0.589647  0.923179
67.150000  0.591912  0.919391
67.200000  0.594418  0.915675
67.250000  0.596924  0.911962
67.300000  0.599673  0.908324
67.350000  0.602422  0.904687
67.400000  0.605415  0.901130
67.450000  0.608408  0.897574
67.500000  0.611647  0.894100
67.550000  0.614886  0.890628
67.600000  0.618372  0.887240
67.650000  0.621858  0.883854
67.700000  0.625595  0.880556
67.750000  0.629331  0.877259
67.800000  0.633319  0.874052
67.850000  0.637307  0.870848
67.900000  0.641550  0.867735
67.950000  0.645793  0.864625
68.000000  0.650293  0.861610
68.050000  0.654792  0.858597
68.100000  0.659551  0.855682
68.150000  0.664311  0.852769
68.200000  0.669332  0.849957
68.250000  0.674354  0.847147
68.300000  0.679640  0.844440
68.350000  0.684926  0.841735
68.400000  0.690480  0.839136
68.450000  0.696034  0.836538
68.500000  0.701857  0.834050
68.550000  0.707681  0.831563
68.600000  0.713777  0.829188
68.650000  0.719873  0.826815
68.700000  0.726244  0.824556
68.750000  0.732615  0.822299
68.800000  0.739263  0.820159
68.850000  0.745911  0.818020
68.900000  0.752837  0.816002
68.950000  0.759763  0.813985
69.000000  0.766970  0.812091
69.050000  0.774176  0.810198
69.100000  0.781664  0.808431
69.150000  0.789151  0.806666
69.200000  0.796921  0.805030
69.250000  0.804690  0.803395
69.300000  0.812741  0.801892
69.350000  0.820792  0.800390
69.400000  0.829125  0.799023
69.450000  0.837457  0.797657
69.500000  0.846071  0.796430
69.550000  0.854682  0.795204
69.600000  0.863574  0.794119
69.650000  0.872464  0.793035
69.700000  0.881631  0.792096
69.750000  0.890796  0.791158
69.800000  0.900235  0.790368
69.850000  0.909671  0.789579
69.900000  0.919376  0.788941
69.950000  0.929078  0.788305
70.000000  0.939044  0.787823
70.050000  0.949006  0.787343
70.100000  0.959225  0.787020
70.150000  0.969440  0.786699
70.200000  0.979904  0.786539
70.250000  0.990362  0.786381
70.300000  1.001060  0.786388
70.350000  1.011752  0.786396
70.400000  1.022671  0.786573
70.450000  1.033584  0.786751
70.500000  1.044712  0.787101
70.550000  1.055833  0.787453
70.600000  1.067153  0.787980
70.650000  1.078466  0.788510
70.700000  1.089962  0.789218
70.750000  1.101449  0.789928
70.800000  1.113100  0.790821
70.850000  1.124742  0.791715
70.900000  1.136527  0.792796
70.950000  1.148302  0.793878
71.000000  1.160196  0.795150
71.050000  1.172079  0.796424
71.100000  1.184057  0.797891
71.150000  1.196022  0.799360
71.200000  1.208054  0.801025
71.250000  1.220072  0.802692
71.300000  1.232127  0.804558
71.350000  1.244167  0.806426
71.400000  1.256211  0.808496
71.450000  1.268239  0.810568
71.500000  1.280235  0.812845
71.550000  1.292215  0.815123
71.600000  1.304125  0.817609
71.650000  1.316018  0.820095
71.700000  1.327801  0.822792
71.750000  1.339566  0.825489
71.800000  1.351178  0.828398
71.850000  1.362771  0.831307
71.900000  1.374167  0.834430
71.950000  1.385543  0.837552
72.000000  1.396675  0.840888
72.050000  1.407786  0.844223
72.100000  1.418605  0.847773
72.150000  1.429402  0.851322
72.200000  1.439857  0.855084
72.250000  1.450290  0.858845
72.300000  1.460328  0.862819
72.350000  1.470345  0.866791
72.400000  1.479915  0.870973
72.450000  1.489462  0.875153
72.500000  1.498510  0.879540
72.550000  1.507536  0.883924
72.600000  1.516009  0.888512
72.650000  1.524460  0.893097
72.700000  1.532306  0.897880
72.750000  1.540130  0.902660
72.800000  1.547298  0.907631
72.850000  1.554444  0.912599
72.900000  1.560884  0.917751
72.950000  1.567303  0.922898
73.000000  1.572968  0.928222
73.050000  1.578613  0.933541
73.100000  1.583459  0.939025
73.150000  1.588287  0.944504
73.200000  1.592274  0.950138
73.250000  1.596243  0.955766
73.300000  1.599334  0.961536
73.350000  1.602410  0.967298
73.400000  1.604575  0.973190
73.450000  1.606726  0.979073
73.500000  1.607937  0.985070
73.550000  1.609137  0.991059
73.600000  1.609376  0.997144
73.650000  1.609605  1.003220
73.700000  1.608857  1.009376
73.750000  1.608103  1.015521
73.800000  1.606361  1.021726
73.850000  1.604616  1.027922
73.900000  1.601881  1.034156
73.950000  1.599145  1.040381
74.000000  1.595424  1.046623
74.050000  1.591704  1.052855
74.100000  1.587011  1.059083
74.150000  1.582322  1.065300
74.200000  1.576678  1.071490
74.250000  1.571042  1.077669
74.300000  1.564476  1.083797
74.350000  1.557921  1.089915
74.400000  1.550468  1.095959
74.450000  1.543029  1.101992
74.500000  1.534730  1.107928
74.550000  1.526448  1.113852
74.600000  1.517351  1.119655
74.650000  1.508273  1.125448
74.700000  1.498430  1.131096
74.750000  1.488608  1.136734
74.800000  1.478076  1.142204
74.850000  1.467567  1.147665
74.900000  1.456405  1.152936
74.950000  1.445268  1.158199
75.000000  1.433541  1.163251
75.050000  1.421840  1.168294
75.100000  1.409613  1.173107
75.150000  1.397412  1.177913
75.200000  1.384751  1.182470
75.250000  1.372117  1.187019
75.300000  1.359090  1.191304
75.350000  1.346090  1.195582
75.400000  1.332763  1.199579
75.450000  1.319463  1.203571
75.500000  1.305902  1.207269
75.550000  1.292369  1.210962
75.600000  1.278638  1.214350
75.650000  1.264934  1.217734
75.700000  1.251096  1.220803
75.750000  1.237284  1.223868
75.800000  1.223397  1.226611
75.850000  1.209536  1.229351
75.900000  1.195657  1.231763
75.950000  1.181801  1.234173
76.000000  1.167982  1.236250
76.050000  1.154185  1.238327
76.100000  1.140475  1.240069
76.150000  1.126785  1.241811
76.200000  1.113228  1.243218
76.250000  1.099690  1.244625
76.300000  1.086327  1.245699
76.350000  1.072981  1.246775
76.400000  1.059848  1.247519
76.450000  1.046732  1.248266
76.500000  1.033861  1.248686
76.550000  1.021006  1.249108
76.600000  1.008427  1.249210
76.650000  0.995862  1.249316
76.700000  0.983599  1.249107
76.750000  0.971348  1.248902
76.800000  0.959422  1.248391
76.850000  0.947506  1.247885
76.900000  0.935935  1.247081
76.950000  0.924372  1.246282
77.000000  0.913169  1.245196
77.050000  0.901974  1.244115
77.100000  0.891150  1.242757
77.150000  0.880334  1.241404
77.200000  0.869899  1.239786
77.250000  0.859469  1.238173
77.300000  0.849429  1.236306
77.350000  0.839392  1.234444
77.400000  0.829749  1.232341
77.450000  0.820110  1.230243
77.500000  0.810867  1.227915
77.550000  0.801627  1.225592
77.600000  0.792783  1.223052
77.650000  0.783941  1.220518
77.700000  0.775496  1.217778
77.750000  0.767051  1.215044
77.800000  0.759001  1.212117
77.850000  0.750951  1.209196
77.900000  0.743291  1.206094
77.950000  0.735632  1.202998
78.000000  0.728358  1.199733
78.050000  0.721084  1.196474
78.100000  0.714191  1.193059
78.150000  0.707296  1.189649
78.200000  0.700777  1.186095
78.250000  0.694256  1.182546
78.300000  0.688103  1.178864
78.350000  0.681950  1.175187
78.400000  0.676156  1.171388
78.450000  0.670362  1.167595
78.500000  0.664922  1.163691
78.550000  0.659479  1.159791
78.600000  0.654384  1.155792
78.650000  0.649286  1.151797
78.700000  0.644528  1.147713
78.750000  0.639767  1.143633
78.800000  0.635338  1.139473
78.850000  0.630908  1.135318
78.900000  0.626801  1.131093
78.950000  0.622693  1.126872
79.000000  0.618901  1.122589
79.050000  0.615107  1.118311
79.100000  0.611624  1.113981
79.150000  0.608138  1.109654
79.200000  0.604955  1.105284
79.250000  0.601770  1.100918
79.300000  0.598882  1.096516
79.350000  0.595992  1.092117
79.400000  0.593392  1.087691
79.450000  0.590790  1.083269
79.500000  0.588473  1.078825
79.550000  0.586153  1.074386
79.600000  0.584112  1.069933
79.650000  0.582070  1.065483
79.700000  0.580301  1.061027
79.750000  0.578530  1.056574
79.800000  0.577028  1.052121
79.850000  0.575524  1.047670
79.900000  0.574284  1.043226
79.950000  0.573043  1.038785
80.000000  0.572062  1.034356
80.050000  0.571079  1.029930
80.100000  0.570353  1.025521
80.150000  0.569625  1.021115
80.200000  0.569150  1.016732
80.250000  0.568674  1.012351
80.300000  0.568447  1.007999
80.350000  0.568220  1.003649
80.400000  0.568240  0.999331
80.450000  0.568259  0.995017
80.500000  0.568523  0.990740
80.550000  0.568787  0.986465
80.600000  0.569293  0.982232
80.650000  0.569799  0.978002
80.700000  0.570547  0.973817
80.750000  0.571294  0.969635
80.800000  0.572281  0.965504
80.850000  0.573268  0.961374
80.900000  0.574496  0.957299
80.950000  0.575722  0.953225
81.000000  0.577189  0.949210
81.050000  0.578654  0.945197
81.100000  0.580360  0.941245
81.150000  0.582065  0.937295
81.200000  0.584010  0.933410
81.250000  0.585954  0.929527
81.300000  0.588139  0.925713
81.350000  0.590324  0.921900
81.400000  0.592749  0.918159
81.450000  0.595175  0.914420
81.500000  0.597843  0.910756
81.550000  0.600511  0.907093
81.600000  0.603422  0.903508
81.650000  0.606333  0.899925
81.700000  0.609490  0.896423
81.750000  0.612646  0.892922
81.800000  0.616050  0.889505
81.850000  0.619454  0.886090
81.900000  0.623106  0.882761
81.950000  0.626759  0.879434
82.000000  0.630663  0.876197
82.050000  0.634567  0.872960
82.100000  0.638724  0.869816
82.150000  0.642882  0.866674
82.200000  0.647296  0.863626
82.250000  0.651709  0.860580
82.300000  0.656382  0.857632
82.350000  0.661054  0.854685
82.400000  0.665988  0.851838
82.450000  0.670922  0.848993
82.500000  0.676119  0.846250
82.550000  0.681317  0.843509
82.600000  0.686781  0.840874
82.650000  0.692245  0.838240
82.700000  0.697979  0.835714
82.750000  0.703712  0.833190
82.800000  0.709718  0.830777
82.850000  0.715723  0.828366
82.900000  0.722002  0.826067
82.950000  0.728281  0.823771
83.000000  0.734836  0.821591
83.050000  0.741391  0.819412
83.100000  0.748225  0.817353
83.150000  0.755058  0.815295
83.200000  0.762171  0.813359
83.250000  0.769284  0.811424
83.300000  0.776678  0.809614
83.350000  0.784071  0.807806
83.400000  0.791747  0.806126
83.450000  0.799422  0.804447
83.500000  0.807380  0.802899
83.550000  0.815337  0.801352
83.600000  0.823577  0.799939
83.650000  0.831815  0.798528
83.700000  0.840336  0.797253
83.750000  0.848854  0.795980
83.800000  0.857654  0.794847
83.850000  0.866451  0.793716
83.900000  0.875527  0.792727
83.950000  0.884601  0.791740
84.000000  0.893950  0.790900
84.050000  0.903296  0.790061
84.100000  0.912914  0.789372
84.150000  0.922528  0.788684
84.200000  0.932408  0.788150
84.250000  0.942285  0.787617
84.300000  0.952421  0.787240
84.350000  0.962553  0.786866
84.400000  0.972936  0.786651
84.450000  0.983315  0.786438
84.500000  0.993936  0.786389
84.550000  1.004552  0.786341
84.600000  1.015399  0.786460
84.650000  1.026240  0.786581
84.700000  1.037301  0.786873
84.750000  1.048355  0.787167
84.800000  1.059613  0.787634
84.850000  1.070865  0.788104
84.900000  1.082305  0.788751
84.950000  1.093736  0.789401
85.000000  1.105339  0.790231
85.050000  1.116932  0.791064
85.100000  1.128675  0.792081
85.150000  1.140409  0.793100
85.200000  1.152270  0.794308
85.250000  1.164121  0.795518
85.300000  1.176075  0.796920
85.350000  1.188017  0.798323
85.400000  1.200034  0.799922
85.450000  1.212039  0.801522
85.500000  1.224091  0.803321
85.550000  1.236128  0.805121
85.600000  1.248180  0.807123
85.650000  1.260217  0.809126
85.700000  1.272234  0.811334
85.750000  1.284236  0.813543
85.800000  1.296180  0.815959
85.850000  1.308107  0.818375
85.900000  1.319938  0.821002
85.950000  1.331752  0.823628
86.000000  1.343427  0.826466
86.050000  1.355083  0.829305
86.100000  1.366557  0.832356
86.150000  1.378012  0.835407
86.200000  1.389238  0.838672
86.250000  1.400445  0.841936
86.300000  1.411374  0.845415
86.350000  1.422283  0.848893
86.400000  1.432866  0.852584
86.450000  1.443428  0.856275
86.500000  1.453612  0.860178
86.550000  1.463774  0.864080
86.600000  1.473508  0.868193
86.650000  1.483218  0.872304
86.700000  1.492448  0.876623
86.750000  1.501654  0.880940
86.800000  1.510326  0.885462
86.850000  1.518976  0.889980
86.900000  1.527038  0.894699
86.950000  1.535078  0.899415
87.000000  1.542479  0.904324
87.050000  1.549858  0.909230
87.100000  1.556547  0.914323
87.150000  1.563215  0.919412
87.200000  1.569144  0.924680
87.250000  1.575054  0.929943
87.300000  1.580179  0.935375
87.350000  1.585285  0.940802
87.400000  1.589563  0.946388
87.450000  1.593824  0.951967
87.500000  1.597219  0.957694
87.550000  1.600598  0.963413
87.600000  1.603075  0.969266
87.650000  1.605538  0.975112
87.700000  1.607071  0.981076
87.750000  1.608591  0.987032
87.800000  1.609157  0.993090
87.850000  1.609713  0.999139
87.900000  1.609295  1.005274
87.950000  1.608871  1.011399
88.000000  1.607462  1.017590
88.050000  1.606048  1.023771
88.100000  1.603644  1.029999
88.150000  1.601238  1.036216
88.200000  1.597845  1.042459
88.250000  1.594453  1.048691
88.300000  1.590081  1.054927
88.350000  1.585714  1.061152
88.400000  1.580384  1.067358
88.450000  1.575062  1.073552
88.500000  1.568799  1.079705
88.550000  1.562547  1.085846
88.600000  1.555385  1.091922
88.650000  1.548237  1.097986
88.700000  1.540215  1.103961
88.750000  1.532209  1.109925
88.800000  1.523372  1.115775
88.850000  1.514554  1.121615
88.900000  1.504953  1.127318
88.950000  1.495372  1.133010
89.000000  1.485063  1.138543
89.050000  1.474776  1.144066
89.100000  1.463816  1.149406
89.150000  1.452881  1.154737
89.200000  1.441335  1.159866
89.250000  1.429814  1.164984
89.300000  1.417745  1.169880
89.350000  1.405703  1.174767
89.400000  1.393178  1.179412
89.450000  1.380680  1.184049
89.500000  1.367767  1.188427
89.550000  1.354881  1.192798
89.600000  1.341645  1.196893
89.650000  1.328437  1.200982
89.700000  1.314946  1.204782
89.750000  1.301482  1.208576
89.800000  1.287800  1.212069
89.850000  1.274145  1.215558
89.900000  1.260335  1.218734
89.950000  1.246551  1.221907
90.000000  1.232673  1.224759
90.050000  1.218820  1.227609
90.100000  1.204932  1.230132
90.150000  1.191067  1.232653
90.200000  1.177221  1.234842
90.250000  1.163398  1.237031
90.300000  1.149645  1.238885
90.350000  1.135913  1.240739
90.400000  1.122299  1.242257
90.450000  1.108705  1.243777
90.500000  1.095271  1.244962
90.550000  1.081856  1.246148
90.600000  1.068642  1.247002
90.650000  1.055444  1.247858
90.700000  1.042482  1.248385
90.750000  1.029535  1.248916
90.800000  1.016855  1.249123
90.850000  1.004189  1.249334
90.900000  0.991817  1.249228
90.950000  0.979458  1.249126
91.000000  0.967416  1.248715
91.050000  0.955386  1.248308
91.100000  0.943694  1.247601
91.150000  0.932011  1.246898
91.200000  0.920682  1.245905
91.250000  0.909362  1.244917
91.300000  0.898411  1.243648
91.350000  0.887466  1.242385
91.400000  0.876900  1.240852
91.450000  0.866339  1.239325
91.500000  0.856166  1.237539
91.550000  0.845997  1.235759
91.600000  0.836221  1.233733
91.650000  0.826448  1.231712
91.700000  0.817071  1.229458
91.750000  0.807697  1.227209
91.800000  0.798719  1.224738
91.850000  0.789744  1.222273
91.900000  0.781166  1.219598
91.950000  0.772588  1.216929
92.000000  0.764406  1.214063
92.050000  0.756224  1.211203
92.100000  0.748434  1.208158
92.150000  0.740645  1.205119
92.200000  0.733242  1.201907
92.250000  0.725840  1.198701
92.300000  0.718820  1.195334
92.350000  0.711799  1.191973
92.400000  0.705155  1.188464
92.450000  0.698510  1.184959
92.500000  0.692235  1.181319
92.550000  0.685960  1.177683
92.600000  0.680047  1.173922
92.650000  0.674133  1.170166
92.700000  0.668576  1.166295
92.750000  0.663017  1.162430
92.800000  0.657806  1.158461
92.850000  0.652594  1.154497
92.900000  0.647724  1.150439
92.950000  0.642852  1.146387
93.000000  0.638313  1.142251
93.050000  0.633773  1.138119
93.100000  0.629560  1.133915
93.150000  0.625344  1.129714
93.200000  0.621448  1.125450
93.250000  0.617550  1.121189
93.300000  0.613964  1.116874
93.350000  0.610376  1.112562
93.400000  0.607094  1.108204
93.450000  0.603809  1.103850
93.500000  0.600823  1.099457
93.550000  0.597835  1.095068
93.600000  0.595140  1.090649
93.650000  0.592442  1.086234
93.700000  0.590031  1.081795
93.750000  0.587618  1.077360
93.800000  0.585485  1.072910
93.850000  0.583351  1.068462
93.900000  0.581491  1.064006
93.950000  0.579630  1.059553
94.000000  0.578039  1.055098
94.050000  0.576447  1.050646
94.100000  0.575120  1.046198
94.150000  0.573791  1.041753
94.200000  0.572724  1.037318
94.250000  0.571655  1.032886
94.300000  0.570844  1.028469
94.350000  0.570032  1.024055
94.400000  0.569473  1.019663
94.450000  0.568913  1.015273
94.500000  0.568604  1.010910
94.550000  0.568294  1.006549
94.600000  0.568232  1.002219
94.650000  0.568169  0.997892
94.700000  0.568352  0.993600
94.750000  0.568534  0.989312
94.800000  0.568959  0.985063
94.850000  0.569384  0.980817
94.900000  0.570052  0.976616
94.950000  0.570718  0.972417
95.000000  0.571626  0.968267
95.050000  0.572533  0.964120
95.100000  0.573680  0.960025
95.150000  0.574827  0.955932
95.200000  0.576213  0.951896
95.250000  0.577599  0.947862
95.300000  0.579225  0.943889
95.350000  0.580850  0.939917
95.400000  0.582715  0.936009
95.450000  0.584579  0.932103
95.500000  0.586684  0.928265
95.550000  0.588788  0.924428
95.600000  0.591133  0.920662
95.650000  0.593478  0.916898
95.700000  0.596065  0.913207
95.750000  0.598652  0.909519
95.800000  0.601482  0.905907
95.850000  0.604312  0.902297
95.900000  0.607386  0.898766
95.950000  0.610461  0.895237
96.000000  0.613782  0.891792
96.050000  0.617102  0.888347
96.100000  0.620672  0.884989
96.150000  0.624241  0.881632
96.200000  0.628061  0.878363
96.250000  0.631880  0.875096
96.300000  0.635953  0.871920
96.350000  0.640026  0.868746
96.400000  0.644354  0.865666
96.450000  0.648682  0.862587
96.500000  0.653267  0.859605
96.550000  0.657853  0.856624
96.600000  0.662699  0.853743
96.650000  0.667546  0.850863
96.700000  0.672655  0.848086
96.750000  0.677764  0.845309
96.800000  0.683139  0.842638
96.850000  0.688514  0.839968
96.900000  0.694158  0.837405
96.950000  0.699801  0.834844
97.000000  0.705715  0.832393
97.050000  0.711630  0.829943
97.100000  0.717817  0.827606
97.150000  0.724005  0.825271
97.200000  0.730468  0.823051
97.250000  0.736930  0.820832
97.300000  0.743671  0.818732
97.350000  0.750411  0.816633
97.400000  0.757431  0.814655
97.450000  0.764450  0.812679
97.500000  0.771751  0.810827
97.550000  0.779051  0.808976
97.600000  0.786633  0.807252
97.650000  0.794214  0.805530
97.700000  0.802078  0.803937
97.750000  0.809941  0.802346
97.800000  0.818087  0.800887
97.850000  0.826231  0.799430
97.900000  0.834658  0.798109
97.950000  0.843084  0.796789
98.000000  0.851791  0.795608
98.050000  0.860496  0.794429
98.100000  0.869480  0.793391
98.150000  0.878462  0.792356
98.200000  0.887721  0.791465
98.250000  0.896977  0.790577
98.300000  0.906506  0.789836
98.350000  0.916031  0.789098
98.400000  0.925825  0.788511
98.450000  0.935615  0.787926
98.500000  0.945667  0.787497
98.550000  0.955715  0.787069
98.600000  0.966017  0.786800
98.650000  0.976315  0.786532
98.700000  0.986858  0.786427
98.750000  0.997396  0.786324
98.800000  1.008170  0.786386
98.850000  1.018938  0.786450
98.900000  1.029929  0.786684
98.950000  1.040914  0.786919
99.000000  1.052109  0.787328
99.050000  1.063297  0.787738
99.100000  1.074679  0.788325
99.150000  1.086053  0.788914
99.200000  1.097604  0.789683
99.250000  1.109146  0.790454
99.300000  1.120846  0.791408
99.350000  1.132536  0.792365
99.400000  1.144361  0.793509
99.450000  1.156176  0.794654
99.500000  1.168103  0.795991
99.550000  1.180018  0.797329
99.600000  1.192019  0.798861
99.650000  1.204007  0.800395
99.700000  1.216051  0.802127
99.750000  1.228082  0.803860
99.800000  1.240139  0.805794
99.850000  1.252181  0.807729
99.900000  1.264214  0.809868
99.950000  1.276233  0.812008
100.000000  1.288207  0.814354
