   t     nR      nF
0.000000  1.161123  1.200000
0.050000  1.149512  1.203867
0.100000  1.137689  1.207200
0.150000  1.125902  1.210524
0.200000  1.113986  1.213296
0.250000  1.102105  1.216062
0.300000  1.090173  1.218263
0.350000  1.078276  1.220460
0.400000  1.066402  1.222084
0.450000  1.054560  1.223707
0.500000  1.042811  1.224755
0.550000  1.031092  1.225803
0.600000  1.019528  1.226279
0.650000  1.007993  1.226758
0.700000  0.996671  1.226671
0.750000  0.985375  1.226590
0.800000  0.974343  1.225954
0.850000  0.963336  1.225325
0.900000  0.952637  1.224157
0.950000  0.941960  1.222997
1.000000  0.931632  1.221317
1.050000  0.921322  1.219647
1.100000  0.911395  1.217479
1.150000  0.901485  1.215322
1.200000  0.891984  1.212690
1.250000  0.882498  1.210070
1.300000  0.873446  1.207003
1.350000  0.864405  1.203948
1.400000  0.855816  1.200473
1.450000  0.847238  1.197011
1.500000  0.839125  1.193158
1.550000  0.831020  1.189319
1.600000  0.823392  1.185119
1.650000  0.815771  1.180933
1.700000  0.808632  1.176417
1.750000  0.801499  1.171914
1.800000  0.794853  1.167112
1.850000  0.788211  1.162323
1.900000  0.782058  1.157265
1.950000  0.775909  1.152221
2.000000  0.770247  1.146937
2.050000  0.764589  1.141667
2.100000  0.759416  1.136187
2.150000  0.754245  1.130720
2.200000  0.749556  1.125071
2.250000  0.744869  1.119436
2.300000  0.740660  1.113647
2.350000  0.736451  1.107871
2.400000  0.732716  1.101968
2.450000  0.728980  1.096077
2.500000  0.725712  1.090086
2.550000  0.722443  1.084106
2.600000  0.719636  1.078050
2.650000  0.716827  1.072005
2.700000  0.714474  1.065907
2.750000  0.712120  1.059820
2.800000  0.710214  1.053703
2.850000  0.708307  1.047596
2.900000  0.706843  1.041480
2.950000  0.705377  1.035374
3.000000  0.704348  1.029278
3.050000  0.703317  1.023192
3.100000  0.702717  1.017136
3.150000  0.702115  1.011088
3.200000  0.701938  1.005088
3.250000  0.701759  0.999097
3.300000  0.702001  0.993169
3.350000  0.702241  0.987250
3.400000  0.702897  0.981411
3.450000  0.703550  0.975579
3.500000  0.704615  0.969843
3.550000  0.705677  0.964113
3.600000  0.707147  0.958492
3.650000  0.708615  0.952878
3.700000  0.710487  0.947386
3.750000  0.712356  0.941900
3.800000  0.714625  0.936549
3.850000  0.716892  0.931203
3.900000  0.719557  0.926003
3.950000  0.722219  0.920810
4.000000  0.725277  0.915772
4.050000  0.728331  0.910740
4.100000  0.731778  0.905875
4.150000  0.735221  0.901016
4.200000  0.739055  0.896333
4.250000  0.742886  0.891655
4.300000  0.747104  0.887162
4.350000  0.751319  0.882675
4.400000  0.755919  0.878382
4.450000  0.760515  0.874094
4.500000  0.765494  0.870009
4.550000  0.770469  0.865928
4.600000  0.775824  0.862059
4.650000  0.781175  0.858193
4.700000  0.786901  0.854547
4.750000  0.792624  0.850905
4.800000  0.798719  0.847488
4.850000  0.804810  0.844077
4.900000  0.811268  0.840898
4.950000  0.817722  0.837724
5.000000  0.824538  0.834790
5.050000  0.831349  0.831861
5.100000  0.838516  0.829179
5.150000  0.845678  0.826501
5.200000  0.853188  0.824077
5.250000  0.860693  0.821657
5.300000  0.868538  0.819498
5.350000  0.876377  0.817343
5.400000  0.884546  0.815456
5.450000  0.892708  0.813573
5.500000  0.901188  0.811965
5.550000  0.909661  0.810360
5.600000  0.918439  0.809037
5.650000  0.927208  0.807717
5.700000  0.936268  0.806685
5.750000  0.945317  0.805656
5.800000  0.954639  0.804923
5.850000  0.963951  0.804192
5.900000  0.973514  0.803763
5.950000  0.983066  0.803337
6.000000  0.992847  0.803219
6.050000  1.002616  0.803104
6.100000  1.012589  0.803303
6.150000  1.022547  0.803505
6.200000  1.032681  0.804027
6.250000  1.042800  0.804553
6.300000  1.053062  0.805405
6.350000  1.063308  0.806260
6.400000  1.073663  0.807447
6.450000  1.084000  0.808636
6.500000  1.094407  0.810164
6.550000  1.104795  0.811693
6.600000  1.115211  0.813566
6.650000  1.125606  0.815441
6.700000  1.135985  0.817663
6.750000  1.146342  0.819887
6.800000  1.156632  0.822462
6.850000  1.166899  0.825039
6.900000  1.177048  0.827970
6.950000  1.187173  0.830902
7.000000  1.197123  0.834191
7.050000  1.207048  0.837480
7.100000  1.216740  0.841127
7.150000  1.226405  0.844773
7.200000  1.235777  0.848778
7.250000  1.245121  0.852780
7.300000  1.254108  0.857139
7.350000  1.263066  0.861495
7.400000  1.271602  0.866204
7.450000  1.280109  0.870909
7.500000  1.288127  0.875962
7.550000  1.296116  0.881010
7.600000  1.303549  0.886397
7.650000  1.310954  0.891779
7.700000  1.317737  0.897489
7.750000  1.324491  0.903193
7.800000  1.330559  0.909213
7.850000  1.336599  0.915223
7.900000  1.341890  0.921535
7.950000  1.347155  0.927836
8.000000  1.351612  0.934419
8.050000  1.356044  0.940990
8.100000  1.359613  0.947820
8.150000  1.363161  0.954637
8.200000  1.365797  0.961688
8.250000  1.368413  0.968724
8.300000  1.370077  0.975964
8.350000  1.371724  0.983187
8.400000  1.372383  0.990583
8.450000  1.373030  0.997960
8.500000  1.372663  1.005473
8.550000  1.372288  1.012967
8.600000  1.370884  1.020558
8.650000  1.369475  1.028128
8.700000  1.367032  1.035753
8.750000  1.364588  1.043356
8.800000  1.361116  1.050968
8.850000  1.357647  1.058559
8.900000  1.353165  1.066112
8.950000  1.348692  1.073642
9.000000  1.343233  1.081087
9.050000  1.337787  1.088508
9.100000  1.331393  1.095794
9.150000  1.325016  1.103057
9.200000  1.317738  1.110135
9.250000  1.310481  1.117189
9.300000  1.302380  1.124009
9.350000  1.294305  1.130807
9.400000  1.285450  1.137321
9.450000  1.276624  1.143814
9.500000  1.267090  1.149978
9.550000  1.257588  1.156121
9.600000  1.247456  1.161890
9.650000  1.237359  1.167640
9.700000  1.226713  1.172976
9.750000  1.216104  1.178294
9.800000  1.205031  1.183161
9.850000  1.193995  1.188013
9.900000  1.182582  1.192380
9.950000  1.171207  1.196734
10.000000  1.159541  1.200575
10.050000  1.147912  1.204406
10.100000  1.136077  1.207701
10.150000  1.124278  1.210988
10.200000  1.112356  1.213721
10.250000  1.100469  1.216449
10.300000  1.088536  1.218610
10.350000  1.076638  1.220768
10.400000  1.064768  1.222352
10.450000  1.052930  1.223936
10.500000  1.041189  1.224943
10.550000  1.029478  1.225953
10.600000  1.017927  1.226389
10.650000  1.006405  1.226829
10.700000  0.995099  1.226703
10.750000  0.983820  1.226583
10.800000  0.972808  1.225909
10.850000  0.961819  1.225243
10.900000  0.951143  1.224038
10.950000  0.940489  1.222842
11.000000  0.930185  1.221127
11.050000  0.919901  1.219422
11.100000  0.910001  1.217220
11.150000  0.900117  1.215029
11.200000  0.890645  1.212366
11.250000  0.881188  1.209714
11.300000  0.872166  1.206617
11.350000  0.863155  1.203532
11.400000  0.854598  1.200029
11.450000  0.846050  1.196539
11.500000  0.837969  1.192661
11.550000  0.829897  1.188796
11.600000  0.822301  1.184572
11.650000  0.814713  1.180362
11.700000  0.807607  1.175824
11.750000  0.800507  1.171299
11.800000  0.793894  1.166477
11.850000  0.787286  1.161669
11.900000  0.781166  1.156593
11.950000  0.775050  1.151531
12.000000  0.769422  1.146231
12.050000  0.763796  1.140946
12.100000  0.758657  1.135452
12.150000  0.753519  1.129971
12.200000  0.748863  1.124311
12.250000  0.744209  1.118664
12.300000  0.740032  1.112865
12.350000  0.735856  1.107079
12.400000  0.732153  1.101168
12.450000  0.728449  1.095269
12.500000  0.725213  1.089271
12.550000  0.721976  1.083285
12.600000  0.719200  1.077224
12.650000  0.716423  1.071174
12.700000  0.714101  1.065074
12.750000  0.711777  1.058983
12.800000  0.709902  1.052865
12.850000  0.708026  1.046756
12.900000  0.706592  1.040640
12.950000  0.705156  1.034533
13.000000  0.704157  1.028439
13.050000  0.703156  1.022353
13.100000  0.702585  1.016299
13.150000  0.702012  1.010254
13.200000  0.701865  1.004258
13.250000  0.701716  0.998270
13.300000  0.701987  0.992347
13.350000  0.702255  0.986432
13.400000  0.702939  0.980599
13.450000  0.703621  0.974773
13.500000  0.704714  0.969043
13.550000  0.705805  0.963320
13.600000  0.707303  0.957707
13.650000  0.708799  0.952100
13.700000  0.710698  0.946616
13.750000  0.712595  0.941139
13.800000  0.714893  0.935797
13.850000  0.717188  0.930461
13.900000  0.719880  0.925271
13.950000  0.722570  0.920087
14.000000  0.725654  0.915061
14.050000  0.728736  0.910040
14.100000  0.732210  0.905186
14.150000  0.735681  0.900338
14.200000  0.739542  0.895667
14.250000  0.743400  0.891002
14.300000  0.747645  0.886522
14.350000  0.751887  0.882048
14.400000  0.756514  0.877768
14.450000  0.761137  0.873494
14.500000  0.766143  0.869422
14.550000  0.771145  0.865356
14.600000  0.776526  0.861501
14.650000  0.781903  0.857650
14.700000  0.787656  0.854019
14.750000  0.793405  0.850392
14.800000  0.799526  0.846991
14.850000  0.805643  0.843595
14.900000  0.812127  0.840433
14.950000  0.818606  0.837275
15.000000  0.825447  0.834358
15.050000  0.832284  0.831445
15.100000  0.839476  0.828780
15.150000  0.846663  0.826119
15.200000  0.854198  0.823713
15.250000  0.861727  0.821311
15.300000  0.869596  0.819170
15.350000  0.877458  0.817034
15.400000  0.885650  0.815165
15.450000  0.893835  0.813301
15.500000  0.902338  0.811712
15.550000  0.910833  0.810126
15.600000  0.919633  0.808822
15.650000  0.928423  0.807522
15.700000  0.937503  0.806510
15.750000  0.946573  0.805502
15.800000  0.955913  0.804789
15.850000  0.965244  0.804079
15.900000  0.974824  0.803671
15.950000  0.984394  0.803266
16.000000  0.994191  0.803169
16.050000  1.003975  0.803076
16.100000  1.013961  0.803297
16.150000  1.023934  0.803521
16.200000  1.034080  0.804066
16.250000  1.044210  0.804614
16.300000  1.054482  0.805489
16.350000  1.064737  0.806367
16.400000  1.075099  0.807577
16.450000  1.085442  0.808790
16.500000  1.095853  0.810342
16.550000  1.106245  0.811895
16.600000  1.116663  0.813792
16.650000  1.127059  0.815691
16.700000  1.137435  0.817938
16.750000  1.147789  0.820186
16.800000  1.158074  0.822786
16.850000  1.168335  0.825387
16.900000  1.178475  0.828344
16.950000  1.188589  0.831301
17.000000  1.198526  0.834615
17.050000  1.208437  0.837929
17.100000  1.218111  0.841601
17.150000  1.227759  0.845272
17.200000  1.237108  0.849302
17.250000  1.246430  0.853329
17.300000  1.255390  0.857713
17.350000  1.264321  0.862094
17.400000  1.272826  0.866828
17.450000  1.281301  0.871558
17.500000  1.289283  0.876635
17.550000  1.297235  0.881707
17.600000  1.304628  0.887118
17.650000  1.311992  0.892523
17.700000  1.318729  0.898256
17.750000  1.325438  0.903982
17.800000  1.331456  0.910024
17.850000  1.337446  0.916056
17.900000  1.342683  0.922389
17.950000  1.347893  0.928710
18.000000  1.352292  0.935312
18.050000  1.356666  0.941902
18.100000  1.360174  0.948750
18.150000  1.363659  0.955584
18.200000  1.366231  0.962650
18.250000  1.368782  0.969701
18.300000  1.370378  0.976955
18.350000  1.371957  0.984191
18.400000  1.372547  0.991598
18.450000  1.373123  0.998986
18.500000  1.372686  1.006507
18.550000  1.372239  1.014010
18.600000  1.370763  1.021606
18.650000  1.369283  1.029181
18.700000  1.366768  1.036808
18.750000  1.364252  1.044413
18.800000  1.360709  1.052025
18.850000  1.357169  1.059615
18.900000  1.352618  1.067164
18.950000  1.348076  1.074690
19.000000  1.342549  1.082127
19.050000  1.337036  1.089540
19.100000  1.330577  1.096815
19.150000  1.324136  1.104067
19.200000  1.316797  1.111130
19.250000  1.309481  1.118170
19.300000  1.301323  1.124972
19.350000  1.293192  1.131752
19.400000  1.284285  1.138245
19.450000  1.275408  1.144716
19.500000  1.265828  1.150855
19.550000  1.256280  1.156974
19.600000  1.246108  1.162716
19.650000  1.235970  1.168439
19.700000  1.225289  1.173744
19.750000  1.214645  1.179033
19.800000  1.203543  1.183867
19.850000  1.192478  1.188687
19.900000  1.181043  1.193019
19.950000  1.169644  1.197339
20.000000  1.157961  1.201144
20.050000  1.146315  1.204939
20.100000  1.134469  1.208196
20.150000  1.122659  1.211445
20.200000  1.110730  1.214140
20.250000  1.098838  1.216829
20.300000  1.086904  1.218951
20.350000  1.075006  1.221069
20.400000  1.063139  1.222614
20.450000  1.051306  1.224158
20.500000  1.039574  1.225126
20.550000  1.027872  1.226096
20.600000  1.016334  1.226493
20.650000  1.004824  1.226894
20.700000  0.993535  1.226730
20.750000  0.982272  1.226571
20.800000  0.971279  1.225860
20.850000  0.960311  1.225156
20.900000  0.949657  1.223915
20.950000  0.939025  1.222683
21.000000  0.928747  1.220933
21.050000  0.918487  1.219193
21.100000  0.908614  1.216958
21.150000  0.898758  1.214734
21.200000  0.889315  1.212039
21.250000  0.879887  1.209356
21.300000  0.870894  1.206228
21.350000  0.861914  1.203114
21.400000  0.853387  1.199583
21.450000  0.844871  1.196065
21.500000  0.836822  1.192161
21.550000  0.828782  1.188270
21.600000  0.821219  1.184023
21.650000  0.813663  1.179789
21.700000  0.806590  1.175229
21.750000  0.799523  1.170683
21.800000  0.792944  1.165842
21.850000  0.786368  1.161014
21.900000  0.780282  1.155921
21.950000  0.774199  1.150841
22.000000  0.768604  1.145526
22.050000  0.763011  1.140225
22.100000  0.757905  1.134717
22.150000  0.752799  1.129223
22.200000  0.748177  1.123551
22.250000  0.743555  1.117893
22.300000  0.739411  1.112084
22.350000  0.735267  1.106288
22.400000  0.731596  1.100369
22.450000  0.727924  1.094463
22.500000  0.724720  1.088458
22.550000  0.721514  1.082466
22.600000  0.718769  1.076400
22.650000  0.716024  1.070346
22.700000  0.713733  1.064242
22.750000  0.711440  1.058149
22.800000  0.709596  1.052029
22.850000  0.707750  1.045918
22.900000  0.706346  1.039802
22.950000  0.704940  1.033695
23.000000  0.703970  1.027602
23.050000  0.702999  1.021518
23.100000  0.702458  1.015466
23.150000  0.701915  1.009423
23.200000  0.701796  1.003430
23.250000  0.701676  0.997446
23.300000  0.701976  0.991528
23.350000  0.702273  0.985618
23.400000  0.702986  0.979790
23.450000  0.703696  0.973970
23.500000  0.704817  0.968246
23.550000  0.705936  0.962530
23.600000  0.707462  0.956925
23.650000  0.708986  0.951326
23.700000  0.710913  0.945851
23.750000  0.712838  0.940382
23.800000  0.715163  0.935049
23.850000  0.717486  0.929722
23.900000  0.720205  0.924543
23.950000  0.722923  0.919369
24.000000  0.726034  0.914353
24.050000  0.729144  0.909343
24.100000  0.732645  0.904501
24.150000  0.736143  0.899665
24.200000  0.740031  0.895006
24.250000  0.743916  0.890352
24.300000  0.748188  0.885886
24.350000  0.752457  0.881424
24.400000  0.757110  0.877158
24.450000  0.761760  0.872897
24.500000  0.766792  0.868840
24.550000  0.771821  0.864787
24.600000  0.777228  0.860946
24.650000  0.782632  0.857111
24.700000  0.788411  0.853494
24.750000  0.794187  0.849882
24.800000  0.800333  0.846497
24.850000  0.806476  0.843117
24.900000  0.812986  0.839971
24.950000  0.819491  0.836829
25.000000  0.826357  0.833929
25.050000  0.833219  0.831033
25.100000  0.840436  0.828385
25.150000  0.847648  0.825741
25.200000  0.855207  0.823353
25.250000  0.862760  0.820968
25.300000  0.870653  0.818846
25.350000  0.878539  0.816727
25.400000  0.886754  0.814878
25.450000  0.894962  0.813032
25.500000  0.903487  0.811462
25.550000  0.912004  0.809895
25.600000  0.920825  0.808611
25.650000  0.929637  0.807331
25.700000  0.938736  0.806339
25.750000  0.947826  0.805351
25.800000  0.957185  0.804658
25.850000  0.966534  0.803969
25.900000  0.976132  0.803582
25.950000  0.985719  0.803198
26.000000  0.995532  0.803123
26.050000  1.005331  0.803051
26.100000  1.015331  0.803294
26.150000  1.025318  0.803541
26.200000  1.035475  0.804108
26.250000  1.045617  0.804679
26.300000  1.055898  0.805576
26.350000  1.066163  0.806477
26.400000  1.076531  0.807711
26.450000  1.086881  0.808947
26.500000  1.097296  0.810522
26.550000  1.107692  0.812099
26.600000  1.118109  0.814020
26.650000  1.128507  0.815943
26.700000  1.138880  0.818214
26.750000  1.149232  0.820487
26.800000  1.159511  0.823112
26.850000  1.169766  0.825738
26.900000  1.179895  0.828719
26.950000  1.190000  0.831701
27.000000  1.199923  0.835040
27.050000  1.209820  0.838379
27.100000  1.219476  0.842077
27.150000  1.229105  0.845773
27.200000  1.238432  0.849827
27.250000  1.247731  0.853880
27.300000  1.256664  0.858289
27.350000  1.265568  0.862695
27.400000  1.274041  0.867453
27.450000  1.282484  0.872207
27.500000  1.290430  0.877308
27.550000  1.298346  0.882404
27.600000  1.305698  0.887839
27.650000  1.313020  0.893267
27.700000  1.319712  0.899023
27.750000  1.326375  0.904772
27.800000  1.332343  0.910835
27.850000  1.338283  0.916889
27.900000  1.343466  0.923242
27.950000  1.348622  0.929584
28.000000  1.352962  0.936205
28.050000  1.357278  0.942814
28.100000  1.360724  0.949679
28.150000  1.364148  0.956530
28.200000  1.366654  0.963611
28.250000  1.369140  0.970678
28.300000  1.370669  0.977944
28.350000  1.372180  0.985194
28.400000  1.372700  0.992611
28.450000  1.373207  1.000010
28.500000  1.372699  1.007539
28.550000  1.372181  1.015049
28.600000  1.370634  1.022650
28.650000  1.369082  1.030231
28.700000  1.366495  1.037860
28.750000  1.363908  1.045467
28.800000  1.360294  1.053078
28.850000  1.356684  1.060667
28.900000  1.352063  1.068211
28.950000  1.347452  1.075733
29.000000  1.341859  1.083162
29.050000  1.336279  1.090567
29.100000  1.329756  1.097831
29.150000  1.323252  1.105071
29.200000  1.315853  1.112120
29.250000  1.308476  1.119145
29.300000  1.300263  1.125929
29.350000  1.292076  1.132690
29.400000  1.283118  1.139162
29.450000  1.274190  1.145613
29.500000  1.264564  1.151727
29.550000  1.254971  1.157821
29.600000  1.244758  1.163535
29.650000  1.234580  1.169231
29.700000  1.223865  1.174506
29.750000  1.213187  1.179765
29.800000  1.202056  1.184567
29.850000  1.190963  1.189354
29.900000  1.179505  1.193652
29.950000  1.168084  1.197937
30.000000  1.156384  1.201706
30.050000  1.144722  1.205464
30.100000  1.132864  1.208684
30.150000  1.121044  1.211896
30.200000  1.109110  1.214552
30.250000  1.097212  1.217202
30.300000  1.085278  1.219285
30.350000  1.073379  1.221365
30.400000  1.061517  1.222870
30.450000  1.049688  1.224374
30.500000  1.037965  1.225303
30.550000  1.026272  1.226234
30.600000  1.014747  1.226592
30.650000  1.003251  1.226954
30.700000  0.991978  1.226752
30.750000  0.980732  1.226555
30.800000  0.969759  1.225806
30.850000  0.958810  1.225065
30.900000  0.948180  1.223788
30.950000  0.937570  1.222519
31.000000  0.927317  1.220735
31.050000  0.917083  1.218960
31.100000  0.907237  1.216692
31.150000  0.897407  1.214435
31.200000  0.887993  1.211708
31.250000  0.878593  1.208994
31.300000  0.869631  1.205837
31.350000  0.860681  1.202693
31.400000  0.852186  1.199135
31.450000  0.843701  1.195590
31.500000  0.835684  1.191660
31.550000  0.827675  1.187744
31.600000  0.820145  1.183473
31.650000  0.812621  1.179216
31.700000  0.805581  1.174634
31.750000  0.798547  1.170067
31.800000  0.792001  1.165206
31.850000  0.785458  1.160359
31.900000  0.779405  1.155248
31.950000  0.773355  1.150151
32.000000  0.767793  1.144821
32.050000  0.762233  1.139504
32.100000  0.757160  1.133984
32.150000  0.752087  1.128476
32.200000  0.747497  1.122793
32.250000  0.742908  1.117123
32.300000  0.738796  1.111305
32.350000  0.734684  1.105499
32.400000  0.731045  1.099573
32.450000  0.727405  1.093658
32.500000  0.724232  1.087648
32.550000  0.721058  1.081649
32.600000  0.718345  1.075579
32.650000  0.715630  1.069520
32.700000  0.713370  1.063413
32.750000  0.711108  1.057317
32.800000  0.709294  1.051195
32.850000  0.707478  1.045084
32.900000  0.706104  1.038967
32.950000  0.704729  1.032860
33.000000  0.703789  1.026768
33.050000  0.702847  1.020685
33.100000  0.702335  1.014636
33.150000  0.701821  1.008596
33.200000  0.701731  1.002606
33.250000  0.701640  0.996625
33.300000  0.701968  0.990712
33.350000  0.702294  0.984807
33.400000  0.703035  0.978985
33.450000  0.703774  0.973170
33.500000  0.704923  0.967454
33.550000  0.706071  0.961744
33.600000  0.707625  0.956146
33.650000  0.709176  0.950555
33.700000  0.711131  0.945089
33.750000  0.713084  0.939628
33.800000  0.715436  0.934305
33.850000  0.717786  0.928987
33.900000  0.720533  0.923818
33.950000  0.723278  0.918654
34.000000  0.726417  0.913649
34.050000  0.729553  0.908650
34.100000  0.733081  0.903820
34.150000  0.736607  0.898995
34.200000  0.740521  0.894348
34.250000  0.744433  0.889707
34.300000  0.748732  0.885253
34.350000  0.753028  0.880804
34.400000  0.757708  0.876552
34.450000  0.762385  0.872304
34.500000  0.767443  0.868261
34.550000  0.772498  0.864222
34.600000  0.777932  0.860396
34.650000  0.783362  0.856575
34.700000  0.789167  0.852974
34.750000  0.794969  0.849377
34.800000  0.801141  0.846008
34.850000  0.807310  0.842643
34.900000  0.813845  0.839513
34.950000  0.820375  0.836387
35.000000  0.827267  0.833503
35.050000  0.834154  0.830624
35.100000  0.841396  0.827993
35.150000  0.848632  0.825367
35.200000  0.856216  0.822996
35.250000  0.863793  0.820629
35.300000  0.871710  0.818525
35.350000  0.879619  0.816425
35.400000  0.887857  0.814594
35.450000  0.896088  0.812767
35.500000  0.904635  0.811215
35.550000  0.913174  0.809668
35.600000  0.922016  0.808403
35.650000  0.930849  0.807142
35.700000  0.939968  0.806171
35.750000  0.949078  0.805203
35.800000  0.958456  0.804531
35.850000  0.967823  0.803862
35.900000  0.977438  0.803496
35.950000  0.987042  0.803133
36.000000  0.996870  0.803080
36.050000  1.006685  0.803029
36.100000  1.016699  0.803294
36.150000  1.026698  0.803563
36.200000  1.036867  0.804153
36.250000  1.047020  0.804745
36.300000  1.057310  0.805666
36.350000  1.067584  0.806590
36.400000  1.077959  0.807847
36.450000  1.088315  0.809106
36.500000  1.098734  0.810705
36.550000  1.109133  0.812306
36.600000  1.119552  0.814251
36.650000  1.129949  0.816198
36.700000  1.140320  0.818493
36.750000  1.150669  0.820790
36.800000  1.160941  0.823440
36.850000  1.171190  0.826091
36.900000  1.181309  0.829097
36.950000  1.191404  0.832103
37.000000  1.201313  0.835468
37.050000  1.211195  0.838831
37.100000  1.220833  0.842554
37.150000  1.230444  0.846275
37.200000  1.239748  0.850355
37.250000  1.249024  0.854432
37.300000  1.257930  0.858866
37.350000  1.266807  0.863296
37.400000  1.275248  0.868079
37.450000  1.283659  0.872858
37.500000  1.291569  0.877983
37.550000  1.299448  0.883103
37.600000  1.306759  0.888561
37.650000  1.314040  0.894012
37.700000  1.320686  0.899791
37.750000  1.327303  0.905562
37.800000  1.333221  0.911646
37.850000  1.339111  0.917722
37.900000  1.344239  0.924095
37.950000  1.349341  0.930457
38.000000  1.353623  0.937097
38.050000  1.357880  0.943724
38.100000  1.361264  0.950606
38.150000  1.364626  0.957475
38.200000  1.367067  0.964571
38.250000  1.369489  0.971652
38.300000  1.370949  0.978932
38.350000  1.372394  0.986194
38.400000  1.372844  0.993622
38.450000  1.373282  1.001031
38.500000  1.372702  1.008568
38.550000  1.372114  1.016086
38.600000  1.370495  1.023692
38.650000  1.368872  1.031278
38.700000  1.366214  1.038909
38.750000  1.363556  1.046518
38.800000  1.359871  1.054128
38.850000  1.356190  1.061715
38.900000  1.351501  1.069254
38.950000  1.346821  1.076771
39.000000  1.341161  1.084192
39.050000  1.335516  1.091590
39.100000  1.328929  1.098842
39.150000  1.322362  1.106071
39.200000  1.314903  1.113104
39.250000  1.307467  1.120115
39.300000  1.299198  1.126880
39.350000  1.290956  1.133623
39.400000  1.281948  1.140074
39.450000  1.272970  1.146503
39.500000  1.263299  1.152592
39.550000  1.253660  1.158662
39.600000  1.243408  1.164348
39.650000  1.233190  1.170017
39.700000  1.222442  1.175262
39.750000  1.211729  1.180490
39.800000  1.200571  1.185260
39.850000  1.189450  1.190014
39.900000  1.177970  1.194278
39.950000  1.166527  1.198528
40.000000  1.154811  1.202261
40.050000  1.143132  1.205984
40.100000  1.131264  1.209166
40.150000  1.119433  1.212340
40.200000  1.107494  1.214957
40.250000  1.095591  1.217569
40.300000  1.083658  1.219613
40.350000  1.071758  1.221654
40.400000  1.059902  1.223120
40.450000  1.048077  1.224585
40.500000  1.036363  1.225475
40.550000  1.024680  1.226366
40.600000  1.013168  1.226685
40.650000  1.001685  1.227008
40.700000  0.990429  1.226768
40.750000  0.979199  1.226533
40.800000  0.968247  1.225747
40.850000  0.957318  1.224969
40.900000  0.946710  1.223656
40.950000  0.936124  1.222352
41.000000  0.925896  1.220533
41.050000  0.915686  1.218724
41.100000  0.905867  1.216423
41.150000  0.896065  1.214132
41.200000  0.886680  1.211375
41.250000  0.877309  1.208629
41.300000  0.868376  1.205443
41.350000  0.859456  1.202270
41.400000  0.850992  1.198685
41.450000  0.842538  1.195112
41.500000  0.834553  1.191157
41.550000  0.826577  1.187216
41.600000  0.819078  1.182922
41.650000  0.811587  1.178641
41.700000  0.804580  1.174039
41.750000  0.797579  1.169450
41.800000  0.791065  1.164570
41.850000  0.784556  1.159703
41.900000  0.778536  1.154576
41.950000  0.772518  1.149462
42.000000  0.766989  1.144116
42.050000  0.761463  1.138785
42.100000  0.756421  1.133251
42.150000  0.751382  1.127730
42.200000  0.746824  1.122036
42.250000  0.742267  1.116354
42.300000  0.738187  1.110527
42.350000  0.734108  1.104712
42.400000  0.730500  1.098778
42.450000  0.726893  1.092855
42.500000  0.723751  1.086839
42.550000  0.720608  1.080834
42.600000  0.717926  1.074760
42.650000  0.715242  1.068697
42.700000  0.713012  1.062587
42.750000  0.710781  1.056488
42.800000  0.708997  1.050365
42.850000  0.707212  1.044252
42.900000  0.705868  1.038135
42.950000  0.704522  1.032028
43.000000  0.703611  1.025937
43.050000  0.702699  1.019856
43.100000  0.702216  1.013809
43.150000  0.701731  1.007771
43.200000  0.701671  1.001786
43.250000  0.701608  0.995808
43.300000  0.701965  0.989900
43.350000  0.702319  0.984000
43.400000  0.703089  0.978183
43.450000  0.703855  0.972375
43.500000  0.705033  0.966665
43.550000  0.706208  0.960962
43.600000  0.707790  0.955372
43.650000  0.709369  0.949789
43.700000  0.711352  0.944330
43.750000  0.713332  0.938879
43.800000  0.715712  0.933565
43.850000  0.718089  0.928257
43.900000  0.720863  0.923097
43.950000  0.723635  0.917944
44.000000  0.726801  0.912950
44.050000  0.729965  0.907961
44.100000  0.733520  0.903142
44.150000  0.737072  0.898329
44.200000  0.741014  0.893695
44.250000  0.744952  0.889065
44.300000  0.749278  0.884624
44.350000  0.753600  0.880188
44.400000  0.758307  0.875949
44.450000  0.763010  0.871715
44.500000  0.768095  0.867686
44.550000  0.773177  0.863661
44.600000  0.778637  0.859850
44.650000  0.784093  0.856043
44.700000  0.789924  0.852457
44.750000  0.795751  0.848875
44.800000  0.801950  0.845522
44.850000  0.808144  0.842172
44.900000  0.814705  0.839058
44.950000  0.821261  0.835949
45.000000  0.828177  0.833082
45.050000  0.835089  0.830219
45.100000  0.842356  0.827605
45.150000  0.849617  0.824996
45.200000  0.857224  0.822643
45.250000  0.864826  0.820294
45.300000  0.872766  0.818207
45.350000  0.880699  0.816125
45.400000  0.888960  0.814313
45.450000  0.897213  0.812504
45.500000  0.905782  0.810972
45.550000  0.914343  0.809444
45.600000  0.923205  0.808199
45.650000  0.932059  0.806958
45.700000  0.941198  0.806006
45.750000  0.950327  0.805058
45.800000  0.959724  0.804406
45.850000  0.969110  0.803758
45.900000  0.978742  0.803413
45.950000  0.988362  0.803072
46.000000  0.998206  0.803039
46.050000  1.008036  0.803010
46.100000  1.018063  0.803297
46.150000  1.028076  0.803588
46.200000  1.038255  0.804200
46.250000  1.048420  0.804815
46.300000  1.058719  0.805759
46.350000  1.069001  0.806705
46.400000  1.079382  0.807985
46.450000  1.089745  0.809268
46.500000  1.100167  0.810890
46.550000  1.110570  0.812515
46.600000  1.120989  0.814484
46.650000  1.131387  0.816455
46.700000  1.141755  0.818775
46.750000  1.152101  0.821096
46.800000  1.162366  0.823770
46.850000  1.172609  0.826445
46.900000  1.182718  0.829476
46.950000  1.192802  0.832508
47.000000  1.202696  0.835897
47.050000  1.212564  0.839285
47.100000  1.222184  0.843033
47.150000  1.231776  0.846779
47.200000  1.241057  0.850883
47.250000  1.250310  0.854986
47.300000  1.259189  0.859444
47.350000  1.268038  0.863899
47.400000  1.276447  0.868706
47.450000  1.284826  0.873509
47.500000  1.292699  0.878658
47.550000  1.300541  0.883802
47.600000  1.307811  0.889283
47.650000  1.315050  0.894757
47.700000  1.321651  0.900559
47.750000  1.328222  0.906352
47.800000  1.334089  0.912458
47.850000  1.339929  0.918555
47.900000  1.345002  0.924948
47.950000  1.350049  0.931330
48.000000  1.354273  0.937988
48.050000  1.358472  0.944634
48.100000  1.361794  0.951533
48.150000  1.365094  0.958418
48.200000  1.367471  0.965530
48.250000  1.369827  0.972626
48.300000  1.371220  0.979918
48.350000  1.372597  0.987193
48.400000  1.372978  0.994631
48.450000  1.373347  1.002050
48.500000  1.372697  1.009595
48.550000  1.372038  1.017121
48.600000  1.370348  1.024732
48.650000  1.368653  1.032322
48.700000  1.365924  1.039954
48.750000  1.363195  1.047565
48.800000  1.359440  1.055173
48.850000  1.355690  1.062759
48.900000  1.350932  1.070294
48.950000  1.346184  1.077806
49.000000  1.340458  1.085218
49.050000  1.334746  1.092608
49.100000  1.328097  1.099848
49.150000  1.321467  1.107065
49.200000  1.313949  1.114084
49.250000  1.306454  1.121079
49.300000  1.298130  1.127826
49.350000  1.289833  1.134551
49.400000  1.280775  1.140979
49.450000  1.271747  1.147386
49.500000  1.262032  1.153451
49.550000  1.252349  1.159496
49.600000  1.242057  1.165155
49.650000  1.231801  1.170796
49.700000  1.221019  1.176011
49.750000  1.210273  1.181209
49.800000  1.199087  1.185946
49.850000  1.187939  1.190668
49.900000  1.176437  1.194897
49.950000  1.164973  1.199113
50.000000  1.153241  1.202809
50.050000  1.141547  1.206496
50.100000  1.129668  1.209641
50.150000  1.117827  1.212778
50.200000  1.105884  1.215356
50.250000  1.093976  1.217930
50.300000  1.082043  1.219935
50.350000  1.070144  1.221936
50.400000  1.058292  1.223363
50.450000  1.046473  1.224789
50.500000  1.034769  1.225640
50.550000  1.023094  1.226492
50.600000  1.011596  1.226773
50.650000  1.000126  1.227057
50.700000  0.988888  1.226779
50.750000  0.977675  1.226506
50.800000  0.966743  1.225684
50.850000  0.955834  1.224869
50.900000  0.945249  1.223520
50.950000  0.934685  1.222180
51.000000  0.924482  1.220327
51.050000  0.914298  1.218484
51.100000  0.904506  1.216150
51.150000  0.894731  1.213827
51.200000  0.885375  1.211039
51.250000  0.876032  1.208262
51.300000  0.867130  1.205047
51.350000  0.858240  1.201845
51.400000  0.849807  1.198232
51.450000  0.841384  1.194633
51.500000  0.833431  1.190653
51.550000  0.825486  1.186686
51.600000  0.818020  1.182369
51.650000  0.810561  1.178066
51.700000  0.803587  1.173442
51.750000  0.796618  1.168833
51.800000  0.790137  1.163933
51.850000  0.783661  1.159048
51.900000  0.777673  1.153903
51.950000  0.771689  1.148773
52.000000  0.766193  1.143412
52.050000  0.760699  1.138066
52.100000  0.755690  1.132519
52.150000  0.750683  1.126985
52.200000  0.746158  1.121280
52.250000  0.741633  1.115587
52.300000  0.737585  1.109750
52.350000  0.733538  1.103926
52.400000  0.729962  1.097984
52.450000  0.726386  1.092054
52.500000  0.723275  1.086032
52.550000  0.720164  1.080022
52.600000  0.717512  1.073943
52.650000  0.714860  1.067876
52.700000  0.712660  1.061763
52.750000  0.710459  1.055662
52.800000  0.708706  1.049537
52.850000  0.706950  1.043422
52.900000  0.705636  1.037306
52.950000  0.704320  1.031199
53.000000  0.703438  1.025110
53.050000  0.702555  1.019030
53.100000  0.702102  1.012986
53.150000  0.701646  1.006950
53.200000  0.701614  1.000968
53.250000  0.701580  0.994995
53.300000  0.701965  0.989091
53.350000  0.702348  0.983196
53.400000  0.703145  0.977385
53.450000  0.703940  0.971583
53.500000  0.705146  0.965880
53.550000  0.706349  0.960184
53.600000  0.707958  0.954601
53.650000  0.709565  0.949025
53.700000  0.711575  0.943576
53.750000  0.713583  0.938133
53.800000  0.715990  0.932828
53.850000  0.718395  0.927529
53.900000  0.721196  0.922380
53.950000  0.723995  0.917237
54.000000  0.727188  0.912254
54.050000  0.730378  0.907276
54.100000  0.733960  0.902469
54.150000  0.737540  0.897667
54.200000  0.741508  0.893045
54.250000  0.745473  0.888428
54.300000  0.749825  0.884000
54.350000  0.754174  0.879577
54.400000  0.758907  0.875351
54.450000  0.763637  0.871130
54.500000  0.768748  0.867115
54.550000  0.773856  0.863104
54.600000  0.779342  0.859307
54.650000  0.784824  0.855515
54.700000  0.790682  0.851944
54.750000  0.796535  0.848377
54.800000  0.802759  0.845039
54.850000  0.808979  0.841706
54.900000  0.815565  0.838608
54.950000  0.822146  0.835514
55.000000  0.829088  0.832664
55.050000  0.836025  0.829818
55.100000  0.843315  0.827221
55.150000  0.850601  0.824629
55.200000  0.858232  0.822293
55.250000  0.865858  0.819962
55.300000  0.873821  0.817893
55.350000  0.881778  0.815829
55.400000  0.890061  0.814035
55.450000  0.898337  0.812246
55.500000  0.906928  0.810732
55.550000  0.915510  0.809223
55.600000  0.924393  0.807998
55.650000  0.933268  0.806776
55.700000  0.942426  0.805844
55.750000  0.951575  0.804916
55.800000  0.960990  0.804285
55.850000  0.970394  0.803657
55.900000  0.980043  0.803333
55.950000  0.989680  0.803013
56.000000  0.999539  0.803002
56.050000  1.009384  0.802994
56.100000  1.019424  0.803303
56.150000  1.029450  0.803615
56.200000  1.039641  0.804250
56.250000  1.049816  0.804887
56.300000  1.060124  0.805854
56.350000  1.070415  0.806823
56.400000  1.080802  0.808126
56.450000  1.091171  0.809432
56.500000  1.101596  0.811078
56.550000  1.112002  0.812726
56.600000  1.122421  0.814719
56.650000  1.132819  0.816714
56.700000  1.143184  0.819058
56.750000  1.153527  0.821404
56.800000  1.163786  0.824102
56.850000  1.174021  0.826802
56.900000  1.184120  0.829858
56.950000  1.194193  0.832914
57.000000  1.204073  0.836328
57.050000  1.213927  0.839741
57.100000  1.223527  0.843513
57.150000  1.233100  0.847284
57.200000  1.242359  0.851413
57.250000  1.251588  0.855540
57.300000  1.260439  0.860023
57.350000  1.269261  0.864503
57.400000  1.277637  0.869334
57.450000  1.285984  0.874161
57.500000  1.293820  0.879334
57.550000  1.301626  0.884501
57.600000  1.308853  0.890006
57.650000  1.316052  0.895503
57.700000  1.322606  0.901327
57.750000  1.329131  0.907142
57.800000  1.334948  0.913269
57.850000  1.340737  0.919387
57.900000  1.345756  0.925800
57.950000  1.350749  0.932202
58.000000  1.354914  0.938879
58.050000  1.359054  0.945543
58.100000  1.362315  0.952459
58.150000  1.365553  0.959361
58.200000  1.367864  0.966487
58.250000  1.370156  0.973597
58.300000  1.371482  0.980902
58.350000  1.372791  0.988190
58.400000  1.373103  0.995638
58.450000  1.373402  1.003067
58.500000  1.372682  1.010620
58.550000  1.371953  1.018152
58.600000  1.370191  1.025768
58.650000  1.368426  1.033362
58.700000  1.365626  1.040996
58.750000  1.362827  1.048609
58.800000  1.359001  1.056215
58.850000  1.355182  1.063799
58.900000  1.350355  1.071329
58.950000  1.345540  1.078836
59.000000  1.339748  1.086240
59.050000  1.333971  1.093621
59.100000  1.327259  1.100849
59.150000  1.320566  1.108055
59.200000  1.312990  1.115058
59.250000  1.305436  1.122038
59.300000  1.297059  1.128766
59.350000  1.288708  1.135472
59.400000  1.279600  1.141879
59.450000  1.270523  1.148264
59.500000  1.260763  1.154304
59.550000  1.251036  1.160324
59.600000  1.240706  1.165955
59.650000  1.230411  1.171568
59.700000  1.219596  1.176753
59.750000  1.208817  1.181921
59.800000  1.197605  1.186625
59.850000  1.186430  1.191315
59.900000  1.174907  1.195509
59.950000  1.163421  1.199691
60.000000  1.151674  1.203351
60.050000  1.139964  1.207002
60.100000  1.128077  1.210109
60.150000  1.116226  1.213209
60.200000  1.104278  1.215749
60.250000  1.092366  1.218285
60.300000  1.080433  1.220250
60.350000  1.068535  1.222213
60.400000  1.056689  1.223601
60.450000  1.044875  1.224988
60.500000  1.033181  1.225800
60.550000  1.021516  1.226613
60.600000  1.010032  1.226855
60.650000  0.998575  1.227101
60.700000  0.987354  1.226785
60.750000  0.976158  1.226475
60.800000  0.965246  1.225616
60.850000  0.954358  1.224764
60.900000  0.943796  1.223380
60.950000  0.933255  1.222004
61.000000  0.923077  1.220117
61.050000  0.912918  1.218240
61.100000  0.903154  1.215874
61.150000  0.893405  1.213519
61.200000  0.884078  1.210699
61.250000  0.874764  1.207892
61.300000  0.865892  1.204649
61.350000  0.857032  1.201417
61.400000  0.848630  1.197778
61.450000  0.840238  1.194152
61.500000  0.832317  1.190147
61.550000  0.824404  1.186155
61.600000  0.816970  1.181815
61.650000  0.809543  1.177489
61.700000  0.802601  1.172845
61.750000  0.795665  1.168215
61.800000  0.789217  1.163297
61.850000  0.782773  1.158393
61.900000  0.776819  1.153231
61.950000  0.770867  1.148084
62.000000  0.765403  1.142709
62.050000  0.759942  1.137347
62.100000  0.754966  1.131788
62.150000  0.749991  1.126241
62.200000  0.745498  1.120525
62.250000  0.741005  1.114821
62.300000  0.736989  1.108975
62.350000  0.732974  1.103142
62.400000  0.729429  1.097193
62.450000  0.725885  1.091255
62.500000  0.722805  1.085228
62.550000  0.719725  1.079211
62.600000  0.717104  1.073128
62.650000  0.714482  1.067057
62.700000  0.712313  1.060942
62.750000  0.710143  1.054838
62.800000  0.708419  1.048712
62.850000  0.706694  1.042596
62.900000  0.705409  1.036480
62.950000  0.704122  1.030373
63.000000  0.703270  1.024285
63.050000  0.702416  1.018207
63.100000  0.701991  1.012165
63.150000  0.701564  1.006133
63.200000  0.701561  1.000155
63.250000  0.701556  0.994185
63.300000  0.701969  0.988286
63.350000  0.702380  0.982395
63.400000  0.703205  0.976591
63.450000  0.704029  0.970794
63.500000  0.705262  0.965098
63.550000  0.706492  0.959409
63.600000  0.708129  0.953834
63.650000  0.709764  0.948266
63.700000  0.711801  0.942825
63.750000  0.713836  0.937391
63.800000  0.716271  0.932095
63.850000  0.718702  0.926806
63.900000  0.721531  0.921667
63.950000  0.724357  0.916534
64.000000  0.727577  0.911562
64.050000  0.730794  0.906595
64.100000  0.734403  0.901799
64.150000  0.738009  0.897009
64.200000  0.742004  0.892399
64.250000  0.745996  0.887794
64.300000  0.750374  0.883379
64.350000  0.754750  0.878968
64.400000  0.759509  0.874756
64.450000  0.764265  0.870549
64.500000  0.769403  0.866547
64.550000  0.774537  0.862551
64.600000  0.780049  0.858768
64.650000  0.785557  0.854991
64.700000  0.791440  0.851434
64.750000  0.797319  0.847883
64.800000  0.803568  0.844560
64.850000  0.809814  0.841242
64.900000  0.816425  0.838161
64.950000  0.823031  0.835083
65.000000  0.829998  0.832249
65.050000  0.836960  0.829420
65.100000  0.844275  0.826840
65.150000  0.851585  0.824265
65.200000  0.859240  0.821947
65.250000  0.866890  0.819633
65.300000  0.874876  0.817583
65.350000  0.882856  0.815537
65.400000  0.891161  0.813761
65.450000  0.899460  0.811990
65.500000  0.908072  0.810496
65.550000  0.916676  0.809006
65.600000  0.925580  0.807800
65.650000  0.934475  0.806597
65.700000  0.943653  0.805685
65.750000  0.952821  0.804778
65.800000  0.962254  0.804167
65.850000  0.971676  0.803560
65.900000  0.981342  0.803256
65.950000  0.990996  0.802957
66.000000  1.000869  0.802967
66.050000  1.010729  0.802981
66.100000  1.020782  0.803312
66.150000  1.030821  0.803646
66.200000  1.041023  0.804303
66.250000  1.051209  0.804962
66.300000  1.061525  0.805951
66.350000  1.071825  0.806943
66.400000  1.082218  0.808270
66.450000  1.092592  0.809599
66.500000  1.103021  0.811268
66.550000  1.113430  0.812940
66.600000  1.123849  0.814957
66.650000  1.134247  0.816975
66.700000  1.144608  0.819344
66.750000  1.154947  0.821713
66.800000  1.165199  0.824437
66.850000  1.175428  0.827161
66.900000  1.185515  0.830241
66.950000  1.195578  0.833321
67.000000  1.205443  0.836760
67.050000  1.215282  0.840198
67.100000  1.224863  0.843995
67.150000  1.234418  0.847791
67.200000  1.243652  0.851945
67.250000  1.252859  0.856096
67.300000  1.261682  0.860604
67.350000  1.270475  0.865108
67.400000  1.278819  0.869963
67.450000  1.287134  0.874814
67.500000  1.294932  0.880011
67.550000  1.302701  0.885202
67.600000  1.309887  0.890729
67.650000  1.317044  0.896249
67.700000  1.323552  0.902095
67.750000  1.330031  0.907932
67.800000  1.335797  0.914081
67.850000  1.341535  0.920220
67.900000  1.346500  0.926652
67.950000  1.351438  0.933074
68.000000  1.355544  0.939769
68.050000  1.359627  0.946451
68.100000  1.362825  0.953384
68.150000  1.366001  0.960302
68.200000  1.368248  0.967443
68.250000  1.370475  0.974568
68.300000  1.371733  0.981885
68.350000  1.372976  0.989185
68.400000  1.373218  0.996642
68.450000  1.373449  1.004082
68.500000  1.372657  1.011641
68.550000  1.371859  1.019181
68.600000  1.370026  1.026801
68.650000  1.368190  1.034400
68.700000  1.365320  1.042035
68.750000  1.362450  1.049649
68.800000  1.358555  1.057253
68.850000  1.354666  1.064835
68.900000  1.349772  1.072359
68.950000  1.344889  1.079861
69.000000  1.339032  1.087257
69.050000  1.333190  1.094629
69.100000  1.326416  1.101845
69.150000  1.319662  1.109039
69.200000  1.312027  1.116026
69.250000  1.304415  1.122991
69.300000  1.295984  1.129700
69.350000  1.287579  1.136388
69.400000  1.278423  1.142772
69.450000  1.269296  1.149136
69.500000  1.259493  1.155151
69.550000  1.249722  1.161146
69.600000  1.239354  1.166749
69.650000  1.229021  1.172335
69.700000  1.218174  1.177489
69.750000  1.207363  1.182627
69.800000  1.196124  1.187298
69.850000  1.184923  1.191955
69.900000  1.173379  1.196115
69.950000  1.161873  1.200263
70.000000  1.150111  1.203886
70.050000  1.138386  1.207501
70.100000  1.126489  1.210571
70.150000  1.114629  1.213633
70.200000  1.102677  1.216135
70.250000  1.090761  1.218633
70.300000  1.078830  1.220559
70.350000  1.066932  1.222484
70.400000  1.055092  1.223832
70.450000  1.043284  1.225181
70.500000  1.031599  1.225954
70.550000  1.019945  1.226728
70.600000  1.008474  1.226932
70.650000  0.997032  1.227140
70.700000  0.985828  1.226787
70.750000  0.974649  1.226439
70.800000  0.963758  1.225543
70.850000  0.952889  1.224655
70.900000  0.942351  1.223235
70.950000  0.931832  1.221825
71.000000  0.921680  1.219904
71.050000  0.911546  1.217993
71.100000  0.901809  1.215594
71.150000  0.892088  1.213207
71.200000  0.882789  1.210357
71.250000  0.873504  1.207520
71.300000  0.864662  1.204248
71.350000  0.855832  1.200988
71.400000  0.847461  1.197322
71.450000  0.839100  1.193669
71.500000  0.831210  1.189639
71.550000  0.823329  1.185623
71.600000  0.815928  1.181261
71.650000  0.808533  1.176912
71.700000  0.801624  1.172247
71.750000  0.794720  1.167596
71.800000  0.788304  1.162660
71.850000  0.781893  1.157737
71.900000  0.775971  1.152559
71.950000  0.770052  1.147395
72.000000  0.764621  1.142006
72.050000  0.759192  1.136630
72.100000  0.754248  1.131057
72.150000  0.749306  1.125498
72.200000  0.744844  1.119771
72.250000  0.740384  1.114057
72.300000  0.736400  1.108202
72.350000  0.732416  1.102360
72.400000  0.728903  1.096403
72.450000  0.725389  1.090458
72.500000  0.722341  1.084425
72.550000  0.719292  1.078403
72.600000  0.716702  1.072316
72.650000  0.714110  1.066241
72.700000  0.711971  1.060123
72.750000  0.709831  1.054016
72.800000  0.708137  1.047889
72.850000  0.706442  1.041773
72.900000  0.705186  1.035657
72.950000  0.703929  1.029550
73.000000  0.703106  1.023464
73.050000  0.702281  1.017387
73.100000  0.701885  1.011348
73.150000  0.701487  1.005318
73.200000  0.701512  0.999344
73.250000  0.701535  0.993378
73.300000  0.701976  0.987484
73.350000  0.702416  0.981599
73.400000  0.703269  0.975800
73.450000  0.704120  0.970009
73.500000  0.705381  0.964320
73.550000  0.706639  0.958638
73.600000  0.708304  0.953071
73.650000  0.709966  0.947511
73.700000  0.712030  0.942078
73.750000  0.714092  0.936653
73.800000  0.716554  0.931367
73.850000  0.719013  0.926087
73.900000  0.721868  0.920958
73.950000  0.724721  0.915835
74.000000  0.727968  0.910873
74.050000  0.731212  0.905918
74.100000  0.734847  0.901133
74.150000  0.738480  0.896355
74.200000  0.742501  0.891757
74.250000  0.746520  0.887164
74.300000  0.750925  0.882762
74.350000  0.755326  0.878364
74.400000  0.760112  0.874165
74.450000  0.764895  0.869971
74.500000  0.770058  0.865984
74.550000  0.775218  0.862001
74.600000  0.780756  0.858233
74.650000  0.786290  0.854470
74.700000  0.792199  0.850929
74.750000  0.798103  0.847392
74.800000  0.804378  0.844085
74.850000  0.810649  0.840783
74.900000  0.817285  0.837717
74.950000  0.823917  0.834656
75.000000  0.830908  0.831839
75.050000  0.837895  0.829025
75.100000  0.845234  0.826463
75.150000  0.852568  0.823905
75.200000  0.860247  0.821604
75.250000  0.867921  0.819308
75.300000  0.875930  0.817276
75.350000  0.883933  0.815248
75.400000  0.892261  0.813491
75.450000  0.900582  0.811738
75.500000  0.909216  0.810263
75.550000  0.917841  0.808792
75.600000  0.926765  0.807605
75.650000  0.935681  0.806422
75.700000  0.944878  0.805530
75.750000  0.954066  0.804642
75.800000  0.963517  0.804052
75.850000  0.972957  0.803465
75.900000  0.982639  0.803182
75.950000  0.992309  0.802904
76.000000  1.002197  0.802935
76.050000  1.012072  0.802971
76.100000  1.022137  0.803323
76.150000  1.032189  0.803679
76.200000  1.042401  0.804358
76.250000  1.052598  0.805040
76.300000  1.062923  0.806052
76.350000  1.073231  0.807066
76.400000  1.083629  0.808416
76.450000  1.094010  0.809768
76.500000  1.104441  0.811461
76.550000  1.114852  0.813156
76.600000  1.125271  0.815196
76.650000  1.135669  0.817239
76.700000  1.146027  0.819631
76.750000  1.156362  0.822025
76.800000  1.166607  0.824773
76.850000  1.176828  0.827521
76.900000  1.186905  0.830626
76.950000  1.196956  0.833731
77.000000  1.206807  0.837194
77.050000  1.216630  0.840657
77.100000  1.226193  0.844479
77.150000  1.235728  0.848299
77.200000  1.244939  0.852477
77.250000  1.254122  0.856654
77.300000  1.262916  0.861185
77.350000  1.271682  0.865714
77.400000  1.279993  0.870593
77.450000  1.288275  0.875468
77.500000  1.296036  0.880688
77.550000  1.303768  0.885903
77.600000  1.310912  0.891453
77.650000  1.318027  0.896996
77.700000  1.324488  0.902863
77.750000  1.330921  0.908723
77.800000  1.336636  0.914892
77.850000  1.342324  0.921052
77.900000  1.347234  0.927504
77.950000  1.352117  0.933945
78.000000  1.356165  0.940658
78.050000  1.360189  0.947359
78.100000  1.363326  0.954307
78.150000  1.366440  0.961242
78.200000  1.368622  0.968397
78.250000  1.370784  0.975536
78.300000  1.371975  0.982865
78.350000  1.373150  0.990177
78.400000  1.373324  0.997645
78.450000  1.373486  1.005094
78.500000  1.372624  1.012660
78.550000  1.371755  1.020207
78.600000  1.369852  1.027831
78.650000  1.367946  1.035434
78.700000  1.365005  1.043070
78.750000  1.362066  1.050685
78.800000  1.358102  1.058287
78.850000  1.354144  1.065867
78.900000  1.349182  1.073386
78.950000  1.344232  1.080882
79.000000  1.338310  1.088269
79.050000  1.332403  1.095632
79.100000  1.325568  1.102836
79.150000  1.318752  1.110017
79.200000  1.311059  1.116989
79.250000  1.303390  1.123938
79.300000  1.294905  1.130629
79.350000  1.286448  1.137297
79.400000  1.277243  1.143660
79.450000  1.268068  1.150001
79.500000  1.258221  1.155991
79.550000  1.248408  1.161961
79.600000  1.238002  1.167537
79.650000  1.227632  1.173094
79.700000  1.216752  1.178218
79.750000  1.205910  1.183326
79.800000  1.194645  1.187964
79.850000  1.183418  1.192589
79.900000  1.171854  1.196714
79.950000  1.160328  1.200827
80.000000  1.148551  1.204415
80.050000  1.136812  1.207993
80.100000  1.124906  1.211026
80.150000  1.113037  1.214051
80.200000  1.101082  1.216515
80.250000  1.089162  1.218974
80.300000  1.077232  1.220863
80.350000  1.065336  1.222748
80.400000  1.053502  1.224058
80.450000  1.041699  1.225368
80.500000  1.030025  1.226102
80.550000  1.018380  1.226838
80.600000  1.006924  1.227004
80.650000  0.995495  1.227174
80.700000  0.984309  1.226783
80.750000  0.973148  1.226398
80.800000  0.962277  1.225466
80.850000  0.951429  1.224541
80.900000  0.940914  1.223087
80.950000  0.930419  1.221641
81.000000  0.920292  1.219686
81.050000  0.910183  1.217742
81.100000  0.900473  1.215311
81.150000  0.890779  1.212892
81.200000  0.881509  1.210013
81.250000  0.872253  1.207145
81.300000  0.863441  1.203844
81.350000  0.854641  1.200556
81.400000  0.846301  1.196864
81.450000  0.837970  1.193185
81.500000  0.830112  1.189130
81.550000  0.822262  1.185090
81.600000  0.814893  1.180705
81.650000  0.807530  1.176334
81.700000  0.800654  1.171649
81.750000  0.793782  1.166977
81.800000  0.787399  1.162023
81.850000  0.781020  1.157082
81.900000  0.775131  1.151888
81.950000  0.769244  1.146707
82.000000  0.763846  1.141303
82.050000  0.758449  1.135913
82.100000  0.753537  1.130328
82.150000  0.748627  1.124756
82.200000  0.744198  1.119019
82.250000  0.739769  1.113294
82.300000  0.735817  1.107430
82.350000  0.731864  1.101579
82.400000  0.728382  1.095615
82.450000  0.724900  1.089663
82.500000  0.721883  1.083624
82.550000  0.718864  1.077597
82.600000  0.716304  1.071506
82.650000  0.713743  1.065427
82.700000  0.711635  1.059307
82.750000  0.709524  1.053198
82.800000  0.707860  1.047070
82.850000  0.706194  1.040952
82.900000  0.704968  1.034836
82.950000  0.703740  1.028730
83.000000  0.702946  1.022646
83.050000  0.702150  1.016570
83.100000  0.701783  1.010534
83.150000  0.701413  1.004507
83.200000  0.701467  0.998537
83.250000  0.701518  0.992575
83.300000  0.701988  0.986686
83.350000  0.702455  0.980805
83.400000  0.703336  0.975013
83.450000  0.704215  0.969228
83.500000  0.705503  0.963546
83.550000  0.706789  0.957870
83.600000  0.708481  0.952311
83.650000  0.710170  0.946759
83.700000  0.712262  0.941335
83.750000  0.714351  0.935918
83.800000  0.716839  0.930641
83.850000  0.719325  0.925371
83.900000  0.722208  0.920252
83.950000  0.725087  0.915140
84.000000  0.728361  0.910189
84.050000  0.731632  0.905244
84.100000  0.735293  0.900471
84.150000  0.738953  0.895704
84.200000  0.743000  0.891119
84.250000  0.747045  0.886538
84.300000  0.751476  0.882148
84.350000  0.755905  0.877764
84.400000  0.760716  0.873578
84.450000  0.765525  0.869397
84.500000  0.770714  0.865424
84.550000  0.775900  0.861455
84.600000  0.781464  0.857702
84.650000  0.787024  0.853953
84.700000  0.792958  0.850427
84.750000  0.798888  0.846906
84.800000  0.805189  0.843614
84.850000  0.811485  0.840327
84.900000  0.818146  0.837278
84.950000  0.824802  0.834232
85.000000  0.831819  0.831431
85.050000  0.838829  0.828635
85.100000  0.846193  0.826089
85.150000  0.853551  0.823548
85.200000  0.861254  0.821265
85.250000  0.868951  0.818986
85.300000  0.876983  0.816972
85.350000  0.885009  0.814962
85.400000  0.893359  0.813223
85.450000  0.901702  0.811489
85.500000  0.910358  0.810033
85.550000  0.919004  0.808580
85.600000  0.927949  0.807413
85.650000  0.936885  0.806250
85.700000  0.946101  0.805378
85.750000  0.955308  0.804509
85.800000  0.964777  0.803939
85.850000  0.974234  0.803373
85.900000  0.983933  0.803111
85.950000  0.993619  0.802853
86.000000  1.003522  0.802906
86.050000  1.013411  0.802963
86.100000  1.023490  0.803337
86.150000  1.033554  0.803715
86.200000  1.043777  0.804416
86.250000  1.053984  0.805120
86.300000  1.064317  0.806154
86.350000  1.074632  0.807191
86.400000  1.085037  0.808564
86.450000  1.095422  0.809939
86.500000  1.105856  0.811656
86.550000  1.116270  0.813374
86.600000  1.126689  0.815438
86.650000  1.137086  0.817505
86.700000  1.147440  0.819921
86.750000  1.157771  0.822339
86.800000  1.168009  0.825111
86.850000  1.178223  0.827883
86.900000  1.188288  0.831013
86.950000  1.198329  0.834142
87.000000  1.208163  0.837630
87.050000  1.217972  0.841117
87.100000  1.227515  0.844964
87.150000  1.237030  0.848809
87.200000  1.246218  0.853011
87.250000  1.255377  0.857212
87.300000  1.264143  0.861768
87.350000  1.272880  0.866321
87.400000  1.281159  0.871224
87.450000  1.289408  0.876123
87.500000  1.297132  0.881366
87.550000  1.304826  0.886604
87.600000  1.311928  0.892177
87.650000  1.319001  0.897743
87.700000  1.325416  0.903632
87.750000  1.331802  0.909513
87.800000  1.337467  0.915703
87.850000  1.343104  0.921883
87.900000  1.347959  0.928355
87.950000  1.352787  0.934816
88.000000  1.356777  0.941547
88.050000  1.360742  0.948265
88.100000  1.363816  0.955230
88.150000  1.366869  0.962180
88.200000  1.368986  0.969350
88.250000  1.371084  0.976503
88.300000  1.372207  0.983844
88.350000  1.373316  0.991168
88.400000  1.373420  0.998645
88.450000  1.373513  1.006103
88.500000  1.372582  1.013677
88.550000  1.371643  1.021230
88.600000  1.369670  1.028858
88.650000  1.367694  1.036465
88.700000  1.364683  1.044102
88.750000  1.361673  1.051717
88.800000  1.357640  1.059317
88.850000  1.353614  1.066894
88.900000  1.348586  1.074408
88.950000  1.343568  1.081898
89.000000  1.337582  1.089276
89.050000  1.331611  1.096631
89.100000  1.324714  1.103822
89.150000  1.317838  1.110991
89.200000  1.310088  1.117947
89.250000  1.302362  1.124880
89.300000  1.293824  1.131552
89.350000  1.285313  1.138201
89.400000  1.276061  1.144542
89.450000  1.266838  1.150861
89.500000  1.256949  1.156825
89.550000  1.247093  1.162770
89.600000  1.236650  1.168318
89.650000  1.226242  1.173848
89.700000  1.215332  1.178941
89.750000  1.204458  1.184018
89.800000  1.193168  1.188624
89.850000  1.181915  1.193216
89.900000  1.170331  1.197307
89.950000  1.158786  1.201385
90.000000  1.146995  1.204937
90.050000  1.135242  1.208480
90.100000  1.123328  1.211475
90.150000  1.111450  1.214463
90.200000  1.099491  1.216889
90.250000  1.087568  1.219310
90.300000  1.075640  1.221160
90.350000  1.063745  1.223007
90.400000  1.051917  1.224278
90.450000  1.040121  1.225549
90.500000  1.028457  1.226245
90.550000  1.016823  1.226943
90.600000  1.005381  1.227071
90.650000  0.993967  1.227203
90.700000  0.982798  1.226774
90.750000  0.971655  1.226352
90.800000  0.960805  1.225384
90.850000  0.949977  1.224423
90.900000  0.939485  1.222934
90.950000  0.929013  1.221454
91.000000  0.918912  1.219466
91.050000  0.908828  1.217488
91.100000  0.899146  1.215026
91.150000  0.889479  1.212575
91.200000  0.880238  1.209665
91.250000  0.871010  1.206768
91.300000  0.862228  1.203439
91.350000  0.853457  1.200123
91.400000  0.845148  1.196404
91.450000  0.836849  1.192698
91.500000  0.829022  1.188620
91.550000  0.821204  1.184556
91.600000  0.813867  1.180148
91.650000  0.806536  1.175755
91.700000  0.799691  1.171050
91.750000  0.792852  1.166358
91.800000  0.786502  1.161385
91.850000  0.780155  1.156426
91.900000  0.774298  1.151216
91.950000  0.768444  1.146019
92.000000  0.763077  1.140601
92.050000  0.757713  1.135197
92.100000  0.752833  1.129600
92.150000  0.747955  1.124016
92.200000  0.743557  1.118267
92.250000  0.739160  1.112532
92.300000  0.735239  1.106660
92.350000  0.731318  1.100800
92.400000  0.727868  1.094829
92.450000  0.724417  1.088870
92.500000  0.721430  1.082826
92.550000  0.718442  1.076793
92.600000  0.715913  1.070699
92.650000  0.713382  1.064616
92.700000  0.711303  1.058493
92.750000  0.709223  1.052382
92.800000  0.707588  1.046253
92.850000  0.705952  1.040134
92.900000  0.704755  1.034019
92.950000  0.703556  1.027913
93.000000  0.702791  1.021830
93.050000  0.702024  1.015756
93.100000  0.701685  1.009724
93.150000  0.701344  1.003699
93.200000  0.701425  0.997733
93.250000  0.701505  0.991775
93.300000  0.702002  0.985891
93.350000  0.702498  0.980016
93.400000  0.703406  0.974229
93.450000  0.704313  0.968450
93.500000  0.705628  0.962775
93.550000  0.706942  0.957107
93.600000  0.708661  0.951555
93.650000  0.710377  0.946011
93.700000  0.712496  0.940596
93.750000  0.714612  0.935187
93.800000  0.717127  0.929920
93.850000  0.719640  0.924659
93.900000  0.722549  0.919551
93.950000  0.725456  0.914448
94.000000  0.728756  0.909508
94.050000  0.732053  0.904574
94.100000  0.735741  0.899813
94.150000  0.739427  0.895058
94.200000  0.743501  0.890484
94.250000  0.747572  0.885916
94.300000  0.752030  0.881539
94.350000  0.756484  0.877167
94.400000  0.761322  0.872995
94.450000  0.766156  0.868828
94.500000  0.771372  0.864868
94.550000  0.776583  0.860913
94.600000  0.782173  0.857174
94.650000  0.787759  0.853440
94.700000  0.793718  0.849929
94.750000  0.799674  0.846422
94.800000  0.805999  0.843147
94.850000  0.812321  0.839875
94.900000  0.819007  0.836841
94.950000  0.825688  0.833812
95.000000  0.832729  0.831028
95.050000  0.839764  0.828248
95.100000  0.847152  0.825719
95.150000  0.854534  0.823195
95.200000  0.862260  0.820929
95.250000  0.869981  0.818668
95.300000  0.878036  0.816672
95.350000  0.886084  0.814679
95.400000  0.894457  0.812959
95.450000  0.902822  0.811243
95.500000  0.911498  0.809806
95.550000  0.920166  0.808373
95.600000  0.929131  0.807225
95.650000  0.938087  0.806080
95.700000  0.947323  0.805228
95.750000  0.956548  0.804380
95.800000  0.966035  0.803830
95.850000  0.975510  0.803284
95.900000  0.985224  0.803043
95.950000  0.994927  0.802806
96.000000  1.004844  0.802880
96.050000  1.014747  0.802958
96.100000  1.024839  0.803354
96.150000  1.034915  0.803753
96.200000  1.045148  0.804477
96.250000  1.055366  0.805203
96.300000  1.065707  0.806260
96.350000  1.076030  0.807319
96.400000  1.086440  0.808715
96.450000  1.096831  0.810113
96.500000  1.107267  0.811853
96.550000  1.117683  0.813594
96.600000  1.128101  0.815683
96.650000  1.138498  0.817772
96.700000  1.148848  0.820213
96.750000  1.159175  0.822655
96.800000  1.169405  0.825451
96.850000  1.179611  0.828248
96.900000  1.189665  0.831401
96.950000  1.199694  0.834555
97.000000  1.209514  0.838068
97.050000  1.219307  0.841579
97.100000  1.228830  0.845450
97.150000  1.238326  0.849319
97.200000  1.247489  0.853547
97.250000  1.256624  0.857772
97.300000  1.265362  0.862352
97.350000  1.274071  0.866928
97.400000  1.282316  0.871856
97.450000  1.290532  0.876779
97.500000  1.298218  0.882045
97.550000  1.305875  0.887306
97.600000  1.312935  0.892901
97.650000  1.319965  0.898490
97.700000  1.326334  0.904401
97.750000  1.332674  0.910303
97.800000  1.338287  0.916514
97.850000  1.343874  0.922715
97.900000  1.348674  0.929206
97.950000  1.353447  0.935686
98.000000  1.357378  0.942435
98.050000  1.361285  0.949171
98.100000  1.364297  0.956151
98.150000  1.367289  0.963118
98.200000  1.369340  0.970301
98.250000  1.371374  0.977468
98.300000  1.372430  0.984821
98.350000  1.373472  0.992157
98.400000  1.373508  0.999643
98.450000  1.373532  1.007110
98.500000  1.372531  1.014691
98.550000  1.371523  1.022251
98.600000  1.369479  1.029882
98.650000  1.367433  1.037492
98.700000  1.364352  1.045130
98.750000  1.361274  1.052746
98.800000  1.357172  1.060344
98.850000  1.353077  1.067918
98.900000  1.347982  1.075426
98.950000  1.342899  1.082911
99.000000  1.336848  1.090279
99.050000  1.330814  1.097624
99.100000  1.323856  1.104803
99.150000  1.316919  1.111959
99.200000  1.309112  1.118899
99.250000  1.301329  1.125817
99.300000  1.292739  1.132469
99.350000  1.284177  1.139100
99.400000  1.274876  1.145417
99.450000  1.265607  1.151714
99.500000  1.255675  1.157654
99.550000  1.245777  1.163573
99.600000  1.235298  1.169093
99.650000  1.224854  1.174594
99.700000  1.213912  1.179657
99.750000  1.203008  1.184704
99.800000  1.191692  1.189277
99.850000  1.180414  1.193837
99.900000  1.168812  1.197893
99.950000  1.157247  1.201937
100.000000  1.145442  1.205453
